                 4.848529                 0.000005
                 9.487004                 0.000020
                17.212119                 0.000044
                28.015600                 0.000079
                41.885706                 0.000123
                58.807353                 0.000177
                78.762138                 0.000241
               101.728360                 0.000314
               127.680878                 0.000397
               156.591498                 0.000489
               188.429092                 0.000591
               223.159137                 0.000702
               260.743808                 0.000822
               301.142464                 0.000952
               344.311517                 0.001090
               376.781988                 0.001237
               399.910707                 0.001393
               422.705672                 0.001557
               445.520243                 0.001729
               468.253447                 0.001910
               490.801563                 0.002098
               513.029177                 0.002295
               534.814502                 0.002499
               556.021665                 0.002710
               576.484592                 0.002929
               595.658077                 0.003155
               612.239484                 0.003387
               626.581361                 0.003626
               639.383798                 0.003871
               650.486626                 0.004122
               660.182571                 0.004379
               668.817799                 0.004642
               676.270871                 0.004910
               682.106385                 0.005182
               686.629992                 0.005460
               689.965385                 0.005742
               692.193915                 0.006028
               693.070459                 0.006319
               692.637582                 0.006613
               690.871145                 0.006910
               687.713681                 0.007210
               680.977524                 0.007513
               674.982084                 0.007819
               667.721396                 0.008126
               659.509724                 0.008436
               650.451264                 0.008747
               640.802092                 0.009059
               630.551618                 0.009372
               619.932132                 0.009686
               608.842933                 0.010000
