     0.000000    -0.010000     0.000065
     0.052632    -0.010000     0.000045
     0.105263    -0.010000     0.000023
     0.157895    -0.010000     0.000006
     0.210526    -0.010000     0.000000
     0.263158    -0.010000     0.000000
     0.315789    -0.010000     0.000000
     0.368421    -0.010000     0.000000
     0.421053    -0.010000     0.000000
     0.473684    -0.010000     0.000000
     0.526316    -0.010000     0.000000
     0.578947    -0.010000     0.000000
     0.631579    -0.010000     0.000000
     0.684211    -0.010000     0.000000
     0.736842    -0.010000     0.000000
     0.789474    -0.010000     0.000000
     0.842105    -0.010000     0.000006
     0.894737    -0.010000     0.000024
     0.947368    -0.010000     0.000045
     1.000000    -0.010000     0.000065
     0.000124     0.041854     0.000084
     0.052645     0.041763     0.000059
     0.105313     0.041812     0.000033
     0.157891     0.041778     0.000012
     0.210534     0.041778     0.000002
     0.263146     0.041773     0.000000
     0.315798     0.041769     0.000000
     0.368419     0.041765     0.000000
     0.421064     0.041760     0.000000
     0.473679     0.041758     0.000000
     0.526321     0.041758     0.000000
     0.578936     0.041760     0.000000
     0.631581     0.041765     0.000000
     0.684202     0.041769     0.000000
     0.736854     0.041773     0.000000
     0.789466     0.041778     0.000002
     0.842109     0.041778     0.000012
     0.894687     0.041812     0.000033
     0.947355     0.041763     0.000059
     0.999876     0.041854     0.000084
     0.000446     0.093950     0.000104
     0.052821     0.093830     0.000074
     0.105440     0.093768     0.000044
     0.157985     0.093751     0.000017
     0.210638     0.093695     0.000004
     0.263206     0.093639     0.000000
     0.315842     0.093613     0.000000
     0.368429     0.093596     0.000000
     0.421074     0.093598     0.000000
     0.473677     0.093597     0.000000
     0.526324     0.093597     0.000000
     0.578926     0.093598     0.000000
     0.631572     0.093597     0.000000
     0.684158     0.093614     0.000000
     0.736794     0.093639     0.000000
     0.789362     0.093695     0.000004
     0.842015     0.093751     0.000017
     0.894560     0.093768     0.000044
     0.947179     0.093830     0.000074
     0.999553     0.093949     0.000104
     0.000370     0.145935     0.000127
     0.053022     0.145705     0.000090
     0.105449     0.145615     0.000052
     0.158067     0.145501     0.000020
     0.210642     0.145456     0.000005
     0.263247     0.145448     0.000001
     0.315899     0.145418     0.000000
     0.368462     0.145393     0.000000
     0.421127     0.145365     0.000000
     0.473662     0.145351     0.000000
     0.526338     0.145351     0.000000
     0.578873     0.145365     0.000000
     0.631537     0.145392     0.000000
     0.684101     0.145418     0.000000
     0.736753     0.145447     0.000001
     0.789358     0.145456     0.000005
     0.841933     0.145500     0.000020
     0.894551     0.145615     0.000052
     0.946978     0.145704     0.000090
     0.999631     0.145935     0.000127
     0.000810     0.197742     0.000152
     0.053072     0.197772     0.000108
     0.105731     0.197662     0.000063
     0.158192     0.197511     0.000024
     0.210837     0.197447     0.000005
     0.263335     0.197267     0.000002
     0.315964     0.197269     0.000001
     0.368494     0.197204     0.000002
     0.421142     0.197235     0.000001
     0.473682     0.197221     0.000001
     0.526318     0.197222     0.000001
     0.578858     0.197235     0.000001
     0.631507     0.197205     0.000002
     0.684035     0.197269     0.000002
     0.736666     0.197267     0.000002
     0.789162     0.197448     0.000005
     0.841807     0.197511     0.000024
     0.894268     0.197662     0.000063
     0.946927     0.197772     0.000108
     0.999189     0.197741     0.000152
     0.000481     0.250105     0.000179
     0.053211     0.249639     0.000127
     0.105702     0.249433     0.000078
     0.158287     0.249240     0.000041
     0.210918     0.249165     0.000021
     0.263426     0.249150     0.000014
     0.316116     0.249113     0.000011
     0.368527     0.249048     0.000009
     0.421237     0.249010     0.000009
     0.473621     0.248983     0.000010
     0.526379     0.248983     0.000010
     0.578762     0.249011     0.000009
     0.631472     0.249048     0.000009
     0.683884     0.249113     0.000011
     0.736573     0.249148     0.000014
     0.789082     0.249166     0.000021
     0.841713     0.249240     0.000041
     0.894299     0.249433     0.000078
     0.946790     0.249639     0.000127
     0.999521     0.250106     0.000180
     0.001435     0.301554     0.000320
     0.053491     0.301607     0.000223
     0.106131     0.301551     0.000130
     0.158515     0.301227     0.000079
     0.211122     0.301241     0.000066
     0.263510     0.300892     0.000058
     0.316163     0.300994     0.000048
     0.368585     0.300850     0.000037
     0.421282     0.300938     0.000034
     0.473679     0.300890     0.000033
     0.526322     0.300891     0.000033
     0.578719     0.300938     0.000034
     0.631416     0.300852     0.000038
     0.683836     0.300993     0.000048
     0.736490     0.300892     0.000058
     0.788878     0.301243     0.000066
     0.841483     0.301227     0.000079
     0.893868     0.301550     0.000131
     0.946508     0.301606     0.000223
     0.998561     0.301553     0.000320
     0.000698     0.354517     0.000934
     0.053497     0.353697     0.000724
     0.106098     0.353241     0.000464
     0.158622     0.352943     0.000266
     0.211403     0.352942     0.000189
     0.263700     0.352872     0.000157
     0.316446     0.352897     0.000134
     0.368585     0.352729     0.000118
     0.421385     0.352729     0.000105
     0.473506     0.352675     0.000098
     0.526494     0.352675     0.000097
     0.578614     0.352730     0.000105
     0.631412     0.352729     0.000118
     0.683556     0.352900     0.000134
     0.736295     0.352868     0.000158
     0.788600     0.352944     0.000190
     0.841380     0.352942     0.000266
     0.893905     0.353240     0.000464
     0.946504     0.353700     0.000725
     0.999305     0.354520     0.000935
     0.002482     0.405420     0.002351
     0.054386     0.405248     0.002016
     0.107237     0.405570     0.001574
     0.158946     0.404821     0.001064
     0.211548     0.405184     0.000701
     0.263590     0.404517     0.000490
     0.316445     0.404910     0.000361
     0.368721     0.404547     0.000295
     0.421503     0.404827     0.000264
     0.473768     0.404583     0.000260
     0.526232     0.404584     0.000259
     0.578499     0.404831     0.000264
     0.631279     0.404546     0.000295
     0.683556     0.404913     0.000362
     0.736411     0.404517     0.000491
     0.788452     0.405179     0.000703
     0.841055     0.404823     0.001065
     0.892758     0.405568     0.001574
     0.945610     0.405247     0.002016
     0.997513     0.405418     0.002351
     0.001813     0.459481     0.004104
     0.053317     0.457127     0.003753
     0.107402     0.457325     0.003313
     0.159152     0.457143     0.002655
     0.212627     0.457032     0.001945
     0.264223     0.456932     0.001393
     0.316760     0.456668     0.001001
     0.368855     0.456577     0.000747
     0.421209     0.456385     0.000611
     0.473881     0.456680     0.000554
     0.526117     0.456679     0.000554
     0.578788     0.456387     0.000611
     0.631141     0.456578     0.000748
     0.683244     0.456672     0.001003
     0.735775     0.456928     0.001396
     0.787376     0.457031     0.001948
     0.840847     0.457147     0.002657
     0.892601     0.457327     0.003313
     0.946683     0.457130     0.003753
     0.998189     0.459484     0.004103
     0.010355     0.512740     0.005278
     0.057716     0.509487     0.005107
     0.107020     0.509233     0.004890
     0.159700     0.508673     0.004423
     0.211440     0.508812     0.003680
     0.264655     0.509120     0.002898
     0.316753     0.508741     0.002240
     0.369643     0.508983     0.001735
     0.421512     0.508625     0.001370
     0.473695     0.508514     0.001159
     0.526300     0.508514     0.001159
     0.578494     0.508633     0.001372
     0.630362     0.508972     0.001737
     0.683252     0.508744     0.002243
     0.735356     0.509123     0.002902
     0.788548     0.508805     0.003683
     0.840297     0.508676     0.004425
     0.892974     0.509231     0.004891
     0.942278     0.509487     0.005106
     0.989642     0.512736     0.005276
     0.016632     0.570763     0.005091
     0.069314     0.568268     0.005309
     0.116011     0.564301     0.005487
     0.165834     0.562486     0.005477
     0.214342     0.562069     0.005140
     0.265334     0.560980     0.004546
     0.317352     0.560925     0.003887
     0.369163     0.560646     0.003259
     0.422234     0.561211     0.002742
     0.473994     0.560941     0.002454
     0.525997     0.560920     0.002454
     0.577779     0.561203     0.002743
     0.630833     0.560658     0.003261
     0.682640     0.560921     0.003889
     0.734634     0.561007     0.004548
     0.785643     0.562072     0.005141
     0.834149     0.562484     0.005477
     0.883977     0.564305     0.005487
     0.930684     0.568266     0.005308
     0.983365     0.570761     0.005090
     0.013601     0.616927     0.003658
     0.066471     0.618927     0.004235
     0.119111     0.620422     0.004790
     0.169163     0.617696     0.005319
     0.220548     0.617834     0.005634
     0.270353     0.614887     0.005658
     0.319994     0.614617     0.005425
     0.370573     0.613519     0.005053
     0.421444     0.612902     0.004729
     0.474249     0.613639     0.004556
     0.525779     0.613624     0.004556
     0.578520     0.612908     0.004729
     0.629420     0.613525     0.005053
     0.679975     0.614636     0.005425
     0.729653     0.614892     0.005658
     0.779456     0.617818     0.005633
     0.830843     0.617699     0.005318
     0.880891     0.620409     0.004790
     0.933527     0.618920     0.004235
     0.986397     0.616923     0.003658
     0.015526     0.674418     0.001963
     0.067412     0.672230     0.002588
     0.120681     0.671424     0.003329
     0.172881     0.670874     0.004277
     0.221988     0.669854     0.005198
     0.274245     0.669904     0.005953
     0.324035     0.669161     0.006461
     0.375243     0.668197     0.006753
     0.423666     0.667318     0.006902
     0.473598     0.665798     0.006940
     0.526379     0.665866     0.006939
     0.576316     0.667328     0.006899
     0.624745     0.668201     0.006749
     0.675960     0.669153     0.006457
     0.725764     0.669899     0.005950
     0.778003     0.669866     0.005196
     0.827112     0.670870     0.004276
     0.879311     0.671435     0.003329
     0.932580     0.672229     0.002589
     0.984468     0.674416     0.001964
     0.015351     0.721523     0.001073
     0.067816     0.722653     0.001534
     0.119146     0.723667     0.002267
     0.171759     0.725459     0.003322
     0.224568     0.725051     0.004572
     0.275802     0.722361     0.005834
     0.326209     0.722928     0.006970
     0.376993     0.722621     0.007858
     0.426852     0.723716     0.008372
     0.477144     0.720468     0.008587
     0.522820     0.720449     0.008585
     0.573167     0.723716     0.008368
     0.623006     0.722621     0.007852
     0.673800     0.722929     0.006963
     0.724184     0.722363     0.005829
     0.775440     0.725050     0.004570
     0.828239     0.725458     0.003322
     0.880860     0.723658     0.002268
     0.932189     0.722647     0.001536
     0.984647     0.721517     0.001076
     0.015342     0.778480     0.001073
     0.067807     0.777349     0.001534
     0.119135     0.776337     0.002267
     0.171757     0.774547     0.003321
     0.224570     0.774948     0.004570
     0.275811     0.777634     0.005832
     0.326194     0.777076     0.006968
     0.376994     0.777379     0.007859
     0.426840     0.776283     0.008374
     0.477152     0.779523     0.008590
     0.522849     0.779525     0.008588
     0.573138     0.776267     0.008370
     0.623003     0.777390     0.007853
     0.673797     0.777073     0.006964
     0.724196     0.777632     0.005829
     0.775422     0.774949     0.004569
     0.828245     0.774548     0.003322
     0.880857     0.776341     0.002268
     0.932182     0.777356     0.001536
     0.984649     0.778488     0.001075
     0.015536     0.825587     0.001962
     0.067422     0.827774     0.002587
     0.120690     0.828577     0.003328
     0.172888     0.829122     0.004275
     0.221996     0.830141     0.005196
     0.274232     0.830104     0.005950
     0.324043     0.830845     0.006459
     0.375253     0.831796     0.006754
     0.423690     0.832685     0.006906
     0.473612     0.834153     0.006947
     0.526384     0.834149     0.006946
     0.576309     0.832684     0.006904
     0.624733     0.831783     0.006752
     0.675962     0.830838     0.006458
     0.725758     0.830109     0.005950
     0.778009     0.830140     0.005195
     0.827110     0.829119     0.004275
     0.879312     0.828577     0.003328
     0.932580     0.827769     0.002588
     0.984465     0.825580     0.001963
     0.013592     0.883074     0.003656
     0.066464     0.881076     0.004234
     0.119107     0.879585     0.004788
     0.169159     0.882307     0.005317
     0.220537     0.882183     0.005633
     0.270357     0.885104     0.005657
     0.320017     0.885369     0.005425
     0.370583     0.886468     0.005054
     0.421472     0.887096     0.004733
     0.474245     0.886370     0.004563
     0.525758     0.886371     0.004563
     0.578526     0.887093     0.004735
     0.629419     0.886470     0.005056
     0.679968     0.885364     0.005426
     0.729640     0.885103     0.005658
     0.779455     0.882176     0.005633
     0.830838     0.882310     0.005318
     0.880886     0.879589     0.004789
     0.933529     0.881084     0.004234
     0.986400     0.883083     0.003657
     0.016641     0.929243     0.005090
     0.069321     0.931733     0.005307
     0.116020     0.935696     0.005486
     0.165848     0.937516     0.005477
     0.214359     0.937926     0.005141
     0.265360     0.938997     0.004548
     0.317361     0.939081     0.003889
     0.369168     0.939342     0.003261
     0.422222     0.938794     0.002745
     0.473999     0.939078     0.002458
     0.526000     0.939079     0.002458
     0.577775     0.938792     0.002747
     0.630831     0.939340     0.003263
     0.682639     0.939079     0.003891
     0.734636     0.938994     0.004550
     0.785636     0.937926     0.005142
     0.834145     0.937513     0.005477
     0.883977     0.935697     0.005486
     0.930680     0.931728     0.005307
     0.983362     0.929236     0.005089
     0.010354     0.987261     0.005276
     0.057719     0.990516     0.005106
     0.107024     0.990767     0.004890
     0.159702     0.991325     0.004424
     0.211448     0.991197     0.003682
     0.264644     0.990874     0.002902
     0.316747     0.991256     0.002243
     0.369638     0.991024     0.001737
     0.421503     0.991371     0.001371
     0.473698     0.991486     0.001159
     0.526304     0.991489     0.001160
     0.578500     0.991369     0.001373
     0.630361     0.991025     0.001739
     0.683251     0.991257     0.002245
     0.735355     0.990875     0.002903
     0.788551     0.991195     0.003684
     0.840296     0.991326     0.004425
     0.892974     0.990766     0.004891
     0.942276     0.990518     0.005106
     0.989640     0.987268     0.005276
     0.001812     1.040519     0.004103
     0.053316     1.042869     0.003753
     0.107402     1.042675     0.003313
     0.159151     1.042853     0.002656
     0.212628     1.042968     0.001948
     0.264225     1.043073     0.001396
     0.316759     1.043329     0.001004
     0.368855     1.043423     0.000748
     0.421212     1.043612     0.000611
     0.473879     1.043321     0.000553
     0.526118     1.043321     0.000553
     0.578789     1.043613     0.000611
     0.631144     1.043424     0.000749
     0.683243     1.043328     0.001005
     0.735775     1.043071     0.001397
     0.787373     1.042969     0.001949
     0.840849     1.042851     0.002657
     0.892599     1.042676     0.003313
     0.946684     1.042868     0.003753
     0.998192     1.040512     0.004103
     0.002485     1.094581     0.002351
     0.054391     1.094753     0.002016
     0.107239     1.094431     0.001574
     0.158947     1.095177     0.001065
     0.211545     1.094824     0.000703
     0.263588     1.095481     0.000491
     0.316442     1.095089     0.000362
     0.368720     1.095454     0.000295
     0.421500     1.095172     0.000263
     0.473768     1.095416     0.000258
     0.526232     1.095416     0.000258
     0.578501     1.095171     0.000263
     0.631279     1.095454     0.000295
     0.683558     1.095089     0.000362
     0.736411     1.095483     0.000492
     0.788454     1.094822     0.000703
     0.841052     1.095178     0.001065
     0.892758     1.094430     0.001575
     0.945609     1.094753     0.002016
     0.997512     1.094583     0.002351
     0.000695     1.145480     0.000934
     0.053495     1.146300     0.000725
     0.106096     1.146762     0.000464
     0.158617     1.147057     0.000266
     0.211402     1.147057     0.000189
     0.263705     1.147132     0.000158
     0.316445     1.147100     0.000134
     0.368588     1.147271     0.000118
     0.421385     1.147269     0.000105
     0.473507     1.147324     0.000097
     0.526492     1.147324     0.000097
     0.578614     1.147270     0.000105
     0.631412     1.147272     0.000118
     0.683555     1.147099     0.000134
     0.736296     1.147132     0.000158
     0.788598     1.147057     0.000190
     0.841383     1.147057     0.000266
     0.893905     1.146761     0.000464
     0.946505     1.146298     0.000725
     0.999306     1.145477     0.000935
     0.001437     1.198447     0.000320
     0.053491     1.198394     0.000223
     0.106130     1.198451     0.000130
     0.158518     1.198774     0.000079
     0.211121     1.198756     0.000066
     0.263509     1.199108     0.000058
     0.316163     1.199008     0.000048
     0.368584     1.199149     0.000038
     0.421281     1.199062     0.000034
     0.473678     1.199109     0.000033
     0.526323     1.199109     0.000033
     0.578719     1.199061     0.000034
     0.631417     1.199149     0.000038
     0.683837     1.199006     0.000048
     0.736489     1.199109     0.000058
     0.788879     1.198755     0.000066
     0.841481     1.198774     0.000079
     0.893870     1.198450     0.000131
     0.946508     1.198394     0.000223
     0.998560     1.198448     0.000321
     0.000479     1.249894     0.000179
     0.053210     1.250362     0.000127
     0.105702     1.250567     0.000078
     0.158287     1.250760     0.000041
     0.210918     1.250835     0.000021
     0.263427     1.250852     0.000014
     0.316116     1.250887     0.000011
     0.368528     1.250952     0.000009
     0.421238     1.250989     0.000009
     0.473622     1.251016     0.000010
     0.526378     1.251016     0.000010
     0.578762     1.250989     0.000009
     0.631472     1.250952     0.000009
     0.683884     1.250888     0.000011
     0.736574     1.250851     0.000014
     0.789083     1.250835     0.000021
     0.841713     1.250760     0.000041
     0.894299     1.250566     0.000079
     0.946790     1.250361     0.000127
     0.999522     1.249893     0.000180
     0.000811     1.302259     0.000152
     0.053072     1.302228     0.000108
     0.105731     1.302338     0.000063
     0.158192     1.302489     0.000024
     0.210837     1.302551     0.000005
     0.263334     1.302733     0.000002
     0.315964     1.302732     0.000002
     0.368494     1.302796     0.000002
     0.421142     1.302765     0.000001
     0.473682     1.302778     0.000001
     0.526318     1.302779     0.000001
     0.578858     1.302765     0.000001
     0.631506     1.302796     0.000002
     0.684036     1.302731     0.000002
     0.736665     1.302733     0.000002
     0.789163     1.302551     0.000005
     0.841807     1.302489     0.000024
     0.894269     1.302338     0.000063
     0.946927     1.302228     0.000108
     0.999188     1.302260     0.000152
     0.000369     1.354065     0.000127
     0.053022     1.354296     0.000090
     0.105448     1.354385     0.000052
     0.158067     1.354500     0.000020
     0.210642     1.354545     0.000005
     0.263247     1.354553     0.000001
     0.315899     1.354582     0.000000
     0.368463     1.354607     0.000000
     0.421127     1.354635     0.000000
     0.473663     1.354649     0.000000
     0.526338     1.354649     0.000000
     0.578873     1.354635     0.000000
     0.631537     1.354607     0.000000
     0.684101     1.354582     0.000000
     0.736753     1.354553     0.000001
     0.789358     1.354545     0.000005
     0.841933     1.354500     0.000021
     0.894551     1.354385     0.000052
     0.946978     1.354296     0.000090
     0.999632     1.354065     0.000128
     0.000446     1.406051     0.000104
     0.052820     1.406170     0.000074
     0.105440     1.406232     0.000044
     0.157985     1.406249     0.000017
     0.210638     1.406305     0.000004
     0.263206     1.406361     0.000000
     0.315842     1.406387     0.000000
     0.368429     1.406403     0.000000
     0.421074     1.406402     0.000000
     0.473676     1.406403     0.000000
     0.526324     1.406403     0.000000
     0.578926     1.406402     0.000000
     0.631571     1.406403     0.000000
     0.684158     1.406386     0.000000
     0.736794     1.406361     0.000000
     0.789362     1.406305     0.000004
     0.842015     1.406249     0.000017
     0.894560     1.406233     0.000044
     0.947180     1.406170     0.000074
     0.999553     1.406051     0.000105
     0.000124     1.458146     0.000084
     0.052645     1.458237     0.000059
     0.105313     1.458188     0.000033
     0.157891     1.458222     0.000012
     0.210534     1.458222     0.000002
     0.263146     1.458227     0.000000
     0.315798     1.458231     0.000000
     0.368419     1.458235     0.000000
     0.421064     1.458240     0.000000
     0.473679     1.458242     0.000000
     0.526321     1.458242     0.000000
     0.578936     1.458240     0.000000
     0.631581     1.458235     0.000000
     0.684202     1.458231     0.000000
     0.736854     1.458227     0.000000
     0.789466     1.458222     0.000002
     0.842109     1.458222     0.000012
     0.894687     1.458188     0.000033
     0.947355     1.458237     0.000059
     0.999877     1.458146     0.000084
     0.000000     1.510000     0.000065
     0.052632     1.510000     0.000045
     0.105263     1.510000     0.000023
     0.157895     1.510000     0.000006
     0.210526     1.510000     0.000000
     0.263158     1.510000     0.000000
     0.315789     1.510000     0.000000
     0.368421     1.510000     0.000000
     0.421053     1.510000     0.000000
     0.473684     1.510000     0.000000
     0.526316     1.510000     0.000000
     0.578947     1.510000     0.000000
     0.631579     1.510000     0.000000
     0.684211     1.510000     0.000000
     0.736842     1.510000     0.000000
     0.789474     1.510000     0.000000
     0.842105     1.510000     0.000006
     0.894737     1.510000     0.000024
     0.947368     1.510000     0.000045
     1.000000     1.510000     0.000065
