     0.000000    -0.010000     0.000531
     0.052632    -0.010000     0.000363
     0.105263    -0.010000     0.000192
     0.157895    -0.010000     0.000047
     0.210526    -0.010000     0.000002
     0.263158    -0.010000     0.000000
     0.315789    -0.010000     0.000000
     0.368421    -0.010000     0.000000
     0.421053    -0.010000     0.000000
     0.473684    -0.010000     0.000000
     0.526316    -0.010000     0.000000
     0.578947    -0.010000     0.000000
     0.631579    -0.010000     0.000000
     0.684211    -0.010000     0.000000
     0.736842    -0.010000     0.000000
     0.789474    -0.010000     0.000002
     0.842105    -0.010000     0.000047
     0.894737    -0.010000     0.000192
     0.947368    -0.010000     0.000363
     1.000000    -0.010000     0.000531
     0.000124     0.041854     0.000687
     0.052645     0.041763     0.000480
     0.105313     0.041812     0.000273
     0.157891     0.041778     0.000100
     0.210534     0.041778     0.000016
     0.263146     0.041773     0.000000
     0.315798     0.041769     0.000000
     0.368419     0.041765     0.000000
     0.421064     0.041760     0.000000
     0.473679     0.041758     0.000000
     0.526321     0.041758     0.000000
     0.578936     0.041760     0.000000
     0.631581     0.041765     0.000000
     0.684202     0.041769     0.000000
     0.736854     0.041773     0.000000
     0.789466     0.041778     0.000016
     0.842109     0.041778     0.000100
     0.894687     0.041812     0.000273
     0.947355     0.041763     0.000481
     0.999876     0.041854     0.000687
     0.000446     0.093950     0.000850
     0.052821     0.093830     0.000602
     0.105440     0.093768     0.000358
     0.157985     0.093751     0.000139
     0.210638     0.093695     0.000030
     0.263206     0.093639     0.000003
     0.315842     0.093613     0.000000
     0.368429     0.093596     0.000000
     0.421074     0.093598     0.000000
     0.473677     0.093597     0.000000
     0.526324     0.093597     0.000000
     0.578926     0.093598     0.000000
     0.631572     0.093597     0.000000
     0.684158     0.093614     0.000000
     0.736794     0.093639     0.000003
     0.789362     0.093695     0.000030
     0.842015     0.093751     0.000139
     0.894560     0.093768     0.000359
     0.947179     0.093830     0.000603
     0.999553     0.093949     0.000851
     0.000370     0.145935     0.001035
     0.053022     0.145705     0.000730
     0.105449     0.145615     0.000423
     0.158067     0.145501     0.000167
     0.210642     0.145456     0.000040
     0.263247     0.145448     0.000004
     0.315899     0.145418     0.000000
     0.368462     0.145393     0.000000
     0.421127     0.145365     0.000000
     0.473662     0.145351     0.000000
     0.526338     0.145351     0.000000
     0.578873     0.145365     0.000000
     0.631537     0.145392     0.000000
     0.684101     0.145418     0.000000
     0.736753     0.145447     0.000004
     0.789358     0.145456     0.000040
     0.841933     0.145500     0.000167
     0.894551     0.145615     0.000423
     0.946978     0.145704     0.000731
     0.999631     0.145935     0.001037
     0.000810     0.197742     0.001233
     0.053072     0.197772     0.000877
     0.105731     0.197662     0.000514
     0.158192     0.197511     0.000198
     0.210837     0.197447     0.000045
     0.263335     0.197267     0.000014
     0.315964     0.197269     0.000012
     0.368494     0.197204     0.000015
     0.421142     0.197235     0.000012
     0.473682     0.197221     0.000007
     0.526318     0.197222     0.000007
     0.578858     0.197235     0.000012
     0.631507     0.197205     0.000015
     0.684035     0.197269     0.000012
     0.736666     0.197267     0.000014
     0.789162     0.197448     0.000045
     0.841807     0.197511     0.000198
     0.894268     0.197662     0.000515
     0.946927     0.197772     0.000879
     0.999189     0.197741     0.001236
     0.000481     0.250105     0.001455
     0.053211     0.249639     0.001030
     0.105702     0.249433     0.000637
     0.158287     0.249240     0.000336
     0.210918     0.249165     0.000172
     0.263426     0.249150     0.000112
     0.316116     0.249113     0.000090
     0.368527     0.249048     0.000075
     0.421237     0.249010     0.000072
     0.473621     0.248983     0.000079
     0.526379     0.248983     0.000079
     0.578762     0.249011     0.000073
     0.631472     0.249048     0.000076
     0.683884     0.249113     0.000091
     0.736573     0.249148     0.000111
     0.789082     0.249166     0.000171
     0.841713     0.249240     0.000335
     0.894299     0.249433     0.000638
     0.946790     0.249639     0.001033
     0.999521     0.250106     0.001460
     0.001435     0.301554     0.002588
     0.053491     0.301607     0.001807
     0.106131     0.301551     0.001061
     0.158515     0.301227     0.000643
     0.211122     0.301241     0.000540
     0.263510     0.300892     0.000475
     0.316163     0.300994     0.000390
     0.368585     0.300850     0.000306
     0.421282     0.300938     0.000279
     0.473679     0.300890     0.000271
     0.526322     0.300891     0.000271
     0.578719     0.300938     0.000280
     0.631416     0.300852     0.000306
     0.683836     0.300993     0.000390
     0.736490     0.300892     0.000474
     0.788878     0.301243     0.000539
     0.841483     0.301227     0.000643
     0.893868     0.301550     0.001063
     0.946508     0.301606     0.001812
     0.998561     0.301553     0.002594
     0.000698     0.354517     0.007454
     0.053497     0.353697     0.005810
     0.106098     0.353241     0.003743
     0.158622     0.352943     0.002157
     0.211403     0.352942     0.001537
     0.263700     0.352872     0.001280
     0.316446     0.352897     0.001091
     0.368585     0.352729     0.000960
     0.421385     0.352729     0.000858
     0.473506     0.352675     0.000795
     0.526494     0.352675     0.000793
     0.578614     0.352730     0.000856
     0.631412     0.352729     0.000958
     0.683556     0.352900     0.001091
     0.736295     0.352868     0.001282
     0.788600     0.352944     0.001540
     0.841380     0.352942     0.002160
     0.893905     0.353240     0.003747
     0.946504     0.353700     0.005815
     0.999305     0.354520     0.007459
     0.002482     0.405420     0.018148
     0.054386     0.405248     0.015682
     0.107237     0.405570     0.012369
     0.158946     0.404821     0.008463
     0.211548     0.405184     0.005627
     0.263590     0.404517     0.003950
     0.316445     0.404910     0.002917
     0.368721     0.404547     0.002388
     0.421503     0.404827     0.002145
     0.473768     0.404583     0.002107
     0.526232     0.404584     0.002104
     0.578499     0.404831     0.002138
     0.631279     0.404546     0.002388
     0.683556     0.404913     0.002926
     0.736411     0.404517     0.003963
     0.788452     0.405179     0.005640
     0.841055     0.404823     0.008474
     0.892758     0.405568     0.012374
     0.945610     0.405247     0.015686
     0.997513     0.405418     0.018150
     0.001813     0.459481     0.030478
     0.053317     0.457127     0.028086
     0.107402     0.457325     0.025027
     0.159152     0.457143     0.020352
     0.212627     0.457032     0.015158
     0.264223     0.456932     0.010996
     0.316760     0.456668     0.007973
     0.368855     0.456577     0.005985
     0.421209     0.456385     0.004915
     0.473881     0.456680     0.004464
     0.526117     0.456679     0.004465
     0.578788     0.456387     0.004917
     0.631141     0.456578     0.005994
     0.683244     0.456672     0.007992
     0.735775     0.456928     0.011019
     0.787376     0.457031     0.015179
     0.840847     0.457147     0.020366
     0.892601     0.457327     0.025032
     0.946683     0.457130     0.028086
     0.998189     0.459484     0.030474
     0.010355     0.512740     0.038244
     0.057716     0.509487     0.037136
     0.107020     0.509233     0.035722
     0.159700     0.508673     0.032627
     0.211440     0.508812     0.027579
     0.264655     0.509120     0.022099
     0.316753     0.508741     0.017333
     0.369643     0.508983     0.013584
     0.421512     0.508625     0.010817
     0.473695     0.508514     0.009196
     0.526300     0.508514     0.009202
     0.578494     0.508633     0.010833
     0.630362     0.508972     0.013604
     0.683252     0.508744     0.017355
     0.735356     0.509123     0.022123
     0.788548     0.508805     0.027600
     0.840297     0.508676     0.032638
     0.892974     0.509231     0.035724
     0.942278     0.509487     0.037131
     0.989642     0.512736     0.038235
     0.016632     0.570763     0.037034
     0.069314     0.568268     0.038446
     0.116011     0.564301     0.039590
     0.165834     0.562486     0.039523
     0.214342     0.562069     0.037348
     0.265334     0.560980     0.033448
     0.317352     0.560925     0.029000
     0.369163     0.560646     0.024648
     0.422234     0.561211     0.020977
     0.473994     0.560941     0.018897
     0.525997     0.560920     0.018901
     0.577779     0.561203     0.020989
     0.630833     0.560658     0.024665
     0.682640     0.560921     0.029017
     0.734634     0.561007     0.033462
     0.785643     0.562072     0.037358
     0.834149     0.562484     0.039527
     0.883977     0.564305     0.039587
     0.930684     0.568266     0.038439
     0.983365     0.570761     0.037026
     0.013601     0.616927     0.027427
     0.066471     0.618927     0.031366
     0.119111     0.620422     0.035062
     0.169163     0.617696     0.038509
     0.220548     0.617834     0.040529
     0.270353     0.614887     0.040682
     0.319994     0.614617     0.039189
     0.370573     0.613519     0.036785
     0.421444     0.612902     0.034661
     0.474249     0.613639     0.033512
     0.525779     0.613624     0.033512
     0.578520     0.612908     0.034658
     0.629420     0.613525     0.036783
     0.679975     0.614636     0.039189
     0.729653     0.614892     0.040679
     0.779456     0.617818     0.040524
     0.830843     0.617699     0.038505
     0.880891     0.620409     0.035059
     0.933527     0.618920     0.031365
     0.986397     0.616923     0.027427
     0.015526     0.674418     0.015286
     0.067412     0.672230     0.019869
     0.120681     0.671424     0.025140
     0.172881     0.670874     0.031648
     0.221988     0.669854     0.037729
     0.274245     0.669904     0.042551
     0.324035     0.669161     0.045713
     0.375243     0.668197     0.047508
     0.423666     0.667318     0.048410
     0.473598     0.665798     0.048642
     0.526379     0.665866     0.048637
     0.576316     0.667328     0.048394
     0.624745     0.668201     0.047484
     0.675960     0.669153     0.045687
     0.725764     0.669899     0.042529
     0.778003     0.669866     0.037714
     0.827112     0.670870     0.031642
     0.879311     0.671435     0.025144
     0.932580     0.672229     0.019878
     0.984468     0.674416     0.015299
     0.015351     0.721523     0.008533
     0.067816     0.722653     0.012070
     0.119146     0.723667     0.017533
     0.171759     0.725459     0.025095
     0.224568     0.725051     0.033618
     0.275802     0.722361     0.041798
     0.326209     0.722928     0.048824
     0.376993     0.722621     0.054117
     0.426852     0.723716     0.057102
     0.477144     0.720468     0.058333
     0.522820     0.720449     0.058325
     0.573167     0.723716     0.057078
     0.623006     0.722621     0.054081
     0.673800     0.722929     0.048785
     0.724184     0.722363     0.041769
     0.775440     0.725050     0.033604
     0.828239     0.725458     0.025095
     0.880860     0.723658     0.017544
     0.932189     0.722647     0.012087
     0.984647     0.721517     0.008555
     0.015342     0.778480     0.008531
     0.067807     0.777349     0.012068
     0.119135     0.776337     0.017531
     0.171757     0.774547     0.025089
     0.224570     0.774948     0.033609
     0.275811     0.777634     0.041787
     0.326194     0.777076     0.048815
     0.376994     0.777379     0.054119
     0.426840     0.776283     0.057114
     0.477152     0.779523     0.058349
     0.522849     0.779525     0.058342
     0.573138     0.776267     0.057092
     0.623003     0.777390     0.054088
     0.673797     0.777073     0.048788
     0.724196     0.777632     0.041768
     0.775422     0.774949     0.033601
     0.828245     0.774548     0.025092
     0.880857     0.776341     0.017541
     0.932182     0.777356     0.012083
     0.984649     0.778488     0.008551
     0.015536     0.825587     0.015279
     0.067422     0.827774     0.019861
     0.120690     0.828577     0.025132
     0.172888     0.829122     0.031636
     0.221996     0.830141     0.037712
     0.274232     0.830104     0.042533
     0.324043     0.830845     0.045699
     0.375253     0.831796     0.047512
     0.423690     0.832685     0.048437
     0.473612     0.834153     0.048684
     0.526384     0.834149     0.048679
     0.576309     0.832684     0.048427
     0.624733     0.831783     0.047503
     0.675962     0.830838     0.045693
     0.725758     0.830109     0.042528
     0.778009     0.830140     0.037709
     0.827110     0.829119     0.031636
     0.879312     0.828577     0.025136
     0.932580     0.827769     0.019870
     0.984465     0.825580     0.015291
     0.013592     0.883074     0.027417
     0.066464     0.881076     0.031354
     0.119107     0.879585     0.035050
     0.169159     0.882307     0.038500
     0.220537     0.882183     0.040522
     0.270357     0.885104     0.040676
     0.320017     0.885369     0.039189
     0.370583     0.886468     0.036795
     0.421472     0.887096     0.034689
     0.474245     0.886370     0.033556
     0.525758     0.886371     0.033559
     0.578526     0.887093     0.034696
     0.629419     0.886470     0.036806
     0.679968     0.885364     0.039197
     0.729640     0.885103     0.040680
     0.779455     0.882176     0.040524
     0.830838     0.882310     0.038502
     0.880886     0.879589     0.035052
     0.933529     0.881084     0.031357
     0.986400     0.883083     0.027419
     0.016641     0.929243     0.037023
     0.069321     0.931733     0.038435
     0.116020     0.935696     0.039583
     0.165848     0.937516     0.039523
     0.214359     0.937926     0.037356
     0.265360     0.938997     0.033461
     0.317361     0.939081     0.029014
     0.369168     0.939342     0.024666
     0.422222     0.938794     0.021000
     0.473999     0.939078     0.018926
     0.526000     0.939079     0.018932
     0.577775     0.938792     0.021015
     0.630831     0.939340     0.024682
     0.682639     0.939079     0.029029
     0.734636     0.938994     0.033472
     0.785636     0.937926     0.037364
     0.834145     0.937513     0.039527
     0.883977     0.935697     0.039584
     0.930680     0.931728     0.038434
     0.983362     0.929236     0.037019
     0.010354     0.987261     0.038235
     0.057719     0.990516     0.037130
     0.107024     0.990767     0.035722
     0.159702     0.991325     0.032636
     0.211448     0.991197     0.027597
     0.264644     0.990874     0.022123
     0.316747     0.991256     0.017356
     0.369638     0.991024     0.013602
     0.421503     0.991371     0.010830
     0.473698     0.991486     0.009203
     0.526304     0.991489     0.009207
     0.578500     0.991369     0.010841
     0.630361     0.991025     0.013616
     0.683251     0.991257     0.017371
     0.735355     0.990875     0.022136
     0.788551     0.991195     0.027608
     0.840296     0.991326     0.032642
     0.892974     0.990766     0.035724
     0.942276     0.990518     0.037128
     0.989640     0.987268     0.038231
     0.001812     1.040519     0.030475
     0.053316     1.042869     0.028085
     0.107402     1.042675     0.025031
     0.159151     1.042853     0.020364
     0.212628     1.042968     0.015177
     0.264225     1.043073     0.011020
     0.316759     1.043329     0.007995
     0.368855     1.043423     0.005995
     0.421212     1.043612     0.004912
     0.473879     1.043321     0.004455
     0.526118     1.043321     0.004456
     0.578789     1.043613     0.004916
     0.631144     1.043424     0.006002
     0.683243     1.043328     0.008004
     0.735775     1.043071     0.011030
     0.787373     1.042969     0.015186
     0.840849     1.042851     0.020370
     0.892599     1.042676     0.025033
     0.946684     1.042868     0.028085
     0.998192     1.040512     0.030473
     0.002485     1.094581     0.018148
     0.054391     1.094753     0.015685
     0.107239     1.094431     0.012373
     0.158947     1.095177     0.008472
     0.211545     1.094824     0.005638
     0.263588     1.095481     0.003963
     0.316442     1.095089     0.002927
     0.368720     1.095454     0.002390
     0.421500     1.095172     0.002136
     0.473768     1.095416     0.002095
     0.526232     1.095416     0.002096
     0.578501     1.095171     0.002137
     0.631279     1.095454     0.002392
     0.683558     1.095089     0.002931
     0.736411     1.095483     0.003968
     0.788454     1.094822     0.005643
     0.841052     1.095178     0.008476
     0.892758     1.094430     0.012375
     0.945609     1.094753     0.015686
     0.997512     1.094583     0.018149
     0.000695     1.145480     0.007456
     0.053495     1.146300     0.005813
     0.106096     1.146762     0.003745
     0.158617     1.147057     0.002159
     0.211402     1.147057     0.001540
     0.263705     1.147132     0.001282
     0.316445     1.147100     0.001092
     0.368588     1.147271     0.000959
     0.421385     1.147269     0.000855
     0.473507     1.147324     0.000789
     0.526492     1.147324     0.000789
     0.578614     1.147270     0.000855
     0.631412     1.147272     0.000959
     0.683555     1.147099     0.001093
     0.736296     1.147132     0.001284
     0.788598     1.147057     0.001542
     0.841383     1.147057     0.002161
     0.893905     1.146761     0.003747
     0.946505     1.146298     0.005815
     0.999306     1.145477     0.007459
     0.001437     1.198447     0.002592
     0.053491     1.198394     0.001810
     0.106130     1.198451     0.001062
     0.158518     1.198774     0.000642
     0.211121     1.198756     0.000538
     0.263509     1.199108     0.000473
     0.316163     1.199008     0.000390
     0.368584     1.199149     0.000306
     0.421281     1.199062     0.000279
     0.473678     1.199109     0.000270
     0.526323     1.199109     0.000270
     0.578719     1.199061     0.000279
     0.631417     1.199149     0.000307
     0.683837     1.199006     0.000391
     0.736489     1.199109     0.000475
     0.788879     1.198755     0.000540
     0.841481     1.198774     0.000643
     0.893870     1.198450     0.001064
     0.946508     1.198394     0.001814
     0.998560     1.198448     0.002597
     0.000479     1.249894     0.001459
     0.053210     1.250362     0.001033
     0.105702     1.250567     0.000638
     0.158287     1.250760     0.000334
     0.210918     1.250835     0.000170
     0.263427     1.250852     0.000110
     0.316116     1.250887     0.000090
     0.368528     1.250952     0.000076
     0.421238     1.250989     0.000073
     0.473622     1.251016     0.000079
     0.526378     1.251016     0.000079
     0.578762     1.250989     0.000073
     0.631472     1.250952     0.000077
     0.683884     1.250888     0.000091
     0.736574     1.250851     0.000111
     0.789083     1.250835     0.000171
     0.841713     1.250760     0.000336
     0.894299     1.250566     0.000640
     0.946790     1.250361     0.001036
     0.999522     1.249893     0.001464
     0.000811     1.302259     0.001236
     0.053072     1.302228     0.000878
     0.105731     1.302338     0.000515
     0.158192     1.302489     0.000197
     0.210837     1.302551     0.000044
     0.263334     1.302733     0.000013
     0.315964     1.302732     0.000012
     0.368494     1.302796     0.000015
     0.421142     1.302765     0.000012
     0.473682     1.302778     0.000007
     0.526318     1.302779     0.000007
     0.578858     1.302765     0.000012
     0.631506     1.302796     0.000016
     0.684036     1.302731     0.000013
     0.736665     1.302733     0.000014
     0.789163     1.302551     0.000044
     0.841807     1.302489     0.000198
     0.894269     1.302338     0.000517
     0.946927     1.302228     0.000881
     0.999188     1.302260     0.001240
     0.000369     1.354065     0.001036
     0.053022     1.354296     0.000731
     0.105448     1.354385     0.000423
     0.158067     1.354500     0.000167
     0.210642     1.354545     0.000040
     0.263247     1.354553     0.000004
     0.315899     1.354582     0.000000
     0.368463     1.354607     0.000000
     0.421127     1.354635     0.000000
     0.473663     1.354649     0.000000
     0.526338     1.354649     0.000000
     0.578873     1.354635     0.000000
     0.631537     1.354607     0.000000
     0.684101     1.354582     0.000000
     0.736753     1.354553     0.000005
     0.789358     1.354545     0.000040
     0.841933     1.354500     0.000167
     0.894551     1.354385     0.000424
     0.946978     1.354296     0.000733
     0.999632     1.354065     0.001039
     0.000446     1.406051     0.000851
     0.052820     1.406170     0.000603
     0.105440     1.406232     0.000358
     0.157985     1.406249     0.000139
     0.210638     1.406305     0.000030
     0.263206     1.406361     0.000003
     0.315842     1.406387     0.000000
     0.368429     1.406403     0.000000
     0.421074     1.406402     0.000000
     0.473676     1.406403     0.000000
     0.526324     1.406403     0.000000
     0.578926     1.406402     0.000000
     0.631571     1.406403     0.000000
     0.684158     1.406386     0.000000
     0.736794     1.406361     0.000003
     0.789362     1.406305     0.000030
     0.842015     1.406249     0.000139
     0.894560     1.406233     0.000359
     0.947180     1.406170     0.000604
     0.999553     1.406051     0.000852
     0.000124     1.458146     0.000687
     0.052645     1.458237     0.000481
     0.105313     1.458188     0.000273
     0.157891     1.458222     0.000100
     0.210534     1.458222     0.000016
     0.263146     1.458227     0.000000
     0.315798     1.458231     0.000000
     0.368419     1.458235     0.000000
     0.421064     1.458240     0.000000
     0.473679     1.458242     0.000000
     0.526321     1.458242     0.000000
     0.578936     1.458240     0.000000
     0.631581     1.458235     0.000000
     0.684202     1.458231     0.000000
     0.736854     1.458227     0.000000
     0.789466     1.458222     0.000016
     0.842109     1.458222     0.000100
     0.894687     1.458188     0.000273
     0.947355     1.458237     0.000481
     0.999877     1.458146     0.000688
     0.000000     1.510000     0.000531
     0.052632     1.510000     0.000363
     0.105263     1.510000     0.000192
     0.157895     1.510000     0.000047
     0.210526     1.510000     0.000002
     0.263158     1.510000     0.000000
     0.315789     1.510000     0.000000
     0.368421     1.510000     0.000000
     0.421053     1.510000     0.000000
     0.473684     1.510000     0.000000
     0.526316     1.510000     0.000000
     0.578947     1.510000     0.000000
     0.631579     1.510000     0.000000
     0.684211     1.510000     0.000000
     0.736842     1.510000     0.000000
     0.789474     1.510000     0.000002
     0.842105     1.510000     0.000047
     0.894737     1.510000     0.000192
     0.947368     1.510000     0.000363
     1.000000     1.510000     0.000532
