                 0.000000                 0.000682
                 0.025424                 0.000659
                 0.050847                 0.000634
                 0.076271                 0.000609
                 0.101695                 0.000588
                 0.127119                 0.000572
                 0.152542                 0.000564
                 0.177966                 0.000564
                 0.203390                 0.000570
                 0.228814                 0.000585
                 0.254237                 0.000610
                 0.279661                 0.000650
                 0.305085                 0.000956
                 0.330508                 0.003660
                 0.355932                 0.014118
                 0.381356                 0.036937
                 0.406780                 0.071653
                 0.432203                 0.114624
                 0.457627                 0.160529
                 0.483051                 0.203175
                 0.508475                 0.236705
                 0.533898                 0.256196
                 0.559322                 0.258472
                 0.584746                 0.242374
                 0.610169                 0.209132
                 0.635593                 0.162800
                 0.661017                 0.110263
                 0.686441                 0.061141
                 0.711864                 0.026330
                 0.737288                 0.010851
                 0.762712                 0.010882
                 0.788136                 0.026685
                 0.813559                 0.061652
                 0.838983                 0.110121
                 0.864407                 0.161415
                 0.889831                 0.206192
                 0.915254                 0.237832
                 0.940678                 0.252509
                 0.966102                 0.249185
                 0.991525                 0.229183
                 1.016949                 0.195769
                 1.042373                 0.153873
                 1.067797                 0.109221
                 1.093220                 0.067801
                 1.118644                 0.034716
                 1.144068                 0.013220
                 1.169491                 0.003464
                 1.194915                 0.000951
                 1.220339                 0.000656
                 1.245763                 0.000618
                 1.271186                 0.000594
                 1.296610                 0.000579
                 1.322034                 0.000573
                 1.347458                 0.000573
                 1.372881                 0.000580
                 1.398305                 0.000595
                 1.423729                 0.000615
                 1.449153                 0.000639
                 1.474576                 0.000663
                 1.500000                 0.000686
