                 6.900324                 0.000000
                 7.087376                 0.000001
                 7.391501                 0.000002
                 7.818392                 0.000003
                 8.367241                 0.000005
                 9.037227                 0.000007
                 9.828034                 0.000009
                10.738384                 0.000012
                11.772777                 0.000016
                12.934742                 0.000019
                14.216612                 0.000023
                15.619028                 0.000028
                17.146986                 0.000033
                18.798460                 0.000038
                20.564293                 0.000043
                22.450815                 0.000049
                24.458892                 0.000056
                26.593895                 0.000063
                28.852629                 0.000070
                31.230309                 0.000077
                33.729770                 0.000085
                36.356483                 0.000094
                39.102263                 0.000102
                41.965333                 0.000111
                44.949148                 0.000121
                48.055287                 0.000131
                51.284304                 0.000141
                54.633123                 0.000151
                58.106555                 0.000162
                61.703316                 0.000174
                65.425672                 0.000186
                69.261871                 0.000198
                73.217002                 0.000210
                77.295018                 0.000223
                81.495823                 0.000237
                85.814979                 0.000250
                90.254469                 0.000264
                94.818136                 0.000279
                99.506941                 0.000294
               104.316377                 0.000309
               109.242015                 0.000325
               114.288894                 0.000341
               119.456369                 0.000357
               124.743698                 0.000374
               130.146856                 0.000391
               135.673694                 0.000408
               141.325514                 0.000426
               147.098621                 0.000445
               152.989758                 0.000463
               159.000175                 0.000482
               165.131254                 0.000502
               171.384161                 0.000522
               177.749899                 0.000542
               184.234250                 0.000563
               190.843043                 0.000584
               197.573302                 0.000605
               204.424187                 0.000627
               211.392199                 0.000649
               218.481770                 0.000671
               225.691067                 0.000694
               233.017869                 0.000717
               240.457074                 0.000741
               248.018055                 0.000765
               255.700230                 0.000790
               263.501846                 0.000814
               271.420171                 0.000840
               279.459763                 0.000865
               287.620643                 0.000891
               295.898641                 0.000917
               304.291245                 0.000944
               312.797660                 0.000971
               321.426391                 0.000998
               330.173055                 0.001026
               339.035311                 0.001054
               348.015799                 0.001083
               357.118041                 0.001112
               365.899400                 0.001141
               372.265425                 0.001171
               378.323688                 0.001201
               383.483872                 0.001231
               388.697530                 0.001262
               393.633798                 0.001293
               398.263807                 0.001325
               403.105804                 0.001357
               408.088140                 0.001389
               412.507995                 0.001422
               417.539098                 0.001455
               421.891731                 0.001489
               426.650450                 0.001522
               431.704178                 0.001557
               436.359759                 0.001591
               441.193244                 0.001626
               446.106333                 0.001661
               450.660135                 0.001697
               455.490203                 0.001733
               460.076824                 0.001769
               464.870629                 0.001806
               469.595040                 0.001843
               474.580897                 0.001881
               479.095975                 0.001919
               484.133224                 0.001957
               488.551640                 0.001996
               493.430098                 0.002035
               498.004501                 0.002074
               502.809678                 0.002114
               507.211332                 0.002154
               512.143264                 0.002194
               516.590933                 0.002235
               521.602843                 0.002276
               525.907782                 0.002318
               530.644246                 0.002360
               535.229824                 0.002402
               539.815850                 0.002445
               544.394308                 0.002488
               548.887694                 0.002531
               553.393277                 0.002575
               557.652551                 0.002619
               561.906347                 0.002663
               566.771665                 0.002708
               570.780367                 0.002753
               575.455362                 0.002799
               579.596515                 0.002845
               584.016097                 0.002891
               588.185476                 0.002938
               592.249395                 0.002985
               595.887325                 0.003032
               599.742829                 0.003080
               603.738227                 0.003128
               608.045508                 0.003176
               611.889022                 0.003225
               615.060527                 0.003274
               618.595326                 0.003323
               621.805964                 0.003373
               625.309104                 0.003423
               628.789035                 0.003474
               631.705609                 0.003525
               635.180500                 0.003576
               637.876253                 0.003628
               641.468285                 0.003680
               643.820183                 0.003732
               647.318376                 0.003784
               649.620096                 0.003837
               653.107189                 0.003891
               655.036398                 0.003945
               657.598756                 0.003999
               660.612824                 0.004053
               662.622187                 0.004108
               665.290813                 0.004163
               667.493692                 0.004218
               668.580406                 0.004274
               671.952181                 0.004330
               673.475245                 0.004387
               676.029653                 0.004443
               677.689344                 0.004501
               679.367933                 0.004558
               681.415972                 0.004616
               683.387425                 0.004674
               684.788905                 0.004733
               686.485625                 0.004792
               687.392123                 0.004851
               689.222404                 0.004910
               690.336086                 0.004970
               692.279709                 0.005030
               693.129787                 0.005091
               694.242056                 0.005152
               695.306299                 0.005213
               696.529989                 0.005275
               697.674667                 0.005337
               697.976975                 0.005399
               698.882130                 0.005461
               700.037244                 0.005524
               700.337877                 0.005588
               700.882154                 0.005651
               701.663188                 0.005715
               701.058396                 0.005779
               700.340366                 0.005844
               702.209596                 0.005909
               701.665617                 0.005974
               701.004645                 0.006040
               702.216551                 0.006106
               701.685870                 0.006172
               700.512230                 0.006238
               701.871534                 0.006305
               700.044738                 0.006372
               699.352797                 0.006440
               699.447797                 0.006508
               698.472385                 0.006576
               696.869447                 0.006644
               697.806184                 0.006713
               695.036055                 0.006782
               693.489071                 0.006852
               693.614050                 0.006922
               691.237223                 0.006992
               689.689738                 0.007062
               689.095651                 0.007133
               686.056469                 0.007204
               684.466396                 0.007275
               683.903728                 0.007347
               680.366596                 0.007419
               678.750483                 0.007492
               677.892985                 0.007564
               674.553738                 0.007637
               671.235188                 0.007710
               672.129250                 0.007784
               666.801720                 0.007858
               664.801623                 0.007932
               664.129284                 0.008007
               660.241424                 0.008081
               656.072319                 0.008157
               656.880352                 0.008232
               651.233884                 0.008308
               648.847374                 0.008384
               648.144246                 0.008460
               643.111124                 0.008537
               639.065975                 0.008614
               639.333175                 0.008691
               633.924536                 0.008769
               630.086367                 0.008847
               630.022436                 0.008925
               625.134016                 0.009003
               620.294317                 0.009082
               619.952682                 0.009161
               615.759878                 0.009240
               610.008812                 0.009320
               609.912552                 0.009400
               604.795196                 0.009480
               599.824397                 0.009561
               598.718264                 0.009642
               594.941403                 0.009723
               588.655443                 0.009804
               588.536188                 0.009886
               583.835245                 0.009968
               578.708691                 0.010050
               576.403296                 0.010133
               573.669478                 0.010216
               567.356435                 0.010299
               565.722046                 0.010383
               562.107468                 0.010466
               556.516262                 0.010550
               553.895920                 0.010635
               551.383173                 0.010719
               545.480136                 0.010804
               542.243923                 0.010889
               539.905390                 0.010975
               533.862159                 0.011061
               531.043826                 0.011147
               527.862294                 0.011233
               523.123168                 0.011320
               518.917738                 0.011406
               516.348345                 0.011494
               511.806271                 0.011581
               507.194487                 0.011669
               504.845026                 0.011757
               500.379658                 0.011845
               495.967645                 0.011933
               492.481790                 0.012022
               488.699603                 0.012111
               483.923701                 0.012201
               480.617129                 0.012290
               476.577269                 0.012380
               472.847597                 0.012470
               469.748090                 0.012560
               465.036883                 0.012651
               461.183787                 0.012742
               456.843055                 0.012833
               453.308487                 0.012925
               449.308975                 0.013016
               445.815792                 0.013108
               441.922867                 0.013201
               438.048612                 0.013293
               434.230212                 0.013386
               430.869987                 0.013479
               426.777432                 0.013572
               423.008664                 0.013666
               418.574720                 0.013759
               415.322390                 0.013853
               412.090874                 0.013948
               407.926737                 0.014042
               403.723284                 0.014137
               400.187304                 0.014232
               396.258132                 0.014327
               392.587815                 0.014423
               389.228575                 0.014519
               385.231808                 0.014615
               382.044911                 0.014711
               378.151243                 0.014807
               374.211164                 0.014904
               370.485566                 0.015001
               367.569348                 0.015098
               363.652216                 0.015196
               359.938983                 0.015294
               356.305421                 0.015391
               353.153857                 0.015490
               349.416530                 0.015588
               345.856079                 0.015687
               340.684992                 0.015786
               336.768239                 0.015885
               334.988847                 0.015984
               331.331481                 0.016084
               329.827243                 0.016184
               324.304219                 0.016284
               320.887503                 0.016384
               317.068501                 0.016485
               315.266271                 0.016585
               311.237978                 0.016686
               306.838056                 0.016787
               304.949878                 0.016889
               301.601370                 0.016991
               298.662708                 0.017092
               294.295289                 0.017195
               291.669907                 0.017297
               288.134015                 0.017399
               285.167709                 0.017502
               282.547138                 0.017605
               278.725143                 0.017708
               275.297583                 0.017812
               272.681755                 0.017915
               270.022247                 0.018019
               266.010648                 0.018123
               263.250256                 0.018227
               260.366609                 0.018332
               257.810488                 0.018437
               254.387249                 0.018541
               251.208939                 0.018647
               248.573149                 0.018752
               245.611284                 0.018857
               242.929910                 0.018963
               239.907996                 0.019069
               237.316613                 0.019175
               234.424495                 0.019281
               231.864683                 0.019388
               228.897406                 0.019495
               226.183091                 0.019602
               223.269945                 0.019709
               220.461086                 0.019816
               217.858042                 0.019924
               215.558751                 0.020031
               212.996041                 0.020139
               209.955804                 0.020247
               207.521134                 0.020355
               205.245327                 0.020464
               202.434204                 0.020573
               199.980073                 0.020681
               197.520617                 0.020790
               194.775585                 0.020900
               192.935338                 0.021009
               190.213445                 0.021119
               187.585112                 0.021228
               185.347775                 0.021338
               183.012859                 0.021448
               180.988709                 0.021559
               178.472678                 0.021669
               176.084716                 0.021780
               173.642122                 0.021891
               171.860746                 0.022002
               169.582035                 0.022113
               167.472552                 0.022224
               165.189816                 0.022336
               163.009169                 0.022448
               160.906113                 0.022559
               159.004208                 0.022672
               156.736649                 0.022784
               154.856607                 0.022896
               152.784746                 0.023009
               150.452453                 0.023121
               148.775677                 0.023234
               146.689023                 0.023347
               144.686844                 0.023460
               142.691562                 0.023574
               140.986533                 0.023687
               139.051065                 0.023801
               135.049458                 0.023915
               134.829659                 0.024029
               132.202274                 0.024143
               131.167025                 0.024257
               129.282712                 0.024372
               128.081819                 0.024486
               126.542142                 0.024601
               124.908164                 0.024716
               123.408041                 0.024831
               121.062939                 0.024946
               119.682698                 0.025061
               117.741111                 0.025177
               116.160075                 0.025293
               114.681840                 0.025408
               113.129969                 0.025524
               111.212681                 0.025640
               110.080735                 0.025756
               108.678074                 0.025873
               107.318252                 0.025989
               105.600016                 0.026106
               104.255017                 0.026223
               102.548765                 0.026339
               101.136301                 0.026456
                99.728210                 0.026574
                98.572934                 0.026691
                97.102477                 0.026808
                95.720014                 0.026926
                94.290114                 0.027043
                93.177206                 0.027161
                91.736496                 0.027279
                90.416948                 0.027397
                89.138663                 0.027515
                87.905052                 0.027633
                86.566680                 0.027752
                85.585689                 0.027870
                83.330614                 0.027989
                84.968210                 0.028108
                81.974678                 0.028226
                80.721400                 0.028345
                79.059626                 0.028464
                77.363159                 0.028584
                77.481270                 0.028703
                76.253309                 0.028822
                74.371459                 0.028942
                73.340058                 0.029061
                72.535371                 0.029181
                71.691865                 0.029301
                69.998734                 0.029421
                69.908995                 0.029541
                69.255312                 0.029661
                67.428133                 0.029781
                66.784748                 0.029902
                65.279333                 0.030022
                64.385092                 0.030143
                63.539168                 0.030263
                62.878749                 0.030384
                61.287316                 0.030505
                61.281199                 0.030626
                60.418658                 0.030747
                59.261582                 0.030868
                59.088172                 0.030989
                57.346388                 0.031110
                56.788657                 0.031231
                56.316861                 0.031353
                55.225777                 0.031474
                52.203150                 0.031596
                54.109157                 0.031718
                50.829108                 0.031839
                51.590838                 0.031961
                51.806483                 0.032083
                51.169450                 0.032205
                50.781453                 0.032327
                49.093220                 0.032449
                49.326859                 0.032571
                48.268262                 0.032694
                47.168647                 0.032816
                47.143526                 0.032938
                45.488428                 0.033061
                44.289908                 0.033184
                43.803989                 0.033306
                43.411960                 0.033429
                42.617555                 0.033552
                41.951409                 0.033674
                43.220612                 0.033797
                41.680996                 0.033920
                40.830827                 0.034043
                36.996044                 0.034166
                35.676048                 0.034289
                39.465974                 0.034412
                38.014804                 0.034536
                36.154713                 0.034659
                37.526072                 0.034782
                37.857249                 0.034906
                34.780274                 0.035029
                33.851739                 0.035153
                32.654358                 0.035276
                31.130491                 0.035400
                37.562214                 0.035523
                28.823898                 0.035647
                32.880250                 0.035771
                31.180837                 0.035894
                33.694201                 0.036018
                34.255282                 0.036142
                29.251643                 0.036266
                31.185944                 0.036390
                30.332263                 0.036513
                33.444877                 0.036637
                29.711358                 0.036761
                27.892469                 0.036885
                29.722117                 0.037009
                28.028820                 0.037134
                26.509555                 0.037258
                29.533760                 0.037382
                27.098321                 0.037506
                25.981490                 0.037630
                27.689689                 0.037754
                25.991082                 0.037879
                28.295484                 0.038003
                25.451597                 0.038127
                28.249873                 0.038251
                25.337920                 0.038376
                24.259007                 0.038500
                24.438485                 0.038624
                22.374293                 0.038749
                20.857033                 0.038873
                21.543956                 0.038997
                23.495799                 0.039122
                23.240699                 0.039246
                23.168191                 0.039370
                20.542848                 0.039495
                21.597185                 0.039619
                22.233254                 0.039744
                22.463195                 0.039868
                23.111781                 0.039992
