                 3.349331                 0.000000
                 3.487818                 0.000001
                 3.720356                 0.000001
                 4.044664                 0.000002
                 4.462517                 0.000004
                 4.972404                 0.000005
                 5.576179                 0.000007
                 6.271406                 0.000009
                 7.060686                 0.000012
                 7.941722                 0.000015
                 8.916243                 0.000018
                 9.983259                 0.000021
                11.142931                 0.000025
                12.395257                 0.000029
                13.740460                 0.000033
                15.178076                 0.000038
                16.708614                 0.000043
                18.331786                 0.000048
                20.047187                 0.000053
                21.855948                 0.000059
                23.756499                 0.000065
                25.750286                 0.000072
                27.835964                 0.000078
                30.014592                 0.000085
                32.285139                 0.000092
                34.649004                 0.000100
                37.104185                 0.000108
                39.652924                 0.000116
                42.292994                 0.000124
                45.026113                 0.000133
                47.850998                 0.000142
                50.768519                 0.000151
                53.777701                 0.000161
                56.879730                 0.000171
                60.073076                 0.000181
                63.359238                 0.000192
                66.737053                 0.000202
                70.206979                 0.000214
                73.769086                 0.000225
                77.422615                 0.000237
                81.168197                 0.000249
                85.005614                 0.000261
                88.934667                 0.000273
                92.955543                 0.000286
                97.068396                 0.000299
               101.272039                 0.000313
               105.568325                 0.000326
               109.954998                 0.000340
               114.433926                 0.000355
               119.003583                 0.000369
               123.665012                 0.000384
               128.417287                 0.000399
               133.261570                 0.000415
               138.195869                 0.000431
               143.222442                 0.000447
               148.338850                 0.000463
               153.547075                 0.000480
               158.845676                 0.000497
               164.235255                 0.000514
               169.715358                 0.000531
               175.286541                 0.000549
               180.947856                 0.000567
               186.700291                 0.000586
               192.542669                 0.000604
               198.475363                 0.000623
               204.498688                 0.000643
               210.611806                 0.000662
               216.815520                 0.000682
               223.109002                 0.000702
               229.492585                 0.000722
               235.965873                 0.000743
               242.529513                 0.000764
               249.181930                 0.000785
               255.925079                 0.000807
               262.756541                 0.000829
               269.678686                 0.000851
               276.689325                 0.000873
               283.789993                 0.000896
               290.978973                 0.000919
               298.258132                 0.000942
               305.624922                 0.000966
               313.082238                 0.000990
               320.626770                 0.001014
               328.261272                 0.001039
               335.983511                 0.001063
               343.795087                 0.001088
               351.587136                 0.001114
               358.321868                 0.001139
               363.848498                 0.001165
               368.970617                 0.001191
               373.768378                 0.001218
               378.176660                 0.001244
               382.431234                 0.001271
               386.772680                 0.001299
               390.852994                 0.001326
               394.955772                 0.001354
               399.182944                 0.001382
               403.209159                 0.001411
               407.462974                 0.001439
               411.704883                 0.001468
               415.728466                 0.001498
               420.055850                 0.001527
               424.091441                 0.001557
               428.330202                 0.001587
               432.557523                 0.001617
               436.675357                 0.001648
               441.026090                 0.001679
               445.219693                 0.001710
               449.431356                 0.001742
               453.681149                 0.001774
               457.786694                 0.001806
               462.119156                 0.001838
               466.287149                 0.001871
               470.543333                 0.001903
               474.747326                 0.001937
               478.978904                 0.001970
               483.265818                 0.002004
               487.395745                 0.002038
               491.650658                 0.002072
               495.836710                 0.002107
               500.094160                 0.002142
               504.239285                 0.002177
               508.494615                 0.002212
               512.578833                 0.002248
               516.826233                 0.002284
               520.939284                 0.002320
               525.105966                 0.002356
               529.313065                 0.002393
               533.380804                 0.002430
               537.515297                 0.002467
               541.644839                 0.002505
               545.690740                 0.002543
               549.779304                 0.002581
               553.797409                 0.002619
               557.871924                 0.002658
               561.874781                 0.002697
               565.852299                 0.002736
               569.805118                 0.002775
               573.765702                 0.002815
               577.695977                 0.002855
               581.569344                 0.002895
               585.399855                 0.002936
               589.294089                 0.002977
               592.859784                 0.003018
               596.270877                 0.003059
               599.644270                 0.003101
               602.820582                 0.003143
               605.884544                 0.003185
               609.097502                 0.003227
               612.132160                 0.003270
               615.174006                 0.003313
               618.178909                 0.003356
               621.062731                 0.003399
               623.984123                 0.003443
               626.623016                 0.003487
               629.265654                 0.003531
               631.664226                 0.003576
               634.083805                 0.003620
               636.535396                 0.003665
               638.896906                 0.003711
               641.210221                 0.003756
               643.445556                 0.003802
               645.659918                 0.003848
               647.679356                 0.003894
               649.760695                 0.003941
               651.784171                 0.003988
               653.847034                 0.004035
               655.807259                 0.004082
               657.820106                 0.004130
               659.636838                 0.004178
               661.306356                 0.004226
               663.034794                 0.004274
               664.653731                 0.004323
               666.284350                 0.004372
               667.761581                 0.004421
               669.249442                 0.004470
               670.634244                 0.004520
               672.133475                 0.004570
               673.391812                 0.004620
               674.616989                 0.004670
               675.800281                 0.004721
               676.952034                 0.004772
               677.965285                 0.004823
               678.996677                 0.004874
               679.968471                 0.004926
               680.785920                 0.004978
               681.660419                 0.005030
               682.462005                 0.005082
               683.195862                 0.005135
               683.864816                 0.005188
               684.430185                 0.005241
               684.924083                 0.005294
               685.417774                 0.005348
               685.753477                 0.005401
               686.001475                 0.005455
               686.258331                 0.005510
               686.357043                 0.005564
               686.350336                 0.005619
               686.236285                 0.005674
               685.951936                 0.005729
               685.617773                 0.005785
               685.093205                 0.005841
               684.477935                 0.005897
               683.680244                 0.005953
               682.737529                 0.006009
               681.662524                 0.006066
               680.406265                 0.006123
               678.998316                 0.006180
               677.437126                 0.006238
               675.703484                 0.006295
               673.814162                 0.006353
               671.752946                 0.006411
               669.503587                 0.006470
               667.152955                 0.006528
               664.630253                 0.006587
               661.967599                 0.006646
               659.106412                 0.006705
               656.148241                 0.006765
               653.057900                 0.006825
               649.828620                 0.006885
               646.426778                 0.006945
               642.938693                 0.007005
               639.300680                 0.007066
               635.578027                 0.007127
               631.695206                 0.007188
               627.721804                 0.007249
               623.647931                 0.007311
               619.450403                 0.007372
               615.168391                 0.007434
               610.784845                 0.007497
               606.336008                 0.007559
               601.787861                 0.007622
               597.171208                 0.007685
               592.454670                 0.007748
               587.676492                 0.007811
               582.862428                 0.007875
               577.903177                 0.007938
               572.911954                 0.008002
               567.874512                 0.008066
               562.755999                 0.008131
               557.598693                 0.008196
               552.376078                 0.008260
               547.108160                 0.008325
               541.808893                 0.008391
               536.519030                 0.008456
               531.167775                 0.008522
               525.794638                 0.008588
               520.434761                 0.008654
               515.075958                 0.008720
               509.713368                 0.008787
               504.364513                 0.008853
               499.024018                 0.008920
               493.668558                 0.008988
               488.357836                 0.009055
               483.067477                 0.009123
               477.830061                 0.009190
               472.578542                 0.009258
               467.377559                 0.009327
               462.220373                 0.009395
               457.073558                 0.009464
               451.991589                 0.009532
               446.917621                 0.009601
               441.925848                 0.009671
               436.953917                 0.009740
               432.038160                 0.009810
               427.166196                 0.009879
               422.345241                 0.009949
               417.551859                 0.010020
               412.833482                 0.010090
               408.156388                 0.010161
               403.520916                 0.010231
               398.965804                 0.010302
               394.437819                 0.010374
               389.977876                 0.010445
               385.538948                 0.010516
               381.185302                 0.010588
               376.861691                 0.010660
               372.601125                 0.010732
               368.398738                 0.010805
               364.238488                 0.010877
               360.135465                 0.010950
               356.098591                 0.011023
               352.090569                 0.011096
               348.126896                 0.011169
               344.242151                 0.011243
               340.387310                 0.011316
               336.583536                 0.011390
               332.835586                 0.011464
               329.138758                 0.011538
               325.485334                 0.011613
               321.872188                 0.011687
               318.346362                 0.011762
               314.824022                 0.011837
               311.365497                 0.011912
               307.948467                 0.011987
               304.582669                 0.012063
               301.246249                 0.012138
               297.944178                 0.012214
               294.697670                 0.012290
               291.488883                 0.012366
               288.311668                 0.012443
               285.165033                 0.012519
               282.069261                 0.012596
               279.002139                 0.012673
               275.980747                 0.012750
               272.955789                 0.012827
               269.973273                 0.012904
               267.024277                 0.012982
               264.105837                 0.013060
               261.201085                 0.013137
               258.326025                 0.013215
               255.488934                 0.013294
               252.659043                 0.013372
               249.848095                 0.013451
               247.051255                 0.013529
               244.283022                 0.013608
               241.528601                 0.013687
               238.780675                 0.013766
               236.075377                 0.013846
               233.374538                 0.013925
               230.683144                 0.014005
               228.002263                 0.014085
               225.365081                 0.014165
               222.701794                 0.014245
               220.023581                 0.014325
               217.374942                 0.014405
               214.766766                 0.014486
               212.169782                 0.014567
               209.545904                 0.014648
               206.939224                 0.014729
               204.357380                 0.014810
               201.824157                 0.014891
               199.290287                 0.014973
               196.771025                 0.015054
               194.257934                 0.015136
               191.751174                 0.015218
               189.294495                 0.015300
               186.843483                 0.015382
               184.416980                 0.015465
               181.987672                 0.015547
               179.591187                 0.015630
               177.222025                 0.015713
               174.887460                 0.015796
               172.564359                 0.015879
               170.262299                 0.015962
               167.976312                 0.016045
               165.739192                 0.016129
               163.522707                 0.016213
               161.301089                 0.016296
               159.094626                 0.016380
               156.929937                 0.016464
               154.762690                 0.016548
               152.621878                 0.016633
               150.509535                 0.016717
               148.407970                 0.016802
               146.340632                 0.016886
               144.284355                 0.016971
               142.261678                 0.017056
               140.271268                 0.017141
               138.304065                 0.017227
               136.362248                 0.017312
               134.451082                 0.017397
               132.566465                 0.017483
               130.703525                 0.017569
               128.883948                 0.017654
               127.082572                 0.017740
               125.329428                 0.017827
               123.511418                 0.017913
               121.714480                 0.017999
               119.926785                 0.018085
               118.112941                 0.018172
               116.301572                 0.018259
               114.567779                 0.018345
               112.843812                 0.018432
               111.137512                 0.018519
               109.477619                 0.018607
               107.824304                 0.018694
               106.239516                 0.018781
               104.673255                 0.018869
               103.113624                 0.018956
               101.606277                 0.019044
               100.137478                 0.019132
                98.675734                 0.019220
                97.283158                 0.019308
                95.901142                 0.019396
                94.553118                 0.019484
                93.252651                 0.019572
                91.973281                 0.019661
                90.696320                 0.019749
                89.471213                 0.019838
                88.242136                 0.019927
                87.059506                 0.020015
                85.889051                 0.020104
                84.752632                 0.020193
                83.626392                 0.020282
                82.510254                 0.020372
                81.430496                 0.020461
                80.357535                 0.020550
                79.293794                 0.020640
                78.278955                 0.020729
                77.260661                 0.020819
                76.283968                 0.020909
                75.293874                 0.020999
                74.343581                 0.021089
                73.396467                 0.021179
                72.473823                 0.021269
                71.562780                 0.021359
                70.690624                 0.021449
                69.819902                 0.021540
                68.964704                 0.021630
                68.140991                 0.021721
                67.327294                 0.021811
                66.518970                 0.021902
                65.739382                 0.021993
                64.976038                 0.022084
                64.215054                 0.022175
                63.472808                 0.022266
                62.752830                 0.022357
                62.049818                 0.022448
                61.363350                 0.022539
                60.678894                 0.022631
                60.036052                 0.022722
                59.383427                 0.022813
                58.743426                 0.022905
                58.120508                 0.022997
                57.518301                 0.023088
                56.929694                 0.023180
                56.351171                 0.023272
                55.776110                 0.023364
                55.221166                 0.023456
                54.654657                 0.023548
                54.129951                 0.023640
                53.577277                 0.023732
                53.096551                 0.023824
                52.561821                 0.023916
                52.073880                 0.024009
                51.573927                 0.024101
                51.105229                 0.024193
                50.640760                 0.024286
                50.212378                 0.024378
                49.727689                 0.024471
                49.302421                 0.024564
                48.857026                 0.024656
                48.440847                 0.024749
                48.032947                 0.024842
                47.641232                 0.024935
                47.236234                 0.025028
                46.854362                 0.025121
                46.469588                 0.025214
                46.105143                 0.025307
                45.727702                 0.025400
                45.371225                 0.025493
                45.024519                 0.025586
                44.691893                 0.025680
                44.353687                 0.025773
                44.030223                 0.025866
                43.712099                 0.025960
                43.391780                 0.026053
                43.087904                 0.026146
                42.785519                 0.026240
                42.483781                 0.026333
                42.205357                 0.026427
                41.917108                 0.026521
                41.657615                 0.026614
                41.377696                 0.026708
                41.105771                 0.026802
                40.854998                 0.026895
                40.593487                 0.026989
                40.348910                 0.027083
                40.098908                 0.027177
                39.865695                 0.027271
                39.628743                 0.027364
                39.405899                 0.027458
                39.176543                 0.027552
                38.960734                 0.027646
                38.754628                 0.027740
                38.537244                 0.027834
                38.339656                 0.027928
                38.128163                 0.028022
                37.934445                 0.028116
                37.757088                 0.028210
                37.563852                 0.028304
                37.389344                 0.028398
                37.202700                 0.028493
                37.030750                 0.028587
                36.851586                 0.028681
                36.697070                 0.028775
                36.527186                 0.028869
                36.368786                 0.028963
                36.218792                 0.029058
                36.064105                 0.029152
                35.924152                 0.029246
                35.769541                 0.029340
                35.632926                 0.029434
                35.496792                 0.029529
                35.351387                 0.029623
                35.214868                 0.029717
                35.083417                 0.029811
                34.977453                 0.029906
                34.835114                 0.030000
