                 3.349331                 0.000000
                 3.487818                 0.000001
                 3.720356                 0.000001
                 4.044664                 0.000002
                 4.462517                 0.000004
                 4.972404                 0.000005
                 5.576179                 0.000007
                 6.271406                 0.000009
                 7.060686                 0.000012
                 7.941722                 0.000015
                 8.916243                 0.000018
                 9.983259                 0.000021
                11.142931                 0.000025
                12.395257                 0.000029
                13.740460                 0.000033
                15.178076                 0.000038
                16.708614                 0.000043
                18.331786                 0.000048
                20.047187                 0.000053
                21.855948                 0.000059
                23.756499                 0.000065
                25.750286                 0.000072
                27.835964                 0.000078
                30.014592                 0.000085
                32.285139                 0.000092
                34.649004                 0.000100
                37.104185                 0.000108
                39.652924                 0.000116
                42.292994                 0.000124
                45.026113                 0.000133
                47.850998                 0.000142
                50.768519                 0.000151
                53.777701                 0.000161
                56.879730                 0.000171
                60.073076                 0.000181
                63.359238                 0.000192
                66.737053                 0.000202
                70.206979                 0.000214
                73.769086                 0.000225
                77.422615                 0.000237
                81.168197                 0.000249
                85.005614                 0.000261
                88.934667                 0.000273
                92.955543                 0.000286
                97.068396                 0.000299
               101.272039                 0.000313
               105.568325                 0.000326
               109.954998                 0.000340
               114.433926                 0.000355
               119.003583                 0.000369
               123.665012                 0.000384
               128.417287                 0.000399
               133.261570                 0.000415
               138.195869                 0.000431
               143.222442                 0.000447
               148.338850                 0.000463
               153.547075                 0.000480
               158.845676                 0.000497
               164.235255                 0.000514
               169.715358                 0.000531
               175.286541                 0.000549
               180.947856                 0.000567
               186.700291                 0.000586
               192.542669                 0.000604
               198.475363                 0.000623
               204.498688                 0.000643
               210.611806                 0.000662
               216.815520                 0.000682
               223.109002                 0.000702
               229.492585                 0.000722
               235.965873                 0.000743
               242.529513                 0.000764
               249.181930                 0.000785
               255.925079                 0.000807
               262.756541                 0.000829
               269.678686                 0.000851
               276.689325                 0.000873
               283.789993                 0.000896
               290.978973                 0.000919
               298.258132                 0.000942
               305.624922                 0.000966
               313.082238                 0.000990
               320.626770                 0.001014
               328.261272                 0.001039
               335.983511                 0.001063
               343.795087                 0.001088
               351.585954                 0.001114
               358.316541                 0.001139
               363.828632                 0.001165
               368.976704                 0.001191
               373.748058                 0.001218
               378.146607                 0.001244
               382.386406                 0.001271
               386.694113                 0.001299
               390.714454                 0.001326
               394.845310                 0.001354
               399.039908                 0.001382
               403.077754                 0.001411
               407.292219                 0.001439
               411.419872                 0.001468
               415.489146                 0.001498
               419.805603                 0.001527
               423.919158                 0.001557
               428.082331                 0.001587
               432.310200                 0.001617
               436.385880                 0.001648
               440.718328                 0.001679
               444.711167                 0.001710
               448.963598                 0.001742
               453.193600                 0.001774
               457.369725                 0.001806
               461.687798                 0.001838
               465.702251                 0.001871
               470.138932                 0.001903
               474.181267                 0.001937
               478.435880                 0.001970
               482.485875                 0.002004
               486.808663                 0.002038
               491.020698                 0.002072
               495.124866                 0.002107
               499.321255                 0.002142
               503.509640                 0.002177
               507.679083                 0.002212
               511.820312                 0.002248
               515.918956                 0.002284
               520.147310                 0.002320
               524.155942                 0.002356
               528.322278                 0.002393
               532.405983                 0.002430
               536.526343                 0.002467
               540.545568                 0.002505
               544.626317                 0.002543
               548.696837                 0.002581
               552.671064                 0.002619
               556.664790                 0.002658
               560.629737                 0.002697
               564.635811                 0.002736
               568.506447                 0.002775
               572.491659                 0.002815
               576.325778                 0.002855
               580.174766                 0.002895
               584.101158                 0.002936
               587.921321                 0.002977
               591.594945                 0.003018
               595.049499                 0.003059
               598.436116                 0.003101
               601.690998                 0.003143
               605.002127                 0.003185
               608.177390                 0.003227
               610.941879                 0.003270
               614.097355                 0.003313
               616.918122                 0.003356
               619.949086                 0.003399
               622.696668                 0.003443
               625.552713                 0.003487
               628.129186                 0.003531
               630.655791                 0.003576
               633.335568                 0.003620
               635.790972                 0.003665
               637.988520                 0.003711
               640.361674                 0.003756
               642.359824                 0.003802
               644.633826                 0.003848
               646.732403                 0.003894
               648.938712                 0.003941
               650.896915                 0.003988
               652.878520                 0.004035
               654.777170                 0.004082
               656.769876                 0.004130
               658.707530                 0.004178
               660.495319                 0.004226
               662.341639                 0.004274
               664.147146                 0.004323
               665.678337                 0.004372
               667.194975                 0.004421
               668.794823                 0.004470
               670.468610                 0.004520
               671.778435                 0.004570
               673.231890                 0.004620
               674.460619                 0.004670
               675.676257                 0.004721
               676.903466                 0.004772
               678.075623                 0.004823
               679.159102                 0.004874
               680.275588                 0.004926
               681.224724                 0.004978
               682.187165                 0.005030
               683.089933                 0.005082
               683.819466                 0.005135
               684.620080                 0.005188
               685.411649                 0.005241
               686.043587                 0.005294
               686.667421                 0.005348
               687.272468                 0.005401
               687.685656                 0.005455
               688.106407                 0.005510
               688.525700                 0.005564
               688.693209                 0.005619
               688.872895                 0.005674
               689.015339                 0.005729
               688.988920                 0.005785
               689.004470                 0.005841
               688.840724                 0.005897
               688.546556                 0.005953
               688.155646                 0.006009
               687.800115                 0.006066
               686.416382                 0.006123
               686.149731                 0.006180
               685.672242                 0.006238
               684.960846                 0.006295
               683.459057                 0.006353
               681.800839                 0.006411
               680.401307                 0.006470
               678.916272                 0.006528
               677.139302                 0.006587
               675.520531                 0.006646
               673.771534                 0.006705
               671.888646                 0.006765
               669.767897                 0.006825
               667.861724                 0.006885
               665.484073                 0.006945
               663.142706                 0.007005
               660.674504                 0.007066
               658.053072                 0.007127
               655.466015                 0.007188
               652.642169                 0.007249
               649.752289                 0.007311
               646.855653                 0.007372
               643.752878                 0.007434
               640.639949                 0.007497
               637.411360                 0.007559
               634.085608                 0.007622
               630.786393                 0.007685
               627.237866                 0.007748
               623.772553                 0.007811
               620.195895                 0.007875
               616.560004                 0.007938
               612.891814                 0.008002
               609.033399                 0.008066
               605.280256                 0.008131
               601.406312                 0.008196
               597.438004                 0.008260
               593.527459                 0.008325
               589.447601                 0.008391
               585.446385                 0.008456
               581.068748                 0.008522
               577.034685                 0.008588
               572.607365                 0.008654
               568.537189                 0.008720
               563.965025                 0.008787
               559.769865                 0.008853
               555.402798                 0.008920
               551.093991                 0.008988
               546.443133                 0.009055
               542.063185                 0.009123
               537.434444                 0.009190
               533.083740                 0.009258
               528.461055                 0.009327
               524.161943                 0.009395
               519.531313                 0.009464
               515.191782                 0.009532
               510.582927                 0.009601
               506.270415                 0.009671
               501.638131                 0.009740
               497.212181                 0.009810
               492.584210                 0.009879
               488.141945                 0.009949
               483.668232                 0.010020
               479.207609                 0.010090
               474.871576                 0.010161
               470.285817                 0.010231
               465.983957                 0.010302
               461.471874                 0.010374
               457.245511                 0.010445
               452.745736                 0.010516
               448.447439                 0.010588
               444.153008                 0.010660
               439.797680                 0.010732
               435.578440                 0.010805
               431.263115                 0.010877
               427.078165                 0.010950
               422.794506                 0.011023
               418.505526                 0.011096
               414.454042                 0.011169
               410.229975                 0.011243
               406.187538                 0.011316
               402.095921                 0.011390
               398.055773                 0.011464
               394.185337                 0.011538
               389.967411                 0.011613
               386.068418                 0.011687
               382.176610                 0.011762
               378.136931                 0.011837
               374.322549                 0.011912
               370.440055                 0.011987
               366.612796                 0.012063
               362.864520                 0.012138
               359.030580                 0.012214
               355.289737                 0.012290
               351.682366                 0.012366
               347.869857                 0.012443
               344.304540                 0.012519
               340.742380                 0.012596
               337.149340                 0.012673
               333.608062                 0.012750
               330.097871                 0.012827
               326.580895                 0.012904
               323.159674                 0.012982
               319.731071                 0.013060
               316.280486                 0.013137
               313.063485                 0.013215
               309.693683                 0.013294
               306.359464                 0.013372
               303.107179                 0.013451
               299.890980                 0.013529
               296.641541                 0.013608
               293.478668                 0.013687
               290.373031                 0.013766
               287.239773                 0.013846
               284.188270                 0.013925
               281.103696                 0.014005
               278.092344                 0.014085
               275.078595                 0.014165
               272.135277                 0.014245
               269.157256                 0.014325
               266.316735                 0.014405
               263.470904                 0.014486
               260.603746                 0.014567
               257.758955                 0.014648
               254.999295                 0.014729
               252.264313                 0.014810
               249.455853                 0.014891
               246.804968                 0.014973
               244.167569                 0.015054
               241.532043                 0.015136
               238.857822                 0.015218
               236.333157                 0.015300
               233.780096                 0.015382
               231.221302                 0.015465
               228.674085                 0.015547
               226.250701                 0.015630
               223.841002                 0.015713
               221.393574                 0.015796
               218.963323                 0.015879
               216.610146                 0.015962
               214.300662                 0.016045
               211.899548                 0.016129
               209.590192                 0.016213
               207.343927                 0.016296
               205.141056                 0.016380
               202.868133                 0.016464
               200.665357                 0.016548
               198.526963                 0.016633
               196.403415                 0.016717
               194.206566                 0.016802
               192.092832                 0.016886
               190.079329                 0.016971
               188.053969                 0.017056
               186.032026                 0.017141
               184.031097                 0.017227
               182.099339                 0.017312
               180.137723                 0.017397
               178.207934                 0.017483
               176.269173                 0.017569
               174.449879                 0.017654
               172.602336                 0.017740
               170.797502                 0.017827
               168.972981                 0.017913
               167.228919                 0.017999
               165.441856                 0.018085
               163.654866                 0.018172
               161.902825                 0.018259
               160.154886                 0.018345
               158.463362                 0.018432
               156.736353                 0.018519
               155.091529                 0.018607
               153.396256                 0.018694
               151.738828                 0.018781
               150.022618                 0.018869
               148.452120                 0.018956
               146.801331                 0.019044
               145.170830                 0.019132
               143.578179                 0.019220
               142.077560                 0.019308
               140.513621                 0.019396
               138.912784                 0.019484
               137.371135                 0.019572
               135.862414                 0.019661
               134.375445                 0.019749
               132.781840                 0.019838
               131.323763                 0.019927
               129.879136                 0.020015
               128.461809                 0.020104
               126.933082                 0.020193
               125.492079                 0.020282
               124.059698                 0.020372
               122.671984                 0.020461
               121.179246                 0.020550
               119.758581                 0.020640
               118.407137                 0.020729
               117.066639                 0.020819
               115.660470                 0.020909
               114.225398                 0.020999
               112.911215                 0.021089
               111.557848                 0.021179
               110.193281                 0.021269
               108.802775                 0.021359
               107.550074                 0.021449
               106.238920                 0.021540
               104.961518                 0.021630
               103.617708                 0.021721
               102.373436                 0.021811
               101.098328                 0.021902
                99.839156                 0.021993
                98.562854                 0.022084
                97.352416                 0.022175
                96.155574                 0.022266
                94.933899                 0.022357
                93.746207                 0.022448
                92.540792                 0.022539
                91.400545                 0.022631
                90.170794                 0.022722
                89.033132                 0.022813
                87.870325                 0.022905
                86.776479                 0.022997
                85.609189                 0.023088
                84.541126                 0.023180
                83.461610                 0.023272
                82.384427                 0.023364
                81.247329                 0.023456
                80.187064                 0.023548
                79.191226                 0.023640
                78.137727                 0.023732
                77.093855                 0.023824
                76.100889                 0.023916
                75.207109                 0.024009
                74.205550                 0.024101
                73.207499                 0.024193
                72.243111                 0.024286
                71.388300                 0.024378
                70.439542                 0.024471
                69.525692                 0.024564
                68.594730                 0.024656
                67.257518                 0.024749
                67.326185                 0.024842
                66.099740                 0.024935
                65.200444                 0.025028
                64.435783                 0.025121
                63.758744                 0.025214
                62.470986                 0.025307
                62.490364                 0.025400
                61.040205                 0.025493
                60.204474                 0.025586
                59.417459                 0.025680
                58.077372                 0.025773
                57.936184                 0.025866
                57.242018                 0.025960
                56.390168                 0.026053
                55.629186                 0.026146
                54.959582                 0.026240
                54.065762                 0.026333
                53.608745                 0.026427
                53.458001                 0.026521
                52.488832                 0.026614
                52.187519                 0.026708
                51.308912                 0.026802
                50.158712                 0.026895
                49.700210                 0.026989
                49.420579                 0.027083
                48.728371                 0.027177
                48.457128                 0.027271
                47.991079                 0.027364
                47.130239                 0.027458
                46.560550                 0.027552
                46.202359                 0.027646
                45.582075                 0.027740
                45.224895                 0.027834
                44.887297                 0.027928
                43.921642                 0.028022
                43.641149                 0.028116
                43.060068                 0.028210
                42.646334                 0.028304
                42.118228                 0.028398
                41.819794                 0.028493
                41.033827                 0.028587
                40.878751                 0.028681
                40.222195                 0.028775
                39.862626                 0.028869
                39.518364                 0.028963
                39.190128                 0.029058
                38.539510                 0.029152
                38.172753                 0.029246
                38.044573                 0.029340
                37.299961                 0.029434
                37.229219                 0.029529
                36.628107                 0.029623
                36.435913                 0.029717
                35.893104                 0.029811
                35.811239                 0.029906
                35.327171                 0.030000
