                40.502557                 0.000482
               140.383339                 0.001903
               235.800891                 0.004197
               288.904524                 0.007251
               273.303272                 0.010920
               216.791532                 0.015026
               162.912568                 0.019371
                48.277625                 0.016253
               -22.374491                 0.012058
               -39.516037                 0.008245
               -41.854674                 0.004998
               -42.982483                 0.002474
               -45.374065                 0.000794
               -46.518287                 0.000040
               -43.743169                 0.000246
               -30.895261                 0.001404
               -10.047083                 0.003458
                11.628329                 0.006309
                31.538702                 0.009819
                50.245045                 0.013819
                67.207708                 0.018117
                57.538300                 0.017494
                29.146187                 0.013226
                10.934595                 0.009284
                -4.945952                 0.005858
               -15.849947                 0.003114
               -19.707909                 0.001183
               -22.369973                 0.000158
               -20.353913                 0.000089
               -17.965512                 0.000979
                -8.023897                 0.002785
                 0.581060                 0.005420
                 7.542164                 0.008758
                 6.507825                 0.012637
                 4.930403                 0.016871
                 3.850831                 0.018745
                -0.289069                 0.014421
                -2.768905                 0.010365
                -7.329240                 0.006774
                -4.332200                 0.003820
                -6.187556                 0.001645
                -4.836124                 0.000354
                -5.998024                 0.000010
                -6.314119                 0.000628
                -4.212472                 0.002180
                -3.965466                 0.004589
                -0.439765                 0.007741
                -0.098465                 0.011484
                 3.469233                 0.015637
                 0.193455                 0.019999
