     0.000000    -0.019999     0.000000
     0.025641    -0.019999     0.000000
     0.051282    -0.019999     0.000000
     0.076923    -0.019999     0.000000
     0.102564    -0.019999     0.000000
     0.128205    -0.019999     0.000000
     0.153846    -0.019999     0.000000
     0.179487    -0.019999     0.013278
     0.205145    -0.017815     0.000000
     0.230695    -0.018664     0.000000
     0.256405    -0.017702     0.000000
     0.282047    -0.018043     0.000000
     0.307715    -0.017363     0.000000
     0.333383    -0.017448     0.000000
     0.359021    -0.016916     0.000000
     0.384703    -0.016877     0.000000
     0.410323    -0.016423     0.000000
     0.436012    -0.016318     0.000000
     0.461624    -0.015907     0.000000
     0.487312    -0.015760     0.000000
     0.512923    -0.015378     0.000000
     0.538608    -0.015202     0.000000
     0.564220    -0.014840     0.000000
     0.589899    -0.014642     0.000000
     0.615514    -0.014296     0.000000
     0.641187    -0.014080     0.000000
     0.666805    -0.013747     0.000000
     0.692472    -0.013517     0.000000
     0.718095    -0.013197     0.000000
     0.743754    -0.012952     0.000000
     0.769380    -0.012644     0.000000
     0.795034    -0.012389     0.000000
     0.820665    -0.012090     0.000000
     0.846313    -0.011825     0.000000
     0.871947    -0.011536     0.000000
     0.897592    -0.011265     0.000000
     0.923228    -0.010982     0.000000
     0.948870    -0.010705     0.000000
     0.974509    -0.010426     0.000000
     1.000148    -0.010148     0.000000
    -0.000109     0.005412     0.014177
     0.025777     0.005398     0.002592
     0.051273     0.005401     0.000000
     0.076975     0.005430     0.000000
     0.102574     0.005446     0.000000
     0.128252     0.005475     0.000000
     0.153948     0.005410     0.035224
     0.178762     0.005482     0.059288
     0.204436     0.007459     0.014895
     0.230732     0.006895     0.000000
     0.255954     0.007610     0.000000
     0.281988     0.007437     0.000000
     0.307335     0.008002     0.000000
     0.333233     0.008004     0.000000
     0.358688     0.008471     0.000000
     0.384500     0.008562     0.000000
     0.410019     0.008975     0.000000
     0.435779     0.009115     0.000000
     0.461333     0.009497     0.000000
     0.487064     0.009670     0.000000
     0.512638     0.010030     0.000000
     0.538350     0.010226     0.000000
     0.563938     0.010571     0.000000
     0.589636     0.010785     0.000000
     0.615233     0.011117     0.000000
     0.640920     0.011345     0.000000
     0.666525     0.011668     0.000000
     0.692202     0.011908     0.000000
     0.717814     0.012221     0.000000
     0.743483     0.012471     0.000000
     0.769100     0.012775     0.000000
     0.794762     0.013035     0.000000
     0.820386     0.013330     0.000000
     0.846039     0.013597     0.000000
     0.871669     0.013886     0.000000
     0.897317     0.014158     0.000000
     0.922951     0.014440     0.000000
     0.948594     0.014718     0.000000
     0.974232     0.014996     0.000000
     0.999872     0.015275     0.000000
    -0.000431     0.030297     0.012194
     0.025544     0.030585     0.005981
     0.051243     0.030784     0.001273
     0.076919     0.030891     0.000000
     0.102583     0.030991     0.006147
     0.128167     0.030728     0.002600
     0.153947     0.031737     0.012551
     0.179027     0.031897     0.021867
     0.204728     0.032295     0.002067
     0.230320     0.032313     0.000000
     0.255928     0.032995     0.000000
     0.281650     0.032833     0.000000
     0.307179     0.033462     0.000000
     0.332951     0.033378     0.000000
     0.358461     0.033935     0.000000
     0.384239     0.033941     0.000000
     0.409759     0.034431     0.000000
     0.435524     0.034505     0.000000
     0.461061     0.034945     0.000000
     0.486807     0.035067     0.000000
     0.512361     0.035472     0.000000
     0.538088     0.035628     0.000000
     0.563658     0.036009     0.000000
     0.589370     0.036190     0.000000
     0.614952     0.036554     0.000000
     0.640651     0.036754     0.000000
     0.666244     0.037103     0.000000
     0.691932     0.037319     0.000000
     0.717533     0.037654     0.000000
     0.743212     0.037884     0.000000
     0.768820     0.038206     0.000000
     0.794490     0.038448     0.000000
     0.820104     0.038758     0.000000
     0.845768     0.039012     0.000000
     0.871389     0.039312     0.000000
     0.897045     0.039575     0.000000
     0.922673     0.039865     0.000000
     0.948321     0.040135     0.000000
     0.973955     0.040418     0.000000
     0.999594     0.040695     0.000000
    -0.000498     0.055678     0.000962
     0.025122     0.055832     0.000444
     0.050834     0.056193     0.002331
     0.076568     0.056214     0.001172
     0.102194     0.056604     0.007273
     0.127604     0.056405     0.012553
     0.152773     0.056913     0.000872
     0.178998     0.057203     0.003090
     0.204074     0.057924     0.000000
     0.230220     0.057828     0.000000
     0.255459     0.058337     0.000000
     0.281511     0.058331     0.000000
     0.306807     0.058815     0.000000
     0.332777     0.058854     0.000000
     0.358134     0.059315     0.000000
     0.384041     0.059391     0.000000
     0.409450     0.059828     0.000000
     0.435308     0.059939     0.000000
     0.460762     0.060351     0.000000
     0.486579     0.060495     0.000000
     0.512069     0.060882     0.000000
     0.537852     0.061054     0.000000
     0.563372     0.061421     0.000000
     0.589127     0.061616     0.000000
     0.614670     0.061965     0.000000
     0.640401     0.062180     0.000000
     0.665964     0.062513     0.000000
     0.691675     0.062746     0.000000
     0.717255     0.063065     0.000000
     0.742948     0.063312     0.000000
     0.768544     0.063620     0.000000
     0.794222     0.063878     0.000000
     0.819831     0.064176     0.000000
     0.845495     0.064441     0.000000
     0.871116     0.064731     0.000000
     0.896769     0.065003     0.000000
     0.922399     0.065287     0.000000
     0.948044     0.065563     0.000000
     0.973681     0.065843     0.000000
     0.999322     0.066121     0.000000
    -0.000753     0.081026     0.000000
     0.024923     0.081318     0.000000
     0.050524     0.081490     0.000000
     0.076216     0.081748     0.000000
     0.101757     0.082021     0.000132
     0.127522     0.082432     0.001143
     0.153063     0.082503     0.003856
     0.178499     0.082881     0.000558
     0.204278     0.083077     0.000000
     0.229843     0.083214     0.000000
     0.255498     0.083729     0.000000
     0.281126     0.083719     0.000000
     0.306735     0.084261     0.000000
     0.332412     0.084241     0.000000
     0.357993     0.084767     0.000000
     0.383697     0.084785     0.000000
     0.409268     0.085278     0.000000
     0.434983     0.085338     0.000000
     0.460550     0.085798     0.000000
     0.486266     0.085895     0.000000
     0.511837     0.086328     0.000000
     0.537548     0.086455     0.000000
     0.563123     0.086865     0.000000
     0.588828     0.087019     0.000000
     0.614410     0.087411     0.000000
     0.640108     0.087585     0.000000
     0.665697     0.087961     0.000000
     0.691387     0.088151     0.000000
     0.716984     0.088510     0.000000
     0.742666     0.088717     0.000000
     0.768268     0.089061     0.000000
     0.793943     0.089281     0.000000
     0.819552     0.089612     0.000000
     0.845219     0.089848     0.000000
     0.870836     0.090164     0.000000
     0.896496     0.090413     0.000000
     0.922121     0.090714     0.000000
     0.947771     0.090975     0.000000
     0.973404     0.091262     0.000000
     0.999043     0.091538     0.000000
    -0.001049     0.106444     0.000000
     0.024597     0.106673     0.000000
     0.050238     0.106978     0.000000
     0.075875     0.107108     0.000000
     0.101453     0.107460     0.000000
     0.127075     0.107422     0.000000
     0.152592     0.108057     0.000000
     0.178342     0.108056     0.000000
     0.203829     0.108666     0.000000
     0.229589     0.108708     0.000000
     0.255097     0.109130     0.000000
     0.280902     0.109214     0.000000
     0.306388     0.109629     0.000000
     0.332202     0.109726     0.000000
     0.357677     0.110141     0.000000
     0.383489     0.110248     0.000000
     0.408964     0.110662     0.000000
     0.434767     0.110786     0.000000
     0.460254     0.111191     0.000000
     0.486044     0.111337     0.000000
     0.511547     0.111725     0.000000
     0.537320     0.111895     0.000000
     0.562841     0.112264     0.000000
     0.588594     0.112456     0.000000
     0.614134     0.112808     0.000000
     0.639866     0.113020     0.000000
     0.665423     0.113356     0.000000
     0.691137     0.113587     0.000000
     0.716711     0.113910     0.000000
     0.742407     0.114155     0.000000
     0.767998     0.114466     0.000000
     0.793678     0.114722     0.000000
     0.819284     0.115023     0.000000
     0.844950     0.115286     0.000000
     0.870567     0.115578     0.000000
     0.896221     0.115847     0.000000
     0.921849     0.116133     0.000000
     0.947494     0.116409     0.000000
     0.973131     0.116690     0.000000
     0.998773     0.116968     0.000000
    -0.001294     0.131830     0.000000
     0.024346     0.132132     0.000000
     0.049977     0.132336     0.000000
     0.075611     0.132655     0.000000
     0.101244     0.132894     0.000000
     0.126864     0.133313     0.000000
     0.152490     0.133406     0.000000
     0.178085     0.133744     0.000000
     0.203736     0.133910     0.000000
     0.229366     0.134127     0.000000
     0.255000     0.134496     0.000000
     0.280618     0.134621     0.000000
     0.306251     0.135042     0.000000
     0.331880     0.135131     0.000000
     0.357509     0.135571     0.000000
     0.383153     0.135660     0.000000
     0.408777     0.136100     0.000000
     0.434433     0.136198     0.000000
     0.460050     0.136632     0.000000
     0.485714     0.136744     0.000000
     0.511326     0.137170     0.000000
     0.536996     0.137297     0.000000
     0.562603     0.137714     0.000000
     0.588276     0.137857     0.000000
     0.613880     0.138264     0.000000
     0.639556     0.138422     0.000000
     0.665161     0.138817     0.000000
     0.690835     0.138987     0.000000
     0.716443     0.139367     0.000000
     0.742114     0.139552     0.000000
     0.767724     0.139916     0.000000
     0.793392     0.140118     0.000000
     0.819005     0.140466     0.000000
     0.844668     0.140686     0.000000
     0.870287     0.141016     0.000000
     0.895945     0.141253     0.000000
     0.921572     0.141564     0.000000
     0.947221     0.141817     0.000000
     0.972854     0.142107     0.000000
     0.998493     0.142381     0.000000
    -0.001635     0.157264     0.000000
     0.024013     0.157514     0.000000
     0.049642     0.157822     0.000000
     0.075274     0.157976     0.000000
     0.100881     0.158328     0.000000
     0.126525     0.158353     0.000000
     0.152136     0.158898     0.000000
     0.177787     0.158937     0.000000
     0.203389     0.159475     0.000000
     0.229042     0.159554     0.000000
     0.254642     0.159966     0.000000
     0.280343     0.160075     0.000000
     0.305920     0.160464     0.000000
     0.331646     0.160589     0.000000
     0.357199     0.160975     0.000000
     0.382937     0.161108     0.000000
     0.408475     0.161494     0.000000
     0.434220     0.161643     0.000000
     0.459753     0.162023     0.000000
     0.485499     0.162191     0.000000
     0.511037     0.162560     0.000000
     0.536776     0.162747     0.000000
     0.562324     0.163101     0.000000
     0.588050     0.163307     0.000000
     0.613611     0.163645     0.000000
     0.639322     0.163869     0.000000
     0.664894     0.164195     0.000000
     0.690592     0.164435     0.000000
     0.716176     0.164751     0.000000
     0.741861     0.165003     0.000000
     0.767459     0.165310     0.000000
     0.793131     0.165570     0.000000
     0.818741     0.165868     0.000000
     0.844402     0.166134     0.000000
     0.870022     0.166424     0.000000
     0.895672     0.166694     0.000000
     0.921301     0.166979     0.000000
     0.946944     0.167257     0.000000
     0.972581     0.167538     0.000000
     0.998222     0.167816     0.000000
    -0.001847     0.182669     0.000000
     0.023784     0.182964     0.000000
     0.049429     0.183199     0.000000
     0.075060     0.183521     0.000000
     0.100698     0.183754     0.000000
     0.126314     0.184146     0.000000
     0.151934     0.184270     0.000000
     0.177579     0.184606     0.000000
     0.203199     0.184756     0.000000
     0.228857     0.185017     0.000000
     0.254474     0.185299     0.000000
     0.280108     0.185506     0.000000
     0.305733     0.185841     0.000000
     0.331359     0.186013     0.000000
     0.356996     0.186379     0.000000
     0.382621     0.186537     0.000000
     0.408265     0.186920     0.000000
     0.433894     0.187065     0.000000
     0.459537     0.187460     0.000000
     0.485171     0.187601     0.000000
     0.510809     0.188006     0.000000
     0.536449     0.188146     0.000000
     0.562079     0.188557     0.000000
     0.587727     0.188703     0.000000
     0.613350     0.189113     0.000000
     0.639005     0.189266     0.000000
     0.664625     0.189669     0.000000
     0.690284     0.189830     0.000000
     0.715901     0.190221     0.000000
     0.741563     0.190394     0.000000
     0.767179     0.190769     0.000000
     0.792840     0.190958     0.000000
     0.818457     0.191318     0.000000
     0.844117     0.191527     0.000000
     0.869739     0.191868     0.000000
     0.895395     0.192096     0.000000
     0.921022     0.192414     0.000000
     0.946672     0.192660     0.000000
     0.972304     0.192952     0.000000
     0.997943     0.193225     0.000000
    -0.002202     0.208109     0.000000
     0.023445     0.208363     0.000000
     0.049072     0.208664     0.000000
     0.074707     0.208841     0.000000
     0.100342     0.209183     0.000000
     0.125982     0.209255     0.000000
     0.151631     0.209725     0.000000
     0.177243     0.209799     0.000000
     0.202891     0.210299     0.000000
     0.228507     0.210394     0.000000
     0.254150     0.210812     0.000000
     0.279800     0.210922     0.000000
     0.305425     0.211315     0.000000
     0.331101     0.211439     0.000000
     0.356702     0.211820     0.000000
     0.382393     0.211958     0.000000
     0.407973     0.212333     0.000000
     0.433676     0.212495     0.000000
     0.459247     0.212858     0.000000
     0.484954     0.213045     0.000000
     0.510526     0.213394     0.000000
     0.536231     0.213604     0.000000
     0.561807     0.213935     0.000000
     0.587504     0.214163     0.000000
     0.613088     0.214480     0.000000
     0.638775     0.214724     0.000000
     0.664368     0.215032     0.000000
     0.690044     0.215289     0.000000
     0.715646     0.215590     0.000000
     0.741313     0.215857     0.000000
     0.766924     0.216152     0.000000
     0.792582     0.216424     0.000000
     0.818202     0.216712     0.000000
     0.843852     0.216985     0.000000
     0.869477     0.217268     0.000000
     0.895121     0.217543     0.000000
     0.920753     0.217824     0.000000
     0.946392     0.218105     0.000000
     0.972031     0.218386     0.000000
     0.997672     0.218664     0.000000
    -0.002383     0.233525     0.000000
     0.023244     0.233808     0.000000
     0.048894     0.234060     0.000000
     0.074526     0.234365     0.000000
     0.100153     0.234603     0.000000
     0.125783     0.234972     0.000000
     0.151392     0.235128     0.000000
     0.177059     0.235467     0.000000
     0.202667     0.235600     0.000000
     0.228333     0.235893     0.000000
     0.253939     0.236117     0.000000
     0.279590     0.236378     0.000000
     0.305202     0.236649     0.000000
     0.330838     0.236884     0.000000
     0.356465     0.237193     0.000000
     0.382097     0.237408     0.000000
     0.407738     0.237741     0.000000
     0.433364     0.237929     0.000000
     0.459010     0.238290     0.000000
     0.484636     0.238458     0.000000
     0.510279     0.238841     0.000000
     0.535908     0.238998     0.000000
     0.561546     0.239399     0.000000
     0.587182     0.239552     0.000000
     0.612814     0.239961     0.000000
     0.638458     0.240114     0.000000
     0.664084     0.240520     0.000000
     0.689734     0.240677     0.000000
     0.715356     0.241074     0.000000
     0.741011     0.241240     0.000000
     0.766631     0.241621     0.000000
     0.792287     0.241804     0.000000
     0.817908     0.242169     0.000000
     0.843565     0.242373     0.000000
     0.869189     0.242719     0.000000
     0.894844     0.242942     0.000000
     0.920472     0.243263     0.000000
     0.946122     0.243505     0.000000
     0.971755     0.243797     0.000000
     0.997393     0.244070     0.000000
    -0.002749     0.258963     0.000000
     0.022898     0.259216     0.000000
     0.048524     0.259504     0.000000
     0.074160     0.259710     0.000000
     0.099815     0.260034     0.000000
     0.125444     0.260137     0.000000
     0.151113     0.260556     0.000000
     0.176706     0.260647     0.000000
     0.202373     0.261134     0.000000
     0.227978     0.261233     0.000000
     0.253645     0.261661     0.000000
     0.279263     0.261763     0.000000
     0.304921     0.262171     0.000000
     0.330561     0.262283     0.000000
     0.356196     0.262670     0.000000
     0.381851     0.262799     0.000000
     0.407463     0.263176     0.000000
     0.433133     0.263341     0.000000
     0.458734     0.263698     0.000000
     0.484412     0.263896     0.000000
     0.510008     0.264232     0.000000
     0.535687     0.264459     0.000000
     0.561285     0.264771     0.000000
     0.586958     0.265021     0.000000
     0.612563     0.265315     0.000000
     0.638228     0.265582     0.000000
     0.663840     0.265868     0.000000
     0.689497     0.266146     0.000000
     0.715114     0.266429     0.000000
     0.740765     0.266714     0.000000
     0.766388     0.266994     0.000000
     0.792032     0.267280     0.000000
     0.817660     0.267556     0.000000
     0.843301     0.267838     0.000000
     0.868933     0.268112     0.000000
     0.894569     0.268394     0.000000
     0.920204     0.268670     0.000000
     0.945839     0.268955     0.000000
     0.971479     0.269233     0.000000
     0.997119     0.269512     0.000000
    -0.002907     0.284385     0.000000
     0.022718     0.284658     0.000000
     0.048372     0.284925     0.000000
     0.074005     0.285196     0.000000
     0.099620     0.285451     0.000000
     0.125263     0.285801     0.000000
     0.150861     0.285986     0.000000
     0.176540     0.286332     0.000000
     0.202140     0.286440     0.000000
     0.227806     0.286758     0.000000
     0.253402     0.286943     0.000000
     0.279068     0.287244     0.000000
     0.304664     0.287463     0.000000
     0.330318     0.287748     0.000000
     0.355928     0.288010     0.000000
     0.381573     0.288276     0.000000
     0.407203     0.288565     0.000000
     0.432836     0.288791     0.000000
     0.458473     0.289120     0.000000
     0.484104     0.289314     0.000000
     0.509740     0.289678     0.000000
     0.535373     0.289849     0.000000
     0.561003     0.290243     0.000000
     0.586644     0.290401     0.000000
     0.612267     0.290810     0.000000
     0.637915     0.290963     0.000000
     0.663533     0.291373     0.000000
     0.689185     0.291527     0.000000
     0.714803     0.291927     0.000000
     0.740459     0.292089     0.000000
     0.766077     0.292474     0.000000
     0.791735     0.292652     0.000000
     0.817355     0.293021     0.000000
     0.843012     0.293221     0.000000
     0.868635     0.293571     0.000000
     0.894293     0.293791     0.000000
     0.919920     0.294112     0.000000
     0.945572     0.294352     0.000000
     0.971204     0.294640     0.000000
     0.996844     0.294914     0.000000
    -0.003277     0.309818     0.000000
     0.022371     0.310071     0.000000
     0.047991     0.310342     0.000000
     0.073629     0.310589     0.000000
     0.099289     0.310886     0.000000
     0.124914     0.311011     0.000000
     0.150589     0.311391     0.000000
     0.176179     0.311481     0.000000
     0.201851     0.311981     0.000000
     0.227459     0.312075     0.000000
     0.253135     0.312509     0.000000
     0.278734     0.312603     0.000000
     0.304412     0.313028     0.000000
     0.330024     0.313122     0.000000
     0.355686     0.313523     0.000000
     0.381312     0.313633     0.000000
     0.406947     0.314023     0.000000
     0.432592     0.314183     0.000000
     0.458216     0.314539     0.000000
     0.483867     0.314746     0.000000
     0.509487     0.315070     0.000000
     0.535139     0.315315     0.000000
     0.560762     0.315608     0.000000
     0.586409     0.315879     0.000000
     0.612034     0.316153     0.000000
     0.637678     0.316441     0.000000
     0.663307     0.316707     0.000000
     0.688948     0.317005     0.000000
     0.714578     0.317269     0.000000
     0.740216     0.317572     0.000000
     0.765848     0.317838     0.000000
     0.791483     0.318137     0.000000
     0.817118     0.318400     0.000000
     0.842749     0.318694     0.000000
     0.868387     0.318956     0.000000
     0.894015     0.319245     0.000000
     0.919655     0.319515     0.000000
     0.945284     0.319803     0.000000
     0.970927     0.320084     0.000000
     0.996566     0.320360     0.000000
    -0.003422     0.335244     0.000000
     0.022203     0.335510     0.000000
     0.047862     0.335795     0.000000
     0.073492     0.336019     0.000000
     0.099109     0.336301     0.000000
     0.124751     0.336635     0.000000
     0.150348     0.336845     0.000000
     0.176024     0.337205     0.000000
     0.201621     0.337276     0.000000
     0.227279     0.337614     0.000000
     0.252866     0.337777     0.000000
     0.278549     0.338103     0.000000
     0.304123     0.338280     0.000000
     0.329801     0.338609     0.000000
     0.355385     0.338827     0.000000
     0.381054     0.339144     0.000000
     0.406660     0.339390     0.000000
     0.432312     0.339651     0.000000
     0.457927     0.339952     0.000000
     0.483575     0.340167     0.000000
     0.509192     0.340517     0.000000
     0.534841     0.340698     0.000000
     0.560452     0.341089     0.000000
     0.586105     0.341251     0.000000
     0.611714     0.341662     0.000000
     0.637368     0.341814     0.000000
     0.662976     0.342227     0.000000
     0.688631     0.342378     0.000000
     0.714242     0.342782     0.000000
     0.739901     0.342939     0.000000
     0.765516     0.343328     0.000000
     0.791179     0.343500     0.000000
     0.816797     0.343875     0.000000
     0.842460     0.344070     0.000000
     0.868081     0.344425     0.000000
     0.893742     0.344642     0.000000
     0.919367     0.344964     0.000000
     0.945023     0.345200     0.000000
     0.970655     0.345481     0.000000
     0.996295     0.345756     0.000000
    -0.003794     0.360672     0.000000
     0.021859     0.360924     0.000000
     0.047471     0.361176     0.000000
     0.073118     0.361481     0.000000
     0.098755     0.361742     0.000000
     0.124394     0.361881     0.000000
     0.150059     0.362228     0.000000
     0.175668     0.362304     0.000000
     0.201334     0.362841     0.000000
     0.226951     0.362925     0.000000
     0.252630     0.363355     0.000000
     0.278209     0.363444     0.000000
     0.303907     0.363888     0.000000
     0.329488     0.363959     0.000000
     0.355176     0.364380     0.000000
     0.380772     0.364461     0.000000
     0.406431     0.364873     0.000000
     0.432049     0.365022     0.000000
     0.457696     0.365383     0.000000
     0.483319     0.365593     0.000000
     0.508963     0.365911     0.000000
     0.534589     0.366171     0.000000
     0.560232     0.366448     0.000000
     0.585856     0.366738     0.000000
     0.611496     0.366994     0.000000
     0.637124     0.367303     0.000000
     0.662765     0.367550     0.000000
     0.688397     0.367866     0.000000
     0.714035     0.368112     0.000000
     0.739667     0.368430     0.000000
     0.765301     0.368682     0.000000
     0.790932     0.368994     0.000000
     0.816569     0.369245     0.000000
     0.842198     0.369548     0.000000
     0.867837     0.369800     0.000000
     0.893465     0.370095     0.000000
     0.919106     0.370360     0.000000
     0.944731     0.370651     0.000000
     0.970372     0.370935     0.000000
     0.996012     0.371206     0.000000
    -0.003931     0.386096     0.000000
     0.021693     0.386364     0.000000
     0.047357     0.386671     0.000000
     0.072977     0.386841     0.000000
     0.098629     0.387158     0.000000
     0.124248     0.387470     0.000000
     0.149867     0.387707     0.000000
     0.175504     0.388088     0.000000
     0.201110     0.388106     0.000000
     0.226756     0.388461     0.000000
     0.252333     0.388624     0.000000
     0.278038     0.388958     0.000000
     0.303579     0.389101     0.000000
     0.329296     0.389469     0.000000
     0.354838     0.389644     0.000000
     0.380542     0.390016     0.000000
     0.406109     0.390214     0.000000
     0.431791     0.390509     0.000000
     0.457369     0.390786     0.000000
     0.483051     0.391018     0.000000
     0.508632     0.391357     0.000000
     0.534310     0.391545     0.000000
     0.559889     0.391938     0.000000
     0.585568     0.392104     0.000000
     0.611150     0.392517     0.000000
     0.636821     0.392668     0.000000
     0.662404     0.393083     0.000000
     0.688072     0.393231     0.000000
     0.713666     0.393640     0.000000
     0.739337     0.393789     0.000000
     0.764944     0.394184     0.000000
     0.790618     0.394346     0.000000
     0.816234     0.394730     0.000000
     0.841904     0.394916     0.000000
     0.867526     0.395282     0.000000
     0.893192     0.395491     0.000000
     0.918816     0.395821     0.000000
     0.944477     0.396050     0.000000
     0.970108     0.396320     0.000000
     0.995753     0.396596     0.000000
    -0.004311     0.411519     0.000000
     0.021345     0.411771     0.000000
     0.046969     0.411997     0.000000
     0.072642     0.412389     0.000000
     0.098186     0.412603     0.000000
     0.123887     0.412745     0.000000
     0.149510     0.413071     0.000000
     0.175193     0.413116     0.000000
     0.200840     0.413718     0.000000
     0.226451     0.413791     0.000000
     0.252141     0.414189     0.000000
     0.277691     0.414295     0.000000
     0.303415     0.414747     0.000000
     0.328948     0.414796     0.000000
     0.354668     0.415242     0.000000
     0.380228     0.415282     0.000000
     0.405915     0.415730     0.000000
     0.431502     0.415859     0.000000
     0.457178     0.416228     0.000000
     0.482763     0.416438     0.000000
     0.508438     0.416753     0.000000
     0.534030     0.417026     0.000000
     0.559700     0.417292     0.000000
     0.585291     0.417599     0.000000
     0.610951     0.417839     0.000000
     0.636559     0.418169     0.000000
     0.662214     0.418399     0.000000
     0.687840     0.418728     0.000000
     0.713482     0.418959     0.000000
     0.739113     0.419286     0.000000
     0.764745     0.419527     0.000000
     0.790377     0.419845     0.000000
     0.816011     0.420091     0.000000
     0.841645     0.420394     0.000000
     0.867284     0.420645     0.000000
     0.892919     0.420941     0.000000
     0.918561     0.421207     0.000000
     0.944188     0.421497     0.000000
     0.969822     0.421791     0.000000
     0.995455     0.422047     0.000000
    -0.004443     0.436937     0.000000
     0.021184     0.437215     0.000000
     0.046833     0.437526     0.000000
     0.072433     0.437687     0.000000
     0.098215     0.438037     0.000000
     0.123752     0.438276     0.000000
     0.149473     0.438572     0.000000
     0.174955     0.438973     0.000000
     0.200595     0.438939     0.000000
     0.226256     0.439302     0.000000
     0.251803     0.439483     0.000000
     0.277546     0.439817     0.000000
     0.303022     0.439923     0.000000
     0.328820     0.440334     0.000000
     0.354285     0.440458     0.000000
     0.380045     0.440897     0.000000
     0.405542     0.441040     0.000000
     0.431276     0.441365     0.000000
     0.456790     0.441628     0.000000
     0.482533     0.441862     0.000000
     0.508057     0.442201     0.000000
     0.533781     0.442390     0.000000
     0.559314     0.442793     0.000000
     0.585031     0.442963     0.000000
     0.610574     0.443375     0.000000
     0.636266     0.443526     0.000000
     0.661821     0.443940     0.000000
     0.687494     0.444086     0.000000
     0.713078     0.444498     0.000000
     0.738750     0.444638     0.000000
     0.764362     0.445041     0.000000
     0.790042     0.445186     0.000000
     0.815666     0.445584     0.000000
     0.841347     0.445756     0.000000
     0.866971     0.446137     0.000000
     0.892646     0.446333     0.000000
     0.918267     0.446681     0.000000
     0.943941     0.446901     0.000000
     0.969572     0.447168     0.000000
     0.995232     0.447429     0.000000
    -0.004844     0.462370     0.000000
     0.020781     0.462607     0.000000
     0.046504     0.462778     0.000000
     0.072213     0.463318     0.000000
     0.097554     0.463482     0.000000
     0.123412     0.463549     0.000000
     0.148928     0.463935     0.000000
     0.174782     0.463953     0.000000
     0.200407     0.464590     0.000000
     0.225947     0.464699     0.000000
     0.251669     0.464986     0.000000
     0.277205     0.465180     0.000000
     0.302936     0.465603     0.000000
     0.328403     0.465629     0.000000
     0.354159     0.466120     0.000000
     0.379675     0.466096     0.000000
     0.405402     0.466601     0.000000
     0.430942     0.466696     0.000000
     0.456667     0.467077     0.000000
     0.482193     0.467273     0.000000
     0.507914     0.467600     0.000000
     0.533461     0.467881     0.000000
     0.559161     0.468142     0.000000
     0.584709     0.468466     0.000000
     0.610391     0.468693     0.000000
     0.635981     0.469043     0.000000
     0.661646     0.469258     0.000000
     0.687271     0.469590     0.000000
     0.712916     0.469811     0.000000
     0.738548     0.470136     0.000000
     0.764180     0.470371     0.000000
     0.789810     0.470687     0.000000
     0.815443     0.470929     0.000000
     0.841082     0.471232     0.000000
     0.866724     0.471483     0.000000
     0.892372     0.471778     0.000000
     0.918023     0.472050     0.000000
     0.943670     0.472330     0.000000
     0.969313     0.472669     0.000000
     0.994917     0.472876     0.000000
    -0.004941     0.487784     0.404517
     0.020843     0.488067     0.403710
     0.046067     0.488330     0.404021
     0.071554     0.488550     0.072839
     0.098293     0.488951     0.020680
     0.123235     0.488997     0.018434
     0.149301     0.489455     0.018569
     0.174268     0.489903     0.016991
     0.199920     0.489731     0.028399
     0.225979     0.490166     0.019121
     0.251220     0.490346     0.014601
     0.277087     0.490686     0.008248
     0.302442     0.490766     0.007593
     0.328404     0.491198     0.003628
     0.353731     0.491282     0.003223
     0.379544     0.491791     0.002580
     0.404948     0.491874     0.002020
     0.430752     0.492214     0.001707
     0.456189     0.492475     0.001925
     0.482041     0.492701     0.001814
     0.507455     0.493045     0.002437
     0.533263     0.493235     0.003067
     0.558694     0.493656     0.003445
     0.584510     0.493835     0.004945
     0.609976     0.494236     0.007197
     0.635701     0.494395     0.008369
     0.661235     0.494802     0.011377
     0.686866     0.494939     0.010812
     0.712487     0.495362     0.012272
     0.738107     0.495484     0.010269
     0.763777     0.495895     0.010249
     0.789434     0.496020     0.007411
     0.815100     0.496428     0.006339
     0.840779     0.496587     0.003997
     0.866415     0.496981     0.002917
     0.892102     0.497162     0.001557
     0.917703     0.497536     0.001291
     0.943400     0.497727     0.001518
     0.969027     0.498045     0.004084
     0.994860     0.498246     0.007608
     0.018100     0.524108     0.402961
     0.039914     0.524005     0.404575
     0.059432     0.518600     0.411376
     0.077161     0.514969     0.410658
     0.098173     0.514614     0.404442
     0.124682     0.514657     0.404264
     0.149035     0.514991     0.092206
     0.175856     0.515219     0.036316
     0.202170     0.515006     0.025665
     0.226570     0.516035     0.016012
     0.252372     0.516091     0.015738
     0.276995     0.516313     0.020233
     0.302838     0.516541     0.011917
     0.327792     0.516561     0.012085
     0.353680     0.517158     0.004435
     0.379066     0.516975     0.003333
     0.404901     0.517553     0.002055
     0.430316     0.517585     0.001733
     0.456157     0.517910     0.001923
     0.481549     0.518158     0.003108
     0.507349     0.518506     0.003978
     0.532730     0.518831     0.006002
     0.558402     0.519066     0.008042
     0.583757     0.519415     0.011422
     0.609227     0.519687     0.011842
     0.634737     0.519985     0.014830
     0.660066     0.520267     0.012712
     0.685837     0.520464     0.014674
     0.711206     0.520683     0.011288
     0.737191     0.520929     0.013151
     0.762670     0.521119     0.010384
     0.788704     0.521424     0.011597
     0.814316     0.521636     0.008709
     0.840269     0.521978     0.008644
     0.865950     0.522219     0.005821
     0.891755     0.522580     0.004911
     0.917441     0.522832     0.003409
     0.943148     0.523141     0.003980
     0.968843     0.523340     0.006383
     0.994674     0.523409     0.009366
     0.015720     0.549434     0.000000
     0.042247     0.550349     0.041943
     0.068042     0.551191     0.315374
     0.091697     0.551950     0.404162
     0.120871     0.551055     0.405159
     0.135407     0.555120     0.410986
     0.158886     0.538885     0.411367
     0.175923     0.541879     0.405232
     0.199001     0.540987     0.399334
     0.225955     0.541559     0.109697
     0.251673     0.541762     0.029098
     0.277807     0.542334     0.010201
     0.302407     0.541964     0.014251
     0.328600     0.542576     0.009414
     0.353299     0.542193     0.011140
     0.379227     0.542829     0.006168
     0.404332     0.542775     0.004717
     0.430358     0.543102     0.003666
     0.455506     0.543372     0.004913
     0.481537     0.543637     0.005186
     0.506651     0.544013     0.008035
     0.532508     0.544301     0.008697
     0.557699     0.544776     0.013267
     0.583224     0.545109     0.011904
     0.608720     0.545382     0.016528
     0.633896     0.545627     0.010855
     0.659881     0.545801     0.012707
     0.684989     0.545919     0.009179
     0.711195     0.546142     0.011079
     0.736353     0.546188     0.008570
     0.762590     0.546544     0.011252
     0.787922     0.546546     0.008673
     0.814059     0.547024     0.010669
     0.839594     0.547107     0.008126
     0.865562     0.547624     0.008835
     0.891275     0.547786     0.006964
     0.917085     0.548252     0.007317
     0.942888     0.548416     0.008940
     0.968784     0.548612     0.010628
     0.994663     0.548686     0.010968
     0.016873     0.574941     0.001926
     0.042217     0.574839     0.005305
     0.067943     0.575455     0.005763
     0.093921     0.576635     0.010442
     0.118380     0.577884     0.031507
     0.146313     0.581928     0.041001
     0.172422     0.577201     0.408684
     0.161063     0.591494     0.401666
     0.221711     0.568588     0.407600
     0.232963     0.570356     0.401893
     0.251247     0.567326     0.402437
     0.277210     0.567639     0.365345
     0.303024     0.568061     0.046206
     0.327412     0.567674     0.018249
     0.353802     0.568684     0.006728
     0.378683     0.567930     0.008133
     0.404788     0.568645     0.006721
     0.429732     0.568504     0.004946
     0.455945     0.568856     0.006293
     0.480857     0.569153     0.010362
     0.506815     0.569703     0.011995
     0.531748     0.569969     0.016925
     0.557228     0.570528     0.014839
     0.582576     0.570561     0.018331
     0.607648     0.571215     0.011387
     0.633618     0.570969     0.013713
     0.658547     0.571377     0.008690
     0.684859     0.571314     0.011513
     0.709775     0.571464     0.008401
     0.736237     0.571666     0.011048
     0.761282     0.571655     0.009203
     0.787745     0.572056     0.011977
     0.813028     0.572048     0.009739
     0.839366     0.572562     0.012585
     0.864931     0.572636     0.009451
     0.890978     0.573160     0.011132
     0.916766     0.573335     0.011175
     0.942708     0.573592     0.012568
     0.968589     0.573701     0.012503
     0.994520     0.573805     0.013445
     0.015469     0.600333     0.000366
     0.041158     0.601243     0.009146
     0.066230     0.602227     0.021133
     0.091247     0.602879     0.013620
     0.117174     0.603486     0.016935
     0.141621     0.602000     0.032287
     0.166033     0.608622     0.038925
     0.200174     0.595432     0.026674
     0.213799     0.587859     0.030025
     0.245903     0.601345     0.406440
     0.269344     0.625349     0.406049
     0.276470     0.587271     0.407831
     0.303137     0.595009     0.060870
     0.329163     0.593873     0.016035
     0.352882     0.593235     0.021457
     0.379558     0.594088     0.012814
     0.403767     0.593903     0.012862
     0.430430     0.594060     0.007410
     0.454813     0.594405     0.016694
     0.481227     0.594875     0.013372
     0.505803     0.595290     0.022314
     0.531506     0.595963     0.015648
     0.556748     0.596140     0.022361
     0.581611     0.596798     0.010857
     0.607809     0.596469     0.010775
     0.632538     0.596894     0.007250
     0.659003     0.596682     0.007825
     0.683713     0.596866     0.006199
     0.710289     0.596901     0.007298
     0.735077     0.596846     0.006296
     0.761681     0.597184     0.008799
     0.786645     0.596952     0.007527
     0.813178     0.597568     0.011119
     0.838395     0.597349     0.009702
     0.864767     0.598132     0.014031
     0.890390     0.598089     0.012357
     0.916481     0.598637     0.016459
     0.942488     0.598683     0.016227
     0.968478     0.598926     0.015995
     0.994466     0.598951     0.016629
     0.015381     0.625718     0.000000
     0.041336     0.626018     0.004605
     0.067332     0.627105     0.000999
     0.093070     0.627674     0.006671
     0.118794     0.629267     0.026379
     0.143923     0.633644     0.010447
     0.170325     0.630512     0.025679
     0.192266     0.638678     0.401266
     0.211586     0.615422     0.392572
     0.240046     0.648985     0.026965
     0.259873     0.614955     0.014624
     0.295736     0.654954     0.397356
     0.300217     0.613330     0.408779
     0.328429     0.620624     0.021286
     0.354801     0.620232     0.018790
     0.378386     0.619117     0.012417
     0.405721     0.620033     0.014961
     0.429092     0.619506     0.012920
     0.456566     0.620193     0.019296
     0.479946     0.620375     0.031957
     0.506420     0.621607     0.021675
     0.530692     0.621264     0.030907
     0.556009     0.622566     0.008933
     0.581891     0.621631     0.011548
     0.606762     0.622501     0.006858
     0.632999     0.621964     0.007397
     0.657805     0.622375     0.005468
     0.684203     0.622197     0.005153
     0.709063     0.622234     0.004880
     0.735544     0.622420     0.005174
     0.760477     0.622189     0.006097
     0.787012     0.622687     0.007119
     0.812043     0.622377     0.008586
     0.838648     0.623083     0.011991
     0.863922     0.622739     0.012075
     0.890383     0.623578     0.019120
     0.916160     0.623361     0.016441
     0.942282     0.623737     0.018321
     0.968288     0.623857     0.019266
     0.994417     0.623957     0.021331
     0.039627     0.651734     0.000505
     0.064525     0.653210     0.009624
     0.089680     0.653631     0.013764
     0.114961     0.654759     0.023436
     0.140107     0.653797     0.030011
     0.164918     0.657073     0.074074
     0.190069     0.661647     0.059938
     0.217512     0.675263     0.388870
     0.236577     0.644566     0.269456
     0.267692     0.678407     0.023887
     0.285748     0.640165     0.011213
     0.321117     0.680966     0.395792
     0.326344     0.637398     0.409456
     0.354144     0.646797     0.032911
     0.379881     0.644988     0.025909
     0.404037     0.645414     0.011600
     0.430902     0.645338     0.020042
     0.454655     0.645670     0.036627
     0.480965     0.647228     0.033377
     0.505171     0.646625     0.039944
     0.530447     0.648506     0.011896
     0.556228     0.647006     0.012770
     0.581155     0.648299     0.008784
     0.607200     0.647476     0.005842
     0.632208     0.648018     0.004699
     0.658356     0.647615     0.002560
     0.683450     0.647762     0.002586
     0.709627     0.647710     0.001871
     0.734761     0.647573     0.002940
     0.760998     0.647847     0.003345
     0.786180     0.647519     0.005027
     0.812489     0.648077     0.007235
     0.837741     0.647590     0.008936
     0.864105     0.648563     0.014056
     0.889662     0.647936     0.017383
     0.916115     0.648868     0.021359
     0.941987     0.648690     0.019870
     0.968146     0.648954     0.024139
     0.994330     0.648868     0.026181
     0.065462     0.678258     0.006568
     0.092575     0.678632     0.002891
     0.118156     0.680974     0.011072
     0.143230     0.685251     0.067505
     0.167510     0.684141     0.326175
     0.187280     0.690825     0.391513
     0.210915     0.667161     0.017939
     0.239084     0.701383     0.009980
     0.262023     0.666432     0.010847
     0.290357     0.706170     0.012430
     0.312275     0.664630     0.010484
     0.343628     0.710844     0.391736
     0.354727     0.662974     0.408151
     0.379265     0.673420     0.099228
     0.406094     0.670532     0.017441
     0.429341     0.671211     0.059909
     0.456420     0.672087     0.051091
     0.480061     0.672325     0.057003
     0.504833     0.674223     0.021985
     0.530706     0.672297     0.013140
     0.555768     0.674002     0.011897
     0.581462     0.672833     0.008404
     0.606728     0.673566     0.004514
     0.632605     0.673029     0.002934
     0.657891     0.673280     0.001802
     0.683852     0.673119     0.000612
     0.709137     0.673056     0.000425
     0.735155     0.673204     0.000752
     0.760434     0.672881     0.001580
     0.786507     0.673327     0.003267
     0.811830     0.672883     0.006012
     0.838110     0.673568     0.008330
     0.863474     0.672908     0.013772
     0.890042     0.673712     0.015618
     0.915403     0.673179     0.019199
     0.942075     0.673796     0.031593
     0.968097     0.673635     0.025502
     0.994506     0.673694     0.031620
     0.087978     0.704537     0.009186
     0.110127     0.706378     0.021441
     0.139435     0.702900     0.114682
     0.160795     0.724025     0.389368
     0.187365     0.700886     0.013567
     0.213420     0.729295     0.009821
     0.237935     0.695201     0.013041
     0.264003     0.729723     0.010450
     0.288652     0.691624     0.025893
     0.314290     0.732211     0.010788
     0.338946     0.688586     0.013679
     0.366997     0.734445     0.386676
     0.383224     0.690598     0.408473
     0.403554     0.698424     0.076711
     0.435396     0.696646     0.378364
     0.454358     0.698328     0.402479
     0.479635     0.700673     0.354772
     0.505913     0.697934     0.053250
     0.530206     0.699717     0.027556
     0.555935     0.698504     0.008984
     0.581262     0.699403     0.007347
     0.606951     0.698553     0.003871
     0.632405     0.698978     0.001979
     0.658184     0.698547     0.000956
     0.683665     0.698646     0.000228
     0.709484     0.698581     0.000000
     0.734925     0.698386     0.000138
     0.760786     0.698634     0.001098
     0.786226     0.698245     0.002388
     0.812193     0.698582     0.004455
     0.837623     0.698110     0.007392
     0.863799     0.698737     0.011529
     0.889361     0.698103     0.014830
     0.915743     0.698987     0.025057
     0.941816     0.698157     0.025944
     0.968094     0.698801     0.028866
     0.994305     0.698346     0.034198
     0.119682     0.731101     0.392564
     0.136166     0.740793     0.393214
     0.162129     0.720813     0.024407
     0.186704     0.745796     0.016454
     0.212598     0.717488     0.007195
     0.237888     0.753114     0.010910
     0.263618     0.717460     0.011065
     0.288688     0.758242     0.009158
     0.314638     0.715715     0.016993
     0.339312     0.762484     0.014200
     0.364923     0.713944     0.015297
     0.391270     0.766319     0.048575
     0.416186     0.714451     0.409024
     0.429142     0.717234     0.407294
     0.455937     0.763135     0.037247
     0.480183     0.714108     0.407005
     0.504405     0.727924     0.030067
     0.531009     0.723740     0.011293
     0.555601     0.725147     0.018987
     0.581613     0.723923     0.005365
     0.606881     0.724580     0.005977
     0.632649     0.723988     0.001685
     0.658096     0.724193     0.001758
     0.683864     0.724012     0.000058
     0.709350     0.723920     0.000000
     0.735159     0.724053     0.000424
     0.760604     0.723679     0.000904
     0.786474     0.724034     0.002201
     0.811954     0.723552     0.003963
     0.837962     0.724086     0.007519
     0.863573     0.723180     0.010061
     0.889682     0.724038     0.015402
     0.915511     0.722821     0.022341
     0.941969     0.723512     0.036618
     0.967962     0.723324     0.229182
     0.995186     0.723037     0.399358
     0.120615     0.765256     0.391964
     0.136988     0.756049     0.391308
     0.158612     0.775513     0.022246
     0.188783     0.752450     0.015152
     0.208641     0.779847     0.003484
     0.240085     0.746550     0.011323
     0.259560     0.781060     0.012000
     0.290892     0.742681     0.009146
     0.310517     0.784053     0.017006
     0.341392     0.739549     0.016190
     0.361107     0.787622     0.351767
     0.392514     0.734975     0.053853
     0.412455     0.786022     0.408152
     0.432415     0.783507     0.408161
     0.455026     0.733769     0.090679
     0.482127     0.793130     0.029062
     0.505248     0.740018     0.405717
     0.530452     0.753027     0.014150
     0.556285     0.749530     0.009259
     0.581493     0.750385     0.012854
     0.606893     0.749695     0.003286
     0.632763     0.749843     0.001730
     0.658147     0.749523     0.000782
     0.684035     0.749494     0.000292
     0.709440     0.749465     0.000037
     0.735291     0.749220     0.000000
     0.760719     0.749479     0.000905
     0.786597     0.748987     0.002202
     0.812069     0.749231     0.003962
     0.838043     0.748588     0.007383
     0.863626     0.749137     0.010245
     0.889799     0.748414     0.018249
     0.915726     0.748271     0.018605
     0.941924     0.750344     0.027393
     0.967791     0.738671     0.401038
     0.994093     0.779500     0.405625
     0.088290     0.791261     0.009189
     0.110470     0.789929     0.021445
     0.139779     0.794105     0.079065
     0.162353     0.772225     0.390897
     0.184258     0.797286     0.013297
     0.216302     0.768249     0.009822
     0.234470     0.804406     0.013038
     0.266929     0.768902     0.010455
     0.285114     0.809276     0.027238
     0.317233     0.767545     0.010578
     0.335658     0.813728     0.013687
     0.368446     0.765878     0.376001
     0.383709     0.811164     0.407318
     0.405185     0.801749     0.104127
     0.435888     0.803337     0.136097
     0.455421     0.810908     0.406646
     0.479726     0.758221     0.026341
     0.506634     0.819066     0.017195
     0.530909     0.765492     0.404421
     0.555923     0.778520     0.008928
     0.581949     0.774878     0.007327
     0.607209     0.775527     0.006710
     0.632858     0.774942     0.002350
     0.658398     0.775068     0.003782
     0.683974     0.774915     0.000309
     0.709641     0.774776     0.001617
     0.735240     0.774934     0.000139
     0.760939     0.774445     0.001539
     0.786603     0.774763     0.002394
     0.812364     0.774273     0.004430
     0.838065     0.774524     0.007388
     0.863990     0.773801     0.011826
     0.889829     0.773357     0.016095
     0.916024     0.775371     0.021776
     0.941906     0.763317     0.401387
     0.970441     0.813241     0.401566
     0.997235     0.803399     0.040849
     0.065260     0.817073     0.006297
     0.092356     0.817203     0.002893
     0.117951     0.815357     0.011064
     0.143094     0.811452     0.057756
     0.167155     0.813546     0.297872
     0.187523     0.807111     0.393425
     0.205383     0.830164     0.010137
     0.240425     0.798286     0.009973
     0.256400     0.832058     0.012249
     0.291750     0.794758     0.013729
     0.306836     0.834981     0.010490
     0.343778     0.791590     0.367734
     0.355415     0.837077     0.405175
     0.380584     0.827101     0.056219
     0.407707     0.830161     0.018916
     0.430626     0.829637     0.072152
     0.459196     0.825940     0.075497
     0.480832     0.837692     0.406109
     0.505458     0.783810     0.026232
     0.531168     0.845489     0.010771
     0.556820     0.790675     0.403924
     0.581785     0.803861     0.009818
     0.607418     0.800312     0.007154
     0.633029     0.800826     0.005546
     0.658512     0.800558     0.002907
     0.684248     0.800314     0.001457
     0.709786     0.800401     0.000780
     0.735512     0.799995     0.001767
     0.761134     0.800344     0.001611
     0.786793     0.799723     0.003288
     0.812498     0.799819     0.005937
     0.838450     0.799204     0.008684
     0.864205     0.798974     0.015104
     0.890451     0.800717     0.015271
     0.916094     0.789191     0.401187
     0.943082     0.837339     0.401434
     0.969858     0.825569     0.065180
     0.996000     0.828555     0.030553
     0.038915     0.843089     0.000009
     0.063859     0.842122     0.009599
     0.089019     0.842200     0.013774
     0.114365     0.841642     0.023437
     0.139472     0.843055     0.030013
     0.164443     0.839993     0.073818
     0.189541     0.836127     0.069746
     0.218506     0.822483     0.396261
     0.232249     0.854971     0.377406
     0.268950     0.820287     0.035827
     0.281666     0.860566     0.009856
     0.321314     0.819310     0.385210
     0.327688     0.863039     0.405430
     0.355508     0.853283     0.029868
     0.381088     0.855875     0.026220
     0.405192     0.854735     0.016130
     0.432263     0.855727     0.029102
     0.455322     0.854923     0.051047
     0.482439     0.850999     0.044150
     0.505750     0.863520     0.405384
     0.531707     0.808772     0.018968
     0.556124     0.871447     0.011955
     0.582738     0.815975     0.403361
     0.608177     0.829021     0.008448
     0.633026     0.825495     0.022657
     0.658898     0.826086     0.002740
     0.684277     0.825813     0.010032
     0.709909     0.825645     0.001643
     0.735596     0.825713     0.007187
     0.761270     0.825256     0.003193
     0.787046     0.825406     0.012223
     0.813087     0.824980     0.006541
     0.838438     0.824496     0.016015
     0.864948     0.826068     0.012875
     0.890423     0.814615     0.400655
     0.917242     0.862248     0.401371
     0.943621     0.850714     0.028729
     0.969229     0.853352     0.024133
     0.995818     0.852886     0.074783
     0.014155     0.868605     0.000000
     0.040108     0.868815     0.004560
     0.066114     0.868239     0.001267
     0.091835     0.868156     0.006130
     0.117552     0.867059     0.028066
     0.142864     0.863053     0.010437
     0.169013     0.867339     0.025664
     0.191266     0.858660     0.400168
     0.210192     0.883821     0.395804
     0.237984     0.858572     0.026974
     0.256518     0.881707     0.014630
     0.292308     0.846335     0.391489
     0.301404     0.886628     0.404131
     0.329514     0.879944     0.020342
     0.355697     0.880161     0.024765
     0.379377     0.881264     0.012443
     0.406693     0.880753     0.017440
     0.429949     0.880967     0.022371
     0.457911     0.880101     0.024241
     0.480637     0.880634     0.034380
     0.507725     0.876315     0.038807
     0.530653     0.889805     0.404141
     0.557905     0.833865     0.015487
     0.580997     0.897396     0.047000
     0.608618     0.841005     0.402077
     0.634828     0.855134     0.015075
     0.658607     0.850536     0.036107
     0.685651     0.851696     0.008411
     0.709781     0.851158     0.027218
     0.736765     0.850634     0.006378
     0.761357     0.851278     0.022366
     0.788027     0.850172     0.007634
     0.812730     0.849979     0.028838
     0.840187     0.851378     0.031175
     0.865077     0.840606     0.400832
     0.891034     0.887037     0.400992
     0.916823     0.875708     0.034133
     0.943298     0.878152     0.030012
     0.969735     0.877551     0.025966
     0.995803     0.877835     0.022501
     0.013740     0.893990     0.001011
     0.039454     0.893621     0.009825
     0.064514     0.893110     0.021819
     0.089574     0.893035     0.013621
     0.115513     0.892873     0.017294
     0.139700     0.894982     0.032286
     0.164735     0.888084     0.037746
     0.198248     0.904063     0.026686
     0.212065     0.909795     0.029882
     0.243593     0.897992     0.403560
     0.274403     0.872976     0.396906
     0.278347     0.913808     0.404628
     0.303944     0.904926     0.070953
     0.329886     0.906605     0.016079
     0.353764     0.906995     0.020658
     0.380348     0.906652     0.013317
     0.404603     0.906386     0.012311
     0.431300     0.906818     0.010516
     0.455468     0.905882     0.021459
     0.482133     0.905682     0.014546
     0.506349     0.905692     0.023183
     0.532548     0.902274     0.024657
     0.556738     0.914925     0.403821
     0.584411     0.860306     0.033418
     0.607561     0.917498     0.397135
     0.633655     0.867675     0.403420
     0.662186     0.879812     0.038039
     0.683149     0.876108     0.042035
     0.713359     0.876782     0.011766
     0.734474     0.876340     0.022758
     0.763918     0.875925     0.013936
     0.787703     0.875650     0.046751
     0.815773     0.877016     0.390365
     0.839250     0.866254     0.400444
     0.865492     0.911841     0.401268
     0.891203     0.901066     0.018384
     0.917542     0.903113     0.018435
     0.943421     0.902391     0.017627
     0.969368     0.902640     0.019826
     0.995556     0.902726     0.031819
     0.014632     0.919390     0.001933
     0.039947     0.920054     0.004667
     0.065646     0.919860     0.005762
     0.091729     0.919215     0.010446
     0.115965     0.918433     0.034286
     0.144940     0.914812     0.042154
     0.168735     0.920665     0.405952
     0.159389     0.904494     0.398592
     0.216447     0.932666     0.402072
     0.234342     0.929688     0.397288
     0.253048     0.933140     0.399404
     0.277790     0.932645     0.315242
     0.303842     0.932233     0.028052
     0.328141     0.932806     0.017318
     0.354633     0.931703     0.007601
     0.379387     0.932476     0.006100
     0.405720     0.932040     0.006687
     0.430419     0.931990     0.008077
     0.456981     0.931626     0.007665
     0.481444     0.931348     0.010704
     0.507871     0.930792     0.013533
     0.532203     0.930931     0.027620
     0.558532     0.928853     0.277456
     0.580667     0.933787     0.400517
     0.608408     0.915067     0.382598
     0.628290     0.941657     0.401893
     0.660791     0.892946     0.400794
     0.686569     0.904837     0.399082
     0.711566     0.901445     0.397581
     0.738019     0.901311     0.396958
     0.765982     0.903012     0.397790
     0.782231     0.895397     0.399278
     0.815987     0.921980     0.399747
     0.840662     0.930297     0.397802
     0.865604     0.927764     0.158104
     0.891672     0.928265     0.019653
     0.917558     0.927842     0.011877
     0.943426     0.927754     0.013647
     0.969528     0.927625     0.018840
     0.995613     0.927654     0.018903
     0.012869     0.944880     0.000000
     0.039487     0.944533     0.044828
     0.065448     0.944181     0.391808
     0.088745     0.943892     0.397158
     0.118927     0.945662     0.399702
     0.129773     0.940385     0.403136
     0.161362     0.962596     0.404549
     0.175627     0.957982     0.401625
     0.201360     0.959306     0.394968
     0.226275     0.958650     0.118951
     0.252286     0.958423     0.022483
     0.278501     0.958011     0.010202
     0.303249     0.958333     0.014511
     0.329222     0.957785     0.009409
     0.354140     0.958140     0.010798
     0.379843     0.957751     0.006613
     0.405148     0.957571     0.004446
     0.430976     0.957624     0.004279
     0.456320     0.957056     0.007242
     0.482083     0.957013     0.005383
     0.507487     0.956482     0.008530
     0.532962     0.956432     0.010480
     0.558394     0.955843     0.017280
     0.584087     0.955568     0.022785
     0.609483     0.955517     0.370627
     0.634794     0.955090     0.034520
     0.659686     0.955027     0.398470
     0.685711     0.954806     0.398171
     0.711710     0.954855     0.397962
     0.736573     0.954686     0.397088
     0.763303     0.954610     0.396864
     0.788248     0.954408     0.396398
     0.814303     0.954318     0.386192
     0.840425     0.953804     0.009539
     0.866364     0.953690     0.010915
     0.892257     0.953347     0.007796
     0.917873     0.952979     0.008285
     0.943838     0.952775     0.009681
     0.969601     0.952619     0.010955
     0.995494     0.952722     0.012352
     0.014820     0.970238     0.399392
     0.036268     0.970591     0.400456
     0.054853     0.977702     0.403014
     0.078792     0.986979     0.399565
     0.098025     0.984931     0.398826
     0.126628     0.985926     0.399534
     0.149318     0.984909     0.086267
     0.176617     0.985087     0.035528
     0.202481     0.984964     0.016605
     0.227348     0.984367     0.015659
     0.253096     0.984115     0.015736
     0.277685     0.984043     0.020116
     0.303501     0.983780     0.012223
     0.328502     0.983877     0.011923
     0.354338     0.983263     0.004431
     0.379771     0.983438     0.002892
     0.405591     0.983066     0.002501
     0.431056     0.982886     0.002783
     0.456858     0.982639     0.001922
     0.482333     0.982371     0.004048
     0.507973     0.982063     0.003987
     0.533587     0.981875     0.006138
     0.559011     0.981393     0.009952
     0.584446     0.981293     0.011399
     0.609869     0.980935     0.013347
     0.635450     0.980970     0.035942
     0.660912     0.980771     0.019246
     0.686318     0.980270     0.045433
     0.711778     0.980161     0.018073
     0.737761     0.980092     0.038839
     0.763206     0.979689     0.014163
     0.789319     0.979790     0.017990
     0.815146     0.979216     0.011446
     0.840839     0.979171     0.010406
     0.866724     0.978669     0.006823
     0.892373     0.978685     0.005488
     0.918229     0.978340     0.003937
     0.943863     0.978170     0.004052
     0.969594     0.978000     0.006379
     0.995470     0.977959     0.010917
    -0.004319     1.012144     0.398635
     0.021430     1.011901     0.397950
     0.046716     1.011665     0.387198
     0.072253     1.011483     0.056729
     0.098696     1.011115     0.020636
     0.123852     1.011124     0.028070
     0.149966     1.010626     0.017512
     0.175078     1.010321     0.017499
     0.200609     1.010394     0.023627
     0.226504     1.010077     0.018889
     0.251842     1.009851     0.014083
     0.277635     1.009680     0.010171
     0.303183     1.009500     0.007566
     0.328956     1.009185     0.004564
     0.354498     1.009066     0.003221
     0.380092     1.008745     0.002834
     0.405693     1.008474     0.002457
     0.431327     1.008452     0.001685
     0.456926     1.007966     0.002093
     0.482571     1.007989     0.002078
     0.508179     1.007473     0.002984
     0.533782     1.007443     0.003249
     0.559450     1.007098     0.003493
     0.585107     1.006844     0.005835
     0.610655     1.006656     0.007098
     0.636293     1.006288     0.008614
     0.661831     1.006183     0.023449
     0.687824     1.005796     0.012097
     0.713125     1.005685     0.015958
     0.738971     1.005352     0.011978
     0.764430     1.005236     0.012879
     0.790265     1.004809     0.008651
     0.815705     1.004806     0.008584
     0.841620     1.004363     0.005082
     0.867095     1.004284     0.003460
     0.892930     1.003941     0.001760
     0.918435     1.003665     0.001292
     0.944190     1.003479     0.001522
     0.969785     1.003202     0.004082
     0.995608     1.003074     0.008135
    -0.004229     1.037586     0.000000
     0.021400     1.037381     0.000000
     0.047110     1.037221     0.000000
     0.072806     1.036770     0.000000
     0.098217     1.036615     0.000000
     0.124031     1.036487     0.000000
     0.149527     1.036202     0.000000
     0.175368     1.036179     0.000000
     0.201006     1.035715     0.000000
     0.226621     1.035544     0.000000
     0.252292     1.035313     0.000000
     0.277873     1.035057     0.000000
     0.303518     1.034760     0.000000
     0.329081     1.034744     0.000000
     0.354723     1.034321     0.000000
     0.380362     1.034325     0.000000
     0.405983     1.033953     0.000000
     0.431621     1.033779     0.000000
     0.457265     1.033504     0.000000
     0.482878     1.033280     0.000000
     0.508529     1.032989     0.000000
     0.534126     1.032793     0.000000
     0.559779     1.032354     0.000000
     0.585332     1.032331     0.000000
     0.611035     1.031907     0.000000
     0.636614     1.031935     0.000000
     0.662361     1.031389     0.000000
     0.687834     1.031323     0.000000
     0.713645     1.031026     0.000000
     0.739152     1.030880     0.000000
     0.764924     1.030491     0.000000
     0.790433     1.030456     0.000000
     0.816210     1.029965     0.000000
     0.841713     1.029896     0.000000
     0.867423     1.029479     0.000000
     0.893004     1.029425     0.000000
     0.918699     1.029141     0.000000
     0.944316     1.028964     0.000000
     0.969978     1.028666     0.000000
     0.995583     1.028496     0.000000
    -0.003891     1.062991     0.000000
     0.021738     1.062752     0.000000
     0.047384     1.062474     0.000000
     0.072994     1.062343     0.000000
     0.098753     1.062012     0.000000
     0.124314     1.061859     0.000000
     0.150048     1.061522     0.000000
     0.175536     1.061237     0.000000
     0.201185     1.061181     0.000000
     0.226797     1.060945     0.000000
     0.252389     1.060724     0.000000
     0.278073     1.060547     0.000000
     0.303630     1.060346     0.000000
     0.329344     1.060067     0.000000
     0.354920     1.059884     0.000000
     0.380570     1.059616     0.000000
     0.406175     1.059340     0.000000
     0.431819     1.059246     0.000000
     0.457416     1.058846     0.000000
     0.483081     1.058787     0.000000
     0.508667     1.058371     0.000000
     0.534350     1.058267     0.000000
     0.559921     1.057978     0.000000
     0.585612     1.057718     0.000000
     0.611165     1.057492     0.000000
     0.636877     1.057141     0.000000
     0.662429     1.057018     0.000000
     0.688176     1.056685     0.000000
     0.713677     1.056503     0.000000
     0.739463     1.056204     0.000000
     0.764958     1.056060     0.000000
     0.790754     1.055683     0.000000
     0.816267     1.055604     0.000000
     0.842051     1.055253     0.000000
     0.867600     1.055108     0.000000
     0.893330     1.054778     0.000000
     0.918917     1.054532     0.000000
     0.944619     1.054300     0.000000
     0.970239     1.054091     0.000000
     0.995906     1.053877     0.000000
    -0.003762     1.088437     0.000000
     0.021891     1.088216     0.000000
     0.047518     1.088016     0.000000
     0.073190     1.087674     0.000000
     0.098746     1.087486     0.000000
     0.124440     1.087311     0.000000
     0.150046     1.087079     0.000000
     0.175739     1.087016     0.000000
     0.201376     1.086566     0.000000
     0.227030     1.086442     0.000000
     0.252679     1.086122     0.000000
     0.278282     1.085955     0.000000
     0.303944     1.085624     0.000000
     0.329540     1.085561     0.000000
     0.355182     1.085200     0.000000
     0.380826     1.085139     0.000000
     0.406441     1.084802     0.000000
     0.432090     1.084622     0.000000
     0.457730     1.084338     0.000000
     0.483346     1.084129     0.000000
     0.509013     1.083829     0.000000
     0.534589     1.083645     0.000000
     0.560284     1.083248     0.000000
     0.585845     1.083185     0.000000
     0.611559     1.082771     0.000000
     0.637115     1.082751     0.000000
     0.662827     1.082265     0.000000
     0.688372     1.082211     0.000000
     0.714109     1.081838     0.000000
     0.739647     1.081735     0.000000
     0.765390     1.081339     0.000000
     0.790931     1.081270     0.000000
     0.816645     1.080831     0.000000
     0.842211     1.080730     0.000000
     0.867895     1.080362     0.000000
     0.893499     1.080252     0.000000
     0.919155     1.079985     0.000000
     0.944765     1.079789     0.000000
     0.970405     1.079530     0.000000
     0.996034     1.079317     0.000000
    -0.003444     1.113834     0.000000
     0.022184     1.113604     0.000000
     0.047845     1.113327     0.000000
     0.073466     1.113191     0.000000
     0.099126     1.112889     0.000000
     0.124739     1.112672     0.000000
     0.150374     1.112395     0.000000
     0.175993     1.112118     0.000000
     0.201621     1.112013     0.000000
     0.227241     1.111792     0.000000
     0.252854     1.111583     0.000000
     0.278515     1.111400     0.000000
     0.304102     1.111176     0.000000
     0.329775     1.110939     0.000000
     0.355379     1.110701     0.000000
     0.381026     1.110477     0.000000
     0.406652     1.110191     0.000000
     0.432295     1.110062     0.000000
     0.457901     1.109712     0.000000
     0.483570     1.109599     0.000000
     0.509153     1.109247     0.000000
     0.534851     1.109101     0.000000
     0.560409     1.108826     0.000000
     0.586110     1.108571     0.000000
     0.611665     1.108332     0.000000
     0.637378     1.108019     0.000000
     0.662942     1.107858     0.000000
     0.688649     1.107551     0.000000
     0.714202     1.107346     0.000000
     0.739934     1.107060     0.000000
     0.765481     1.106886     0.000000
     0.791218     1.106562     0.000000
     0.816787     1.106425     0.000000
     0.842498     1.106119     0.000000
     0.868087     1.105938     0.000000
     0.893768     1.105635     0.000000
     0.919386     1.105398     0.000000
     0.945060     1.105155     0.000000
     0.970691     1.104944     0.000000
     0.996345     1.104702     0.000000
    -0.003311     1.139285     0.000000
     0.022338     1.139061     0.000000
     0.047953     1.138844     0.000000
     0.073603     1.138568     0.000000
     0.099229     1.138348     0.000000
     0.124879     1.138186     0.000000
     0.150527     1.137930     0.000000
     0.176161     1.137835     0.000000
     0.201803     1.137428     0.000000
     0.227450     1.137301     0.000000
     0.253096     1.136958     0.000000
     0.278717     1.136818     0.000000
     0.304378     1.136483     0.000000
     0.329998     1.136391     0.000000
     0.355641     1.136059     0.000000
     0.381282     1.135960     0.000000
     0.406907     1.135639     0.000000
     0.432549     1.135469     0.000000
     0.458194     1.135169     0.000000
     0.483810     1.134982     0.000000
     0.509480     1.134666     0.000000
     0.535064     1.134498     0.000000
     0.560761     1.134121     0.000000
     0.586337     1.134033     0.000000
     0.612038     1.133636     0.000000
     0.637605     1.133582     0.000000
     0.663298     1.133139     0.000000
     0.688877     1.133070     0.000000
     0.714575     1.132683     0.000000
     0.740143     1.132584     0.000000
     0.765847     1.132193     0.000000
     0.791418     1.132098     0.000000
     0.817101     1.131699     0.000000
     0.842697     1.131574     0.000000
     0.868363     1.131234     0.000000
     0.893980     1.131096     0.000000
     0.919623     1.130828     0.000000
     0.945239     1.130628     0.000000
     0.970880     1.130373     0.000000
     0.996514     1.130150     0.000000
    -0.003001     1.164685     0.000000
     0.022627     1.164459     0.000000
     0.048285     1.164199     0.000000
     0.073912     1.164022     0.000000
     0.099545     1.163749     0.000000
     0.125172     1.163507     0.000000
     0.150786     1.163256     0.000000
     0.176438     1.162999     0.000000
     0.202062     1.162852     0.000000
     0.227699     1.162642     0.000000
     0.253317     1.162431     0.000000
     0.278969     1.162245     0.000000
     0.304572     1.162003     0.000000
     0.330226     1.161797     0.000000
     0.355844     1.161525     0.000000
     0.381488     1.161332     0.000000
     0.407120     1.161033     0.000000
     0.432765     1.160892     0.000000
     0.458379     1.160564     0.000000
     0.484046     1.160427     0.000000
     0.509637     1.160104     0.000000
     0.535328     1.159939     0.000000
     0.560895     1.159663     0.000000
     0.586590     1.159425     0.000000
     0.612156     1.159172     0.000000
     0.637860     1.158895     0.000000
     0.663436     1.158694     0.000000
     0.689127     1.158412     0.000000
     0.714704     1.158194     0.000000
     0.740408     1.157921     0.000000
     0.765984     1.157721     0.000000
     0.791687     1.157436     0.000000
     0.817281     1.157256     0.000000
     0.842960     1.156979     0.000000
     0.868567     1.156773     0.000000
     0.894228     1.156494     0.000000
     0.919858     1.156256     0.000000
     0.945519     1.156011     0.000000
     0.971155     1.155786     0.000000
     0.996803     1.155538     0.000000
    -0.002865     1.190139     0.000000
     0.022781     1.189915     0.000000
     0.048402     1.189682     0.000000
     0.074044     1.189452     0.000000
     0.099688     1.189206     0.000000
     0.125329     1.189063     0.000000
     0.150990     1.188774     0.000000
     0.176605     1.188662     0.000000
     0.202254     1.188278     0.000000
     0.227885     1.188147     0.000000
     0.253535     1.187800     0.000000
     0.279164     1.187668     0.000000
     0.304820     1.187337     0.000000
     0.330455     1.187227     0.000000
     0.356097     1.186909     0.000000
     0.381739     1.186790     0.000000
     0.407368     1.186473     0.000000
     0.433010     1.186315     0.000000
     0.458652     1.186000     0.000000
     0.484277     1.185833     0.000000
     0.509937     1.185503     0.000000
     0.535541     1.185352     0.000000
     0.561222     1.184982     0.000000
     0.586820     1.184881     0.000000
     0.612500     1.184497     0.000000
     0.638091     1.184418     0.000000
     0.663763     1.184006     0.000000
     0.689365     1.183921     0.000000
     0.715036     1.183536     0.000000
     0.740632     1.183431     0.000000
     0.766304     1.183052     0.000000
     0.791903     1.182935     0.000000
     0.817563     1.182565     0.000000
     0.843180     1.182423     0.000000
     0.868832     1.182100     0.000000
     0.894460     1.181943     0.000000
     0.920098     1.181671     0.000000
     0.945724     1.181469     0.000000
     0.971362     1.181214     0.000000
     0.996998     1.180988     0.000000
    -0.002553     1.215546     0.000000
     0.023075     1.215316     0.000000
     0.048727     1.215069     0.000000
     0.074358     1.214857     0.000000
     0.099987     1.214600     0.000000
     0.125616     1.214341     0.000000
     0.151229     1.214112     0.000000
     0.176886     1.213870     0.000000
     0.202510     1.213695     0.000000
     0.228161     1.213498     0.000000
     0.253781     1.213269     0.000000
     0.279428     1.213094     0.000000
     0.305042     1.212826     0.000000
     0.330685     1.212650     0.000000
     0.356309     1.212351     0.000000
     0.381953     1.212186     0.000000
     0.407585     1.211871     0.000000
     0.433233     1.211734     0.000000
     0.458851     1.211407     0.000000
     0.484515     1.211267     0.000000
     0.510115     1.210949     0.000000
     0.535795     1.210784     0.000000
     0.561376     1.210496     0.000000
     0.587061     1.210280     0.000000
     0.612641     1.210011     0.000000
     0.638334     1.209765     0.000000
     0.663921     1.209529     0.000000
     0.689603     1.209275     0.000000
     0.715195     1.209038     0.000000
     0.740881     1.208785     0.000000
     0.766477     1.208561     0.000000
     0.792157     1.208304     0.000000
     0.817766     1.208091     0.000000
     0.843429     1.207837     0.000000
     0.869046     1.207610     0.000000
     0.894699     1.207351     0.000000
     0.920333     1.207106     0.000000
     0.945986     1.206865     0.000000
     0.971624     1.206629     0.000000
     0.997269     1.206381     0.000000
    -0.002409     1.240997     0.000000
     0.023236     1.240773     0.000000
     0.048861     1.240525     0.000000
     0.074500     1.240327     0.000000
     0.100143     1.240060     0.000000
     0.125786     1.239940     0.000000
     0.151445     1.239613     0.000000
     0.177063     1.239499     0.000000
     0.202709     1.239116     0.000000
     0.228334     1.238986     0.000000
     0.253980     1.238643     0.000000
     0.279621     1.238513     0.000000
     0.305265     1.238188     0.000000
     0.330916     1.238068     0.000000
     0.356547     1.237752     0.000000
     0.382201     1.237627     0.000000
     0.407822     1.237307     0.000000
     0.433475     1.237161     0.000000
     0.459103     1.236834     0.000000
     0.484746     1.236685     0.000000
     0.510387     1.236342     0.000000
     0.536018     1.236205     0.000000
     0.561673     1.235837     0.000000
     0.587298     1.235731     0.000000
     0.612954     1.235354     0.000000
     0.638572     1.235259     0.000000
     0.664223     1.234868     0.000000
     0.689846     1.234767     0.000000
     0.715495     1.234393     0.000000
     0.741115     1.234275     0.000000
     0.766763     1.233911     0.000000
     0.792386     1.233777     0.000000
     0.818028     1.233428     0.000000
     0.843663     1.233272     0.000000
     0.869302     1.232960     0.000000
     0.894942     1.232789     0.000000
     0.920574     1.232516     0.000000
     0.946208     1.232311     0.000000
     0.971845     1.232058     0.000000
     0.997482     1.231829     0.000000
    -0.002098     1.266411     0.000000
     0.023530     1.266171     0.000000
     0.049179     1.265935     0.000000
     0.074809     1.265698     0.000000
     0.100446     1.265449     0.000000
     0.126069     1.265171     0.000000
     0.151687     1.264964     0.000000
     0.177339     1.264733     0.000000
     0.202968     1.264541     0.000000
     0.228623     1.264361     0.000000
     0.254247     1.264099     0.000000
     0.279889     1.263949     0.000000
     0.305509     1.263646     0.000000
     0.331147     1.263506     0.000000
     0.356774     1.263176     0.000000
     0.382417     1.263044     0.000000
     0.408047     1.262704     0.000000
     0.433698     1.262584     0.000000
     0.459317     1.262244     0.000000
     0.484981     1.262115     0.000000
     0.510584     1.261786     0.000000
     0.536261     1.261633     0.000000
     0.561849     1.261328     0.000000
     0.587531     1.261135     0.000000
     0.613119     1.260847     0.000000
     0.638804     1.260629     0.000000
     0.664398     1.260366     0.000000
     0.690077     1.260137     0.000000
     0.715676     1.259880     0.000000
     0.741354     1.259647     0.000000
     0.766959     1.259402     0.000000
     0.792629     1.259166     0.000000
     0.818244     1.258928     0.000000
     0.843901     1.258693     0.000000
     0.869523     1.258448     0.000000
     0.895172     1.258205     0.000000
     0.920807     1.257954     0.000000
     0.946456     1.257716     0.000000
     0.972095     1.257472     0.000000
     0.997738     1.257227     0.000000
    -0.001938     1.291857     0.000000
     0.023706     1.291632     0.000000
     0.049335     1.291371     0.000000
     0.074971     1.291196     0.000000
     0.100601     1.290911     0.000000
     0.126249     1.290823     0.000000
     0.151896     1.290449     0.000000
     0.177528     1.290344     0.000000
     0.203160     1.289943     0.000000
     0.228793     1.289823     0.000000
     0.254423     1.289482     0.000000
     0.280085     1.289359     0.000000
     0.305707     1.289035     0.000000
     0.331383     1.288914     0.000000
     0.356991     1.288593     0.000000
     0.382669     1.288472     0.000000
     0.408268     1.288142     0.000000
     0.433944     1.288010     0.000000
     0.459549     1.287669     0.000000
     0.485218     1.287537     0.000000
     0.510834     1.287182     0.000000
     0.536493     1.287058     0.000000
     0.562121     1.286687     0.000000
     0.587774     1.286581     0.000000
     0.613403     1.286206     0.000000
     0.639051     1.286103     0.000000
     0.664677     1.285725     0.000000
     0.690325     1.285613     0.000000
     0.715951     1.285248     0.000000
     0.741596     1.285120     0.000000
     0.767221     1.284767     0.000000
     0.792868     1.284622     0.000000
     0.818494     1.284287     0.000000
     0.844145     1.284121     0.000000
     0.869772     1.283818     0.000000
     0.895422     1.283635     0.000000
     0.921049     1.283364     0.000000
     0.946691     1.283154     0.000000
     0.972326     1.282902     0.000000
     0.997964     1.282671     0.000000
    -0.001630     1.317275     0.000000
     0.024000     1.317022     0.000000
     0.049641     1.316800     0.000000
     0.075272     1.316549     0.000000
     0.100916     1.316300     0.000000
     0.126533     1.315999     0.000000
     0.152158     1.315812     0.000000
     0.177794     1.315591     0.000000
     0.203432     1.315385     0.000000
     0.229084     1.315232     0.000000
     0.254713     1.314921     0.000000
     0.280348     1.314812     0.000000
     0.305972     1.314459     0.000000
     0.331607     1.314369     0.000000
     0.357233     1.313997     0.000000
     0.382881     1.313908     0.000000
     0.408504     1.313533     0.000000
     0.434164     1.313442     0.000000
     0.459775     1.313076     0.000000
     0.485448     1.312969     0.000000
     0.511045     1.312619     0.000000
     0.536729     1.312485     0.000000
     0.562315     1.312159     0.000000
     0.588002     1.311990     0.000000
     0.613589     1.311682     0.000000
     0.639276     1.311489     0.000000
     0.664869     1.311202     0.000000
     0.690551     1.310996     0.000000
     0.716151     1.310720     0.000000
     0.741828     1.310506     0.000000
     0.767437     1.310243     0.000000
     0.793103     1.310023     0.000000
     0.818721     1.309768     0.000000
     0.844375     1.309543     0.000000
     0.870000     1.309289     0.000000
     0.895648     1.309055     0.000000
     0.921282     1.308801     0.000000
     0.946929     1.308564     0.000000
     0.972568     1.308319     0.000000
     0.998210     1.308074     0.000000
    -0.001448     1.342711     0.000000
     0.024196     1.342494     0.000000
     0.049830     1.342219     0.000000
     0.075458     1.342062     0.000000
     0.101070     1.341762     0.000000
     0.126718     1.341718     0.000000
     0.152337     1.341279     0.000000
     0.178003     1.341200     0.000000
     0.203595     1.340757     0.000000
     0.229261     1.340662     0.000000
     0.254854     1.340317     0.000000
     0.280558     1.340210     0.000000
     0.306139     1.339876     0.000000
     0.331857     1.339768     0.000000
     0.357424     1.339429     0.000000
     0.383143     1.339324     0.000000
     0.408704     1.338974     0.000000
     0.434419     1.338865     0.000000
     0.459987     1.338503     0.000000
     0.485694     1.338391     0.000000
     0.511274     1.338022     0.000000
     0.536971     1.337911     0.000000
     0.562564     1.337536     0.000000
     0.588252     1.337429     0.000000
     0.613850     1.337058     0.000000
     0.639529     1.336947     0.000000
     0.665129     1.336579     0.000000
     0.690804     1.336456     0.000000
     0.716406     1.336103     0.000000
     0.742076     1.335962     0.000000
     0.767681     1.335624     0.000000
     0.793348     1.335465     0.000000
     0.818960     1.335145     0.000000
     0.844624     1.334968     0.000000
     0.870243     1.334675     0.000000
     0.895901     1.334480     0.000000
     0.921524     1.334213     0.000000
     0.947172     1.333997     0.000000
     0.972804     1.333746     0.000000
     0.998444     1.333513     0.000000
    -0.001151     1.368130     0.000000
     0.024487     1.367865     0.000000
     0.050114     1.367669     0.000000
     0.075754     1.367422     0.000000
     0.101391     1.367157     0.000000
     0.127016     1.366833     0.000000
     0.152645     1.366653     0.000000
     0.178240     1.366452     0.000000
     0.203907     1.366226     0.000000
     0.229534     1.366118     0.000000
     0.255176     1.365729     0.000000
     0.280797     1.365689     0.000000
     0.306425     1.365264     0.000000
     0.332064     1.365244     0.000000
     0.357682     1.364812     0.000000
     0.383345     1.364778     0.000000
     0.408950     1.364359     0.000000
     0.434632     1.364304     0.000000
     0.460223     1.363906     0.000000
     0.485919     1.363825     0.000000
     0.511498     1.363452     0.000000
     0.537200     1.363337     0.000000
     0.562774     1.362991     0.000000
     0.588475     1.362843     0.000000
     0.614053     1.362518     0.000000
     0.639751     1.362345     0.000000
     0.665338     1.362042     0.000000
     0.691026     1.361851     0.000000
     0.716624     1.361563     0.000000
     0.742303     1.361360     0.000000
     0.767911     1.361086     0.000000
     0.793578     1.360873     0.000000
     0.819195     1.360610     0.000000
     0.844850     1.360390     0.000000
     0.870476     1.360131     0.000000
     0.896124     1.359902     0.000000
     0.921758     1.359646     0.000000
     0.947403     1.359412     0.000000
     0.973042     1.359165     0.000000
     0.998684     1.358922     0.000000
    -0.000940     1.393547     0.000000
     0.024701     1.393361     0.000000
     0.050341     1.393068     0.000000
     0.075977     1.392929     0.000000
     0.101570     1.392617     0.000000
     0.127201     1.392638     0.000000
     0.152742     1.392120     0.000000
     0.178492     1.392067     0.000000
     0.203984     1.391554     0.000000
     0.229743     1.391509     0.000000
     0.255256     1.391141     0.000000
     0.281046     1.391077     0.000000
     0.306549     1.390704     0.000000
     0.332341     1.390636     0.000000
     0.357840     1.390255     0.000000
     0.383623     1.390187     0.000000
     0.409129     1.389801     0.000000
     0.434898     1.389722     0.000000
     0.460419     1.389337     0.000000
     0.486172     1.389244     0.000000
     0.511713     1.388863     0.000000
     0.537448     1.388759     0.000000
     0.563007     1.388386     0.000000
     0.588728     1.388273     0.000000
     0.614298     1.387912     0.000000
     0.640004     1.387786     0.000000
     0.665583     1.387436     0.000000
     0.691279     1.387295     0.000000
     0.716866     1.386960     0.000000
     0.742552     1.386801     0.000000
     0.768147     1.386482     0.000000
     0.793825     1.386305     0.000000
     0.819430     1.386005     0.000000
     0.845101     1.385811     0.000000
     0.870715     1.385531     0.000000
     0.896378     1.385323     0.000000
     0.922000     1.385062     0.000000
     0.947649     1.384839     0.000000
     0.973282     1.384592     0.000000
     0.998922     1.384356     0.000000
    -0.000693     1.418960     0.000000
     0.024976     1.418700     0.000000
     0.050591     1.418522     0.000000
     0.076292     1.418324     0.000000
     0.101845     1.418023     0.000000
     0.127594     1.417706     0.000519
     0.153155     1.417514     0.002945
     0.178613     1.417316     0.000133
     0.204400     1.417052     0.000000
     0.229953     1.417023     0.000000
     0.255616     1.416507     0.000000
     0.281241     1.416583     0.000000
     0.306850     1.416055     0.000000
     0.332530     1.416128     0.000000
     0.358106     1.415622     0.000000
     0.383819     1.415651     0.000000
     0.409378     1.415184     0.000000
     0.435107     1.415165     0.000000
     0.460661     1.414740     0.000000
     0.486393     1.414676     0.000000
     0.511945     1.414289     0.000000
     0.537674     1.414184     0.000000
     0.563230     1.413829     0.000000
     0.588949     1.413688     0.000000
     0.614517     1.413359     0.000000
     0.640226     1.413192     0.000000
     0.665807     1.412885     0.000000
     0.691501     1.412698     0.000000
     0.717097     1.412408     0.000000
     0.742777     1.412206     0.000000
     0.768386     1.411932     0.000000
     0.794053     1.411719     0.000000
     0.819671     1.411454     0.000000
     0.845326     1.411233     0.000000
     0.870953     1.410976     0.000000
     0.896601     1.410745     0.000000
     0.922235     1.410494     0.000000
     0.947879     1.410257     0.000000
     0.973518     1.410012     0.000000
     0.999159     1.409770     0.000000
    -0.000482     1.444340     0.002259
     0.025147     1.444246     0.001409
     0.050853     1.443844     0.002188
     0.076596     1.443806     0.000494
     0.102230     1.443458     0.005295
     0.127697     1.443606     0.010085
     0.152926     1.443213     0.000823
     0.179080     1.442888     0.002701
     0.204203     1.442296     0.000000
     0.230294     1.442397     0.000000
     0.255570     1.441925     0.000000
     0.281578     1.441968     0.000000
     0.306912     1.441510     0.000000
     0.332842     1.441514     0.000000
     0.358236     1.441078     0.000000
     0.384104     1.441048     0.000000
     0.409551     1.440634     0.000000
     0.435369     1.440570     0.000000
     0.460859     1.440178     0.000000
     0.486639     1.440086     0.000000
     0.512163     1.439713     0.000000
     0.537914     1.439597     0.000000
     0.563465     1.439243     0.000000
     0.589192     1.439108     0.000000
     0.614760     1.438770     0.000000
     0.640469     1.438618     0.000000
     0.666050     1.438295     0.000000
     0.691746     1.438127     0.000000
     0.717336     1.437819     0.000000
     0.743022     1.437636     0.000000
     0.768620     1.437340     0.000000
     0.794298     1.437143     0.000000
     0.819905     1.436863     0.000000
     0.845574     1.436652     0.000000
     0.871191     1.436387     0.000000
     0.896851     1.436165     0.000000
     0.922476     1.435913     0.000000
     0.948125     1.435681     0.000000
     0.973759     1.435438     0.000000
     0.999399     1.435199     0.000000
    -0.000503     1.469690     0.014741
     0.025526     1.469415     0.008772
     0.051280     1.469227     0.002108
     0.076900     1.469159     0.000000
     0.102578     1.469009     0.004528
     0.128135     1.469265     0.001523
     0.153938     1.468260     0.010328
     0.179081     1.468294     0.017765
     0.204756     1.467834     0.001115
     0.230378     1.467929     0.000000
     0.255978     1.467256     0.000000
     0.281699     1.467465     0.000000
     0.307235     1.466862     0.000000
     0.332995     1.466989     0.000000
     0.358517     1.466457     0.000000
     0.384283     1.466496     0.000000
     0.409812     1.466031     0.000000
     0.435569     1.466003     0.000000
     0.461112     1.465590     0.000000
     0.486852     1.465510     0.000000
     0.512409     1.465137     0.000000
     0.538133     1.465018     0.000000
     0.563703     1.464675     0.000000
     0.589412     1.464525     0.000000
     0.614995     1.464205     0.000000
     0.640691     1.464032     0.000000
     0.666287     1.463730     0.000000
     0.691969     1.463540     0.000000
     0.717577     1.463254     0.000000
     0.743247     1.463050     0.000000
     0.768866     1.462777     0.000000
     0.794524     1.462561     0.000000
     0.820150     1.462299     0.000000
     0.845801     1.462074     0.000000
     0.871433     1.461820     0.000000
     0.897078     1.461587     0.000000
     0.922714     1.461340     0.000000
     0.948357     1.461102     0.000000
     0.973996     1.460859     0.000000
     0.999637     1.460618     0.000000
    -0.000116     1.494575     0.015861
     0.025782     1.494590     0.003889
     0.051265     1.494607     0.000000
     0.076992     1.494580     0.000000
     0.102567     1.494561     0.000000
     0.128288     1.494524     0.000000
     0.153928     1.494590     0.033995
     0.178809     1.494529     0.062086
     0.204563     1.492781     0.012528
     0.230698     1.493332     0.000000
     0.256029     1.492654     0.000000
     0.281971     1.492865     0.000000
     0.307384     1.492319     0.000000
     0.333228     1.492370     0.000000
     0.358723     1.491918     0.000000
     0.384500     1.491881     0.000000
     0.410045     1.491485     0.000000
     0.435779     1.491396     0.000000
     0.461355     1.491034     0.000000
     0.487063     1.490911     0.000000
     0.512657     1.490572     0.000000
     0.538349     1.490424     0.000000
     0.563954     1.490103     0.000000
     0.589636     1.489937     0.000000
     0.615246     1.489630     0.000000
     0.640920     1.489448     0.000000
     0.666535     1.489154     0.000000
     0.692202     1.488958     0.000000
     0.717822     1.488677     0.000000
     0.743483     1.488468     0.000000
     0.769106     1.488198     0.000000
     0.794763     1.487980     0.000000
     0.820389     1.487719     0.000000
     0.846042     1.487493     0.000000
     0.871672     1.487240     0.000000
     0.897321     1.487008     0.000000
     0.922955     1.486762     0.000000
     0.948599     1.486525     0.000000
     0.974236     1.486283     0.000000
     0.999876     1.486042     0.000000
     0.000000     1.519999     0.000184
     0.025641     1.519999     0.000000
     0.051282     1.519999     0.000000
     0.076923     1.519999     0.000000
     0.102564     1.519999     0.000000
     0.128205     1.519999     0.000000
     0.153846     1.519999     0.000000
     0.179487     1.519999     0.011825
     0.205137     1.518073     0.000000
     0.230691     1.518880     0.000000
     0.256405     1.517972     0.000000
     0.282028     1.518345     0.000000
     0.307713     1.517684     0.000000
     0.333356     1.517825     0.000000
     0.359016     1.517303     0.000000
     0.384671     1.517324     0.000000
     0.410316     1.516881     0.000000
     0.435977     1.516833     0.000000
     0.461613     1.516437     0.000000
     0.487276     1.516344     0.000000
     0.512909     1.515980     0.000000
     0.538571     1.515855     0.000000
     0.564202     1.515515     0.000000
     0.589861     1.515365     0.000000
     0.615493     1.515045     0.000000
     0.641148     1.514875     0.000000
     0.666781     1.514571     0.000000
     0.692433     1.514384     0.000000
     0.718067     1.514095     0.000000
     0.743715     1.513894     0.000000
     0.769351     1.513619     0.000000
     0.794996     1.513404     0.000000
     0.820633     1.513141     0.000000
     0.846276     1.512917     0.000000
     0.871914     1.512663     0.000000
     0.897555     1.512431     0.000000
     0.923195     1.512185     0.000000
     0.948835     1.511947     0.000000
     0.974475     1.511706     0.000000
     1.000115     1.511464     0.000000
