                27.238807                 0.000354
               102.598964                 0.001404
               184.527335                 0.003113
               253.163271                 0.005420
               285.986398                 0.008244
               279.706240                 0.011484
               248.882919                 0.015026
               219.096863                 0.018744
               103.707829                 0.017494
                -7.900458                 0.013820
               -67.728273                 0.010365
               -93.689652                 0.007252
              -101.352720                 0.004590
              -102.105417                 0.002474
              -101.607205                 0.000979
              -101.036668                 0.000158
              -100.021860                 0.000039
               -87.626236                 0.000628
               -60.792990                 0.001903
               -22.815901                 0.003819
                16.499272                 0.006309
                53.073149                 0.009283
                78.979582                 0.012637
                91.059176                 0.016252
                94.589566                 0.019999
                45.961003                 0.016253
                 5.128759                 0.012638
               -19.266404                 0.009284
               -32.383209                 0.006310
               -39.958606                 0.003820
               -44.294477                 0.001904
               -45.882762                 0.000628
               -46.926996                 0.000040
               -45.210374                 0.000158
               -37.706557                 0.000979
               -24.073663                 0.002474
                -5.013407                 0.004589
                14.462786                 0.007251
                31.161924                 0.010364
                44.245884                 0.013819
                55.079265                 0.017493
                52.623023                 0.018745
                25.400956                 0.015027
                 8.479536                 0.011485
                -3.990578                 0.008245
               -12.889715                 0.005421
               -19.799052                 0.003114
               -24.942609                 0.001405
               -27.872917                 0.000354
               -28.657731                 0.000000
