     0.000000    -0.000000     0.000000
     0.052632    -0.000000     0.000000
     0.105263    -0.000000     0.000000
     0.157895    -0.000000     0.000156
     0.210288     0.000996     0.000000
     0.262867     0.000423     0.000000
     0.315461     0.000884     0.000000
     0.368093     0.000478     0.000000
     0.420719     0.000798     0.000000
     0.473365     0.000551     0.000000
     0.525997     0.000778     0.000000
     0.578645     0.000639     0.000000
     0.631281     0.000804     0.000000
     0.683925     0.000738     0.000000
     0.736563     0.000860     0.000000
     0.789199     0.000845     0.000000
     0.841838     0.000927     0.000000
     0.894470     0.000949     0.000000
     0.947105     0.001001     0.000000
     0.999736     0.001044     0.000000
     0.000063     0.051788     0.000744
     0.052896     0.051750     0.000000
     0.105459     0.051681     0.001836
     0.157176     0.051704     0.002719
     0.210040     0.052754     0.000116
     0.262825     0.052195     0.000000
     0.315397     0.052564     0.000000
     0.368134     0.052239     0.000000
     0.420660     0.052488     0.000000
     0.473393     0.052296     0.000000
     0.525933     0.052478     0.000000
     0.578644     0.052373     0.000000
     0.631215     0.052514     0.000000
     0.683905     0.052469     0.000000
     0.736503     0.052580     0.000000
     0.789178     0.052576     0.000000
     0.841791     0.052649     0.000000
     0.894438     0.052675     0.000000
     0.947063     0.052724     0.000000
     0.999691     0.052765     0.000000
    -0.000107     0.103224     0.000021
     0.052530     0.103514     0.000000
     0.105092     0.104307     0.000499
     0.157770     0.104120     0.001135
     0.209824     0.104225     0.000000
     0.262995     0.103894     0.000000
     0.315210     0.104240     0.000000
     0.368214     0.103958     0.000000
     0.420542     0.104218     0.000000
     0.473422     0.104011     0.000000
     0.525856     0.104229     0.000000
     0.578665     0.104077     0.000000
     0.631161     0.104252     0.000000
     0.683912     0.104158     0.000000
     0.736451     0.104293     0.000000
     0.789147     0.104257     0.000000
     0.841727     0.104377     0.000000
     0.894399     0.104387     0.000000
     0.947015     0.104462     0.000000
     0.999655     0.104509     0.000000
    -0.000343     0.155298     0.000000
     0.052243     0.155353     0.000000
     0.104784     0.155337     0.000000
     0.157560     0.155800     0.000000
     0.210169     0.155877     0.000000
     0.262775     0.155650     0.000000
     0.315349     0.155944     0.000000
     0.368056     0.155649     0.000000
     0.420605     0.155961     0.000000
     0.473333     0.155694     0.000000
     0.525867     0.155950     0.000000
     0.578575     0.155777     0.000000
     0.631143     0.155993     0.000000
     0.683829     0.155892     0.000000
     0.736436     0.156073     0.000000
     0.789108     0.156019     0.000000
     0.841728     0.156120     0.000000
     0.894361     0.156108     0.000000
     0.946986     0.156179     0.000000
     0.999608     0.156200     0.000000
    -0.000380     0.206870     0.000000
     0.052221     0.207107     0.000000
     0.104823     0.207588     0.000000
     0.157438     0.207392     0.000000
     0.210044     0.207601     0.000000
     0.262779     0.207445     0.000000
     0.315300     0.207592     0.000000
     0.368044     0.207451     0.000000
     0.420546     0.207611     0.000000
     0.473293     0.207480     0.000000
     0.525818     0.207672     0.000000
     0.578573     0.207516     0.000000
     0.631098     0.207696     0.000000
     0.683839     0.207573     0.000000
     0.736372     0.207720     0.000000
     0.789077     0.207663     0.000000
     0.841648     0.207830     0.000000
     0.894336     0.207832     0.000000
     0.946946     0.207925     0.000000
     0.999589     0.207981     0.000000
    -0.000639     0.258862     0.000000
     0.051984     0.258874     0.000000
     0.104640     0.258819     0.000000
     0.157345     0.259130     0.000000
     0.210030     0.259184     0.000000
     0.262637     0.259084     0.000000
     0.315299     0.259331     0.000000
     0.367925     0.259100     0.000000
     0.420573     0.259392     0.000000
     0.473208     0.259126     0.000000
     0.525838     0.259376     0.000000
     0.578451     0.259205     0.000000
     0.631116     0.259439     0.000000
     0.683717     0.259328     0.000000
     0.736407     0.259554     0.000000
     0.789007     0.259472     0.000000
     0.841675     0.259584     0.000000
     0.894264     0.259544     0.000000
     0.946906     0.259639     0.000000
     0.999520     0.259642     0.000000
    -0.000486     0.310443     0.000000
     0.052111     0.310582     0.000000
     0.104731     0.310946     0.000000
     0.157338     0.310722     0.000000
     0.209961     0.310975     0.000000
     0.262646     0.310918     0.000000
     0.315226     0.310973     0.000000
     0.367914     0.310918     0.000000
     0.420479     0.311003     0.000000
     0.473175     0.310942     0.000000
     0.525744     0.311111     0.000000
     0.578474     0.310950     0.000000
     0.631012     0.311121     0.000000
     0.683757     0.310991     0.000000
     0.736272     0.311124     0.000000
     0.789015     0.311079     0.000000
     0.841573     0.311276     0.000000
     0.894285     0.311295     0.000000
     0.946886     0.311386     0.000000
     0.999532     0.311465     0.000000
    -0.000780     0.362371     0.000000
     0.051867     0.362367     0.000000
     0.104524     0.362260     0.000000
     0.157215     0.362576     0.000000
     0.209845     0.362542     0.000000
     0.262538     0.362453     0.000000
     0.315193     0.362765     0.000000
     0.367818     0.362503     0.000000
     0.420504     0.362851     0.000000
     0.473085     0.362536     0.000000
     0.525796     0.362796     0.000000
     0.578316     0.362625     0.000000
     0.631097     0.362863     0.000000
     0.683597     0.362764     0.000000
     0.736401     0.363024     0.000000
     0.788877     0.362921     0.000000
     0.841611     0.363038     0.000000
     0.894149     0.362974     0.000000
     0.946810     0.363113     0.000000
     0.999408     0.363094     0.000000
    -0.000533     0.413938     0.000000
     0.052071     0.414045     0.000000
     0.104681     0.414353     0.000000
     0.157261     0.414122     0.000000
     0.209964     0.414360     0.000000
     0.262513     0.414368     0.000000
     0.315111     0.414388     0.000000
     0.367782     0.414331     0.000000
     0.420387     0.414425     0.000000
     0.473081     0.414363     0.000000
     0.525636     0.414588     0.000000
     0.578380     0.414341     0.000000
     0.630894     0.414536     0.000000
     0.683675     0.414401     0.000000
     0.736098     0.414509     0.000000
     0.788988     0.414504     0.000000
     0.841488     0.414712     0.000000
     0.894247     0.414776     0.000000
     0.946821     0.414853     0.000000
     0.999483     0.414960     0.000000
    -0.000895     0.465840     0.000000
     0.051718     0.465853     0.000000
     0.104478     0.465662     0.000000
     0.157120     0.466118     0.000000
     0.209620     0.465907     0.000000
     0.262478     0.465843     0.000000
     0.315129     0.466271     0.000000
     0.367679     0.465833     0.000000
     0.420481     0.466338     0.000000
     0.472921     0.465922     0.000000
     0.525799     0.466231     0.000000
     0.578165     0.466027     0.000000
     0.631097     0.466245     0.000000
     0.683470     0.466232     0.000000
     0.736444     0.466473     0.000000
     0.788675     0.466342     0.000000
     0.841509     0.466494     0.000000
     0.894023     0.466371     0.000000
     0.946705     0.466641     0.000000
     0.999259     0.466553     0.000000
    -0.000620     0.517394     0.184799
     0.052240     0.517472     0.174952
     0.104452     0.517812     0.009364
     0.157067     0.517553     0.002323
     0.210564     0.517731     0.001682
     0.261989     0.517857     0.001518
     0.315017     0.517871     0.002673
     0.367609     0.517642     0.001296
     0.420312     0.517869     0.000771
     0.473049     0.517759     0.000660
     0.525503     0.518113     0.001091
     0.578398     0.517693     0.001135
     0.630704     0.517917     0.001515
     0.683570     0.517835     0.001788
     0.735753     0.517880     0.001807
     0.789011     0.517954     0.001171
     0.841447     0.518110     0.000741
     0.894172     0.518260     0.000570
     0.946675     0.518366     0.000551
     0.999550     0.518448     0.001590
     0.015325     0.569271     0.192028
     0.059802     0.571877     0.205004
     0.114447     0.570187     0.206269
     0.158636     0.570624     0.201082
     0.210000     0.569729     0.176448
     0.262121     0.570002     0.008618
     0.316035     0.569421     0.001606
     0.366888     0.569346     0.001208
     0.420344     0.569688     0.001302
     0.471777     0.569429     0.001969
     0.525800     0.569496     0.003627
     0.576761     0.570001     0.005263
     0.629077     0.569841     0.002130
     0.680835     0.569932     0.012914
     0.734886     0.569664     0.003704
     0.786605     0.569437     0.009851
     0.840430     0.569515     0.002092
     0.893962     0.569851     0.001323
     0.946371     0.570014     0.001376
     0.999588     0.569583     0.001762
     0.009463     0.621420     0.000000
     0.062232     0.627830     0.003266
     0.116599     0.632915     0.003040
     0.166979     0.638232     0.012371
     0.217993     0.640777     0.203418
     0.268408     0.617763     0.203601
     0.314657     0.623497     0.010144
     0.368588     0.621653     0.002156
     0.418938     0.621630     0.001646
     0.473287     0.621060     0.003630
     0.523033     0.621962     0.003392
     0.576229     0.622912     0.009922
     0.627846     0.622008     0.016059
     0.683116     0.620207     0.001515
     0.732972     0.620774     0.015858
     0.789193     0.621550     0.002502
     0.839043     0.619808     0.030390
     0.892817     0.620994     0.004765
     0.946786     0.621346     0.002965
     1.000241     0.620756     0.006015
     0.057547     0.675791     0.000666
     0.107642     0.674395     0.002509
     0.161520     0.678345     0.003047
     0.212174     0.682335     0.003689
     0.265216     0.690119     0.190703
     0.317321     0.674879     0.200049
     0.368236     0.673495     0.062065
     0.422100     0.673861     0.013701
     0.471453     0.674093     0.052325
     0.523617     0.675015     0.004359
     0.576195     0.673885     0.035737
     0.630159     0.671769     0.003311
     0.680176     0.673824     0.002091
     0.735131     0.672449     0.000711
     0.785416     0.671783     0.003107
     0.840845     0.675050     0.003540
     0.892360     0.670601     0.055873
     0.946299     0.671596     0.005508
     1.000492     0.671358     0.005510
     0.113919     0.737103     0.216711
     0.159690     0.743428     0.210694
     0.216781     0.742500     0.002169
     0.264027     0.739472     0.001447
     0.315914     0.713005     0.001267
     0.367158     0.726037     0.203554
     0.427218     0.725596     0.197168
     0.475242     0.728558     0.048921
     0.525165     0.727041     0.169227
     0.575297     0.724185     0.005137
     0.628267     0.726268     0.021855
     0.682720     0.723597     0.000131
     0.733558     0.724004     0.000000
     0.787931     0.725083     0.000518
     0.838999     0.721249     0.000988
     0.893600     0.727847     0.003508
     0.945926     0.721260     0.134025
     1.000906     0.721212     0.167925
     0.106790     0.778208     0.227580
     0.196245     0.828124     0.207156
     0.207819     0.777627     0.002170
     0.296839     0.794418     0.001445
     0.318911     0.773754     0.001267
     0.404443     0.799848     0.199552
     0.410320     0.745325     0.199821
     0.471879     0.793313     0.182536
     0.522498     0.767528     0.175552
     0.578767     0.781732     0.055260
     0.628411     0.772130     0.003155
     0.682205     0.777846     0.000927
     0.733745     0.775680     0.000000
     0.787511     0.774988     0.000499
     0.839106     0.778530     0.000948
     0.893105     0.771307     0.003718
     0.946347     0.778937     0.135993
     1.000419     0.778706     0.169622
     0.073224     0.835771     0.000666
     0.135747     0.827200     0.002510
     0.173086     0.816254     0.003055
     0.238927     0.852172     0.003716
     0.278253     0.841509     0.208371
     0.312876     0.818430     0.203826
     0.369433     0.827695     0.190754
     0.421407     0.826069     0.160001
     0.471885     0.825820     0.176614
     0.523728     0.825101     0.004390
     0.575155     0.825095     0.084943
     0.631889     0.831717     0.003342
     0.679358     0.826290     0.001213
     0.736884     0.827560     0.000654
     0.784874     0.828232     0.001498
     0.842617     0.824456     0.003744
     0.892068     0.828964     0.078913
     0.945957     0.828498     0.005686
     1.000314     0.828481     0.005528
     0.015208     0.866156     0.000000
     0.062587     0.895120     0.003274
     0.111647     0.882749     0.003042
     0.165773     0.928792     0.012367
     0.212395     0.888484     0.216177
     0.264518     0.876168     0.208449
     0.316501     0.878127     0.009754
     0.367551     0.877915     0.002122
     0.419794     0.878638     0.001635
     0.472501     0.878636     0.003646
     0.523674     0.878513     0.003474
     0.575768     0.877003     0.009742
     0.627766     0.877641     0.044954
     0.685316     0.880891     0.003553
     0.732896     0.879036     0.022132
     0.790270     0.878278     0.003374
     0.838917     0.879938     0.041910
     0.892754     0.879314     0.005836
     0.946827     0.878613     0.003019
     1.000178     0.879172     0.005966
    -0.015776     0.906980     0.213242
     0.058675     0.942875     0.203297
     0.111467     0.926432     0.204790
     0.159704     0.930420     0.212069
     0.210488     0.929848     0.198034
     0.262808     0.930096     0.008700
     0.315301     0.930866     0.001676
     0.367055     0.930374     0.001206
     0.419971     0.930488     0.001291
     0.471945     0.930558     0.001994
     0.525492     0.930362     0.003649
     0.576872     0.930194     0.005457
     0.628855     0.929890     0.002204
     0.680382     0.930476     0.024518
     0.735488     0.930511     0.007108
     0.786509     0.930552     0.016077
     0.840417     0.930653     0.002128
     0.894005     0.929961     0.001330
     0.946325     0.929989     0.001362
     0.999559     0.930383     0.001778
    -0.000594     0.982578     0.204834
     0.052514     0.982472     0.175027
     0.104947     0.982273     0.009402
     0.156976     0.982257     0.002315
     0.210346     0.982185     0.001652
     0.261977     0.982497     0.001534
     0.315121     0.982224     0.002684
     0.367631     0.982305     0.001300
     0.420345     0.982244     0.000779
     0.473025     0.982080     0.000676
     0.525543     0.982182     0.001103
     0.578397     0.982170     0.001136
     0.630735     0.982210     0.001545
     0.683626     0.981825     0.001814
     0.735669     0.982007     0.002523
     0.788932     0.982231     0.001183
     0.841501     0.981703     0.000743
     0.894128     0.981947     0.000566
     0.946680     0.981612     0.000552
     0.999559     0.981514     0.001650
    -0.000794     1.034089     0.000000
     0.051770     1.034040     0.000000
     0.104482     1.034370     0.000000
     0.157265     1.034071     0.000000
     0.209791     1.034035     0.000000
     0.262577     1.034107     0.000000
     0.315138     1.033885     0.000000
     0.367726     1.034088     0.000000
     0.420392     1.033757     0.000000
     0.472968     1.034096     0.000000
     0.525674     1.033664     0.000000
     0.578224     1.034069     0.000000
     0.631007     1.033684     0.000000
     0.683474     1.034016     0.000000
     0.736381     1.033702     0.000000
     0.788734     1.033623     0.000000
     0.841470     1.033621     0.000000
     0.894033     1.033511     0.000000
     0.946717     1.033334     0.000000
     0.999262     1.033412     0.000000
    -0.000439     1.086034     0.000000
     0.052172     1.085946     0.000000
     0.104773     1.085659     0.000000
     0.157295     1.085762     0.000000
     0.209953     1.085664     0.000000
     0.262472     1.085842     0.000000
     0.315175     1.085670     0.000000
     0.367803     1.085729     0.000000
     0.420437     1.085642     0.000000
     0.473104     1.085572     0.000000
     0.525673     1.085613     0.000000
     0.578370     1.085546     0.000000
     0.630914     1.085577     0.000000
     0.683652     1.085368     0.000000
     0.736134     1.085404     0.000000
     0.788967     1.085560     0.000000
     0.841524     1.085206     0.000000
     0.894259     1.085337     0.000000
     0.946828     1.085136     0.000000
     0.999491     1.085027     0.000000
    -0.000741     1.137568     0.000000
     0.051901     1.137592     0.000000
     0.104552     1.137761     0.000000
     0.157284     1.137560     0.000000
     0.209880     1.137489     0.000000
     0.262609     1.137483     0.000000
     0.315226     1.137313     0.000000
     0.367852     1.137489     0.000000
     0.420510     1.137206     0.000000
     0.473096     1.137508     0.000000
     0.525772     1.137141     0.000000
     0.578363     1.137455     0.000000
     0.631067     1.137116     0.000000
     0.683655     1.137413     0.000000
     0.736324     1.137100     0.000000
     0.788915     1.137058     0.000000
     0.841574     1.137036     0.000000
     0.894160     1.136942     0.000000
     0.946825     1.136870     0.000000
     0.999420     1.136879     0.000000
    -0.000442     1.189547     0.000000
     0.052147     1.189418     0.000000
     0.104757     1.189052     0.000000
     0.157350     1.189211     0.000000
     0.210003     1.189064     0.000000
     0.262640     1.189210     0.000000
     0.315252     1.189087     0.000000
     0.367937     1.189143     0.000000
     0.420508     1.189059     0.000000
     0.473209     1.189043     0.000000
     0.525773     1.189021     0.000000
     0.578464     1.188990     0.000000
     0.631034     1.188952     0.000000
     0.683725     1.188870     0.000000
     0.736344     1.188824     0.000000
     0.789016     1.188936     0.000000
     0.841624     1.188688     0.000000
     0.894307     1.188760     0.000000
     0.946901     1.188611     0.000000
     0.999546     1.188531     0.000000
    -0.000622     1.241102     0.000000
     0.052002     1.241109     0.000000
     0.104665     1.241204     0.000000
     0.157372     1.240951     0.000000
     0.210028     1.240854     0.000000
     0.262675     1.240885     0.000000
     0.315331     1.240717     0.000000
     0.367950     1.240910     0.000000
     0.420601     1.240651     0.000000
     0.473220     1.240918     0.000000
     0.525851     1.240602     0.000000
     0.578497     1.240859     0.000000
     0.631121     1.240567     0.000000
     0.683777     1.240786     0.000000
     0.736358     1.240527     0.000000
     0.789033     1.240527     0.000000
     0.841650     1.240457     0.000000
     0.894275     1.240407     0.000000
     0.946922     1.240349     0.000000
     0.999536     1.240337     0.000000
    -0.000365     1.293130     0.000000
     0.052229     1.292893     0.000000
     0.104826     1.292411     0.000000
     0.157447     1.292578     0.000000
     0.210084     1.292431     0.000000
     0.262789     1.292631     0.000000
     0.315315     1.292463     0.000000
     0.368064     1.292598     0.000000
     0.420562     1.292447     0.000000
     0.473324     1.292529     0.000000
     0.525839     1.292416     0.000000
     0.578570     1.292461     0.000000
     0.631120     1.292352     0.000000
     0.683823     1.292356     0.000000
     0.736440     1.292259     0.000000
     0.789094     1.292336     0.000000
     0.841702     1.292156     0.000000
     0.894365     1.292192     0.000000
     0.946969     1.292073     0.000000
     0.999610     1.292014     0.000000
    -0.000335     1.344686     0.000000
     0.052252     1.344643     0.000000
     0.104799     1.344680     0.000000
     0.157572     1.344242     0.000000
     0.210162     1.344155     0.000000
     0.262793     1.344346     0.000000
     0.315374     1.344094     0.000000
     0.368076     1.344370     0.000000
     0.420636     1.344079     0.000000
     0.473348     1.344342     0.000000
     0.525894     1.344060     0.000000
     0.578617     1.344267     0.000000
     0.631165     1.344029     0.000000
     0.683880     1.344172     0.000000
     0.736417     1.343976     0.000000
     0.789131     1.343988     0.000000
     0.841721     1.343900     0.000000
     0.894377     1.343868     0.000000
     0.947007     1.343811     0.000000
     0.999631     1.343785     0.000000
    -0.000109     1.396783     0.000035
     0.052527     1.396491     0.000000
     0.105087     1.395693     0.000499
     0.157777     1.395874     0.001134
     0.209851     1.395800     0.000000
     0.263009     1.396146     0.000000
     0.315221     1.395808     0.000000
     0.368232     1.396077     0.000000
     0.420554     1.395832     0.000000
     0.473448     1.396009     0.000000
     0.525874     1.395827     0.000000
     0.578673     1.395927     0.000000
     0.631184     1.395783     0.000000
     0.683917     1.395822     0.000000
     0.736504     1.395711     0.000000
     0.789174     1.395741     0.000000
     0.841775     1.395623     0.000000
     0.894432     1.395617     0.000000
     0.947044     1.395535     0.000000
     0.999683     1.395484     0.000000
     0.000063     1.448205     0.000782
     0.052905     1.448252     0.000000
     0.105462     1.448321     0.001834
     0.157187     1.448303     0.002715
     0.210039     1.447275     0.000115
     0.262835     1.447819     0.000000
     0.315415     1.447474     0.000000
     0.368150     1.447786     0.000000
     0.420685     1.447553     0.000000
     0.473410     1.447732     0.000000
     0.525962     1.447554     0.000000
     0.578676     1.447652     0.000000
     0.631245     1.447514     0.000000
     0.683942     1.447555     0.000000
     0.736518     1.447445     0.000000
     0.789205     1.447430     0.000000
     0.841811     1.447359     0.000000
     0.894465     1.447318     0.000000
     0.947093     1.447268     0.000000
     0.999722     1.447223     0.000000
     0.000000     1.500000     0.000000
     0.052632     1.500000     0.000000
     0.105263     1.500000     0.000000
     0.157895     1.500000     0.000155
     0.210292     1.499034     0.000000
     0.262873     1.499590     0.000000
     0.315471     1.499157     0.000000
     0.368108     1.499545     0.000000
     0.420738     1.499246     0.000000
     0.473389     1.499473     0.000000
     0.526022     1.499257     0.000000
     0.578674     1.499381     0.000000
     0.631309     1.499224     0.000000
     0.683957     1.499278     0.000000
     0.736595     1.499162     0.000000
     0.789235     1.499157     0.000000
     0.841871     1.499081     0.000000
     0.894505     1.499044     0.000000
     0.947138     1.498992     0.000000
     0.999770     1.498944     0.000000
