1 seg vs 1 seg contact problem                                                                         
   32000111   2    1    0    0    1   10 1.000E-01 0.000E+00    0    1    0
    0    0    0    1    0    0    0    2    1    0    0    0    0
    0    0    0 0.000E+00 0.000E+00    0    0    0    0    0
    1   30    1   20    5    0.0001    0.0001  0.000001    0    0    0
    1    1    0    0    0    0.0001    0.0001    
    0    1    0    0
    0    0    0    0
    1    1    1    1    0    0    0 0.000E+00 0.000E+00 0.000E+00    0    0    0
    2    0    0    0    0    0    0 0.500E+00 0.000E+00 0.000E+00    0    0    0
    3    0    0    0    0    0    0 0.100E+01 0.000E+00 0.000E+00    0    0    0
    4    1    1    1    0    0    0 0.000E+00 0.500E+00 0.000E+00    0    0    0
    5    0    0    0    0    0    0 0.500E+00 0.500E+00 0.000E+00    0    0    0
    6    0    0    0    0    0    0 0.100E+01 0.500E+00 0.000E+00    0    0    0
    7    1    1    1    0    0    0 0.000E+00 0.100E+01 0.000E+00    0    0    0
    8    0    0    0    0    0    0 0.500E+00 0.100E+01 0.000E+00    0    0    0
    9    0    0    0    0    0    0 0.100E+01 0.100E+01 0.000E+00    0    0    0
   10    1    1    1    0    0    0 0.000E+00 0.000E+00 0.500E+00    0    0    0
   11    0    0    0    0    0    0 0.500E+00 0.000E+00 0.500E+00    0    0    0
   12    0    0    0    0    0    0 0.100E+01 0.000E+00 0.500E+00    0    0    0
   13    1    1    1    0    0    0 0.000E+00 0.500E+00 0.500E+00    0    0    0
   14    0    0    0    0    0    0 0.500E+00 0.500E+00 0.500E+00    0    0    0
   15    0    0    0    0    0    0 0.100E+01 0.500E+00 0.500E+00    0    0    0
   16    1    1    1    0    0    0 0.000E+00 0.100E+01 0.500E+00    0    0    0
   17    0    0    0    0    0    0 0.500E+00 0.100E+01 0.500E+00    0    0    0
   18    0    0    0    0    0    0 0.100E+01 0.100E+01 0.500E+00    0    0    0
   19    1    1    1    0    0    0 0.000E+00 0.000E+00 0.100E+01    0    0    0
   20    0    0    0    0    0    0 0.500E+00 0.000E+00 0.100E+01    0    0    0
   21    0    0    0    0    0    0 0.100E+01 0.000E+00 0.100E+01    0    0    0
   22    1    1    1    0    0    0 0.000E+00 0.500E+00 0.100E+01    0    0    0
   23    0    0    0    0    0    0 0.500E+00 0.500E+00 0.100E+01    0    0    0
   24    0    0    0    0    0    0 0.100E+01 0.500E+00 0.100E+01    0    0    0
   25    1    1    1    0    0    0 0.000E+00 0.100E+01 0.100E+01    0    0    0
   26    0    0    0    0    0    0 0.500E+00 0.100E+01 0.100E+01    0    0    0
   27    0    0    0    0    0    0 0.100E+01 0.100E+01 0.100E+01    0    0    0
   28    0    1    1    0    0    0 0.120E+01 0.400E+00 0.400E+00    0    0    0
   29    1    1    1    0    0    0 0.140E+01 0.500E+00 0.500E+00    0    0    0
   30    0    1    1    0    0    0 0.120E+01 0.400E+00 0.600E+00    0    0    0
   31    0    1    1    0    0    0 0.120E+01 0.600E+00 0.600E+00    0    0    0
   32    0    1    1    0    0    0 0.120E+01 0.600E+00 0.400E+00    0    0    0
b
    1    2   12    0    0    0
    0    0
    0    0    0    0    0    0    0    0    0    0    0    0    0    0
    1    2    0
 0.000E+00 0.000E+00 0.100E+01 1.000E+01
   28    1    1-0.100E+01 0.000E+00    0    0
   28    2    1 0.000E+00 0.000E+00    0    0
   28    3    1 0.000E+00 0.000E+00    0    0
   30    1    1-0.100E+01 0.000E+00    0    0
   30    2    1 0.000E+00 0.000E+00    0    0
   30    3    1 0.000E+00 0.000E+00    0    0
   31    1    1-0.100E+01 0.000E+00    0    0
   31    2    1 0.000E+00 0.000E+00    0    0
   31    3    1 0.000E+00 0.000E+00    0    0
   32    1    1-0.100E+01 0.000E+00    0    0
   32    2    1 0.000E+00 0.000E+00    0    0
   32    3    1 0.000E+00 0.000E+00    0    0
    0
   1   4   1   0   0   0   2   0   0   1   0   0   1   0   1   1   1   0   0   0
    1 0.100E+01 0.000E+00
 0.500E+00
    1    1    0    1    0 0.000E+00 0.000E+00    0   28   29
    2    1    0    1    0 0.000E+00 0.000E+00    0   29   30
    3    1    0    1    0 0.000E+00 0.000E+00    0   29   32
    4    1    0    1    0 0.000E+00 0.000E+00    0   29   31
   3   8   1   0   0   0   8   0   0   2   2   2   1   0   1   1   0   0   0   0
    111111111
    1 0.000E+00
 2.000E+00 0.250E+00
    1    1    0    1    0    0    0
    5    4   13   14    2    1   10   11    0    0    0    0    0    0    0    0
    2    1    0    1    0    0    0
    6    5   14   15    3    2   11   12    0    0    0    0    0    0    0    0
    3    1    0    1    0    0    0
    8    7   16   17    5    4   13   14    0    0    0    0    0    0    0    0
    4    1    0    1    0    0    0
    9    8   17   18    6    5   14   15    0    0    0    0    0    0    0    0
    5    1    0    1    0    0    0
   14   13   22   23   11   10   19   20    0    0    0    0    0    0    0    0
    6    1    0    1    0    0    0
   15   14   23   24   12   11   20   21    0    0    0    0    0    0    0    0
    7    1    0    1    0    0    0
   17   16   25   26   14   13   22   23    0    0    0    0    0    0    0    0
    8    1    0    1    0    0    0
   18   17   26   27   15   14   23   24    0    0    0    0    0    0    0    0
   9   1   1   9   1   4   0   0   0   0   0   0   0   0   0   0   0   0   0   0
       0.5      0.49     0.001      1000      1000 
    1   28   30   31   32
    1   12   15   24   21 
    2   15   18   27   24
    3    3    6   15   12
    4    6    9   18   15
0
0
