                 3.068220                 0.000005
                 7.653839                 0.000020
                15.290956                 0.000044
                25.971426                 0.000079
                39.683683                 0.000123
                56.412719                 0.000177
                76.139946                 0.000241
                98.844353                 0.000314
               124.501147                 0.000397
               153.082203                 0.000489
               184.556501                 0.000591
               218.889923                 0.000702
               256.045375                 0.000822
               295.982528                 0.000952
               337.751778                 0.001090
               367.328105                 0.001237
               390.303029                 0.001393
               412.762774                 0.001557
               435.331861                 0.001729
               457.908074                 0.001910
               480.386388                 0.002098
               502.633196                 0.002295
               524.519032                 0.002499
               545.905812                 0.002710
               566.666732                 0.002929
               585.960016                 0.003155
               601.208820                 0.003387
               614.939281                 0.003626
               627.267927                 0.003871
               637.610066                 0.004122
               646.108844                 0.004379
               653.508915                 0.004642
               659.954948                 0.004910
               665.399050                 0.005182
               669.809008                 0.005460
               673.037620                 0.005742
               675.207827                 0.006028
               676.327410                 0.006319
               676.340029                 0.006613
               675.253686                 0.006910
               673.121379                 0.007210
               669.974447                 0.007513
               665.929379                 0.007819
               661.058529                 0.008126
               655.481594                 0.008436
               649.241385                 0.008747
               642.442779                 0.009059
               635.191678                 0.009372
               627.537862                 0.009686
               619.569039                 0.010000
