                 8.390736                 0.000005
                13.060733                 0.000020
                20.838657                 0.000044
                31.716369                 0.000079
                45.681276                 0.000123
                62.718904                 0.000177
                82.810313                 0.000241
               105.933760                 0.000314
               132.064238                 0.000397
               161.172967                 0.000489
               193.228994                 0.000591
               228.197129                 0.000702
               266.039430                 0.000822
               306.715617                 0.000952
               350.181038                 0.001090
               384.931573                 0.001237
               408.742207                 0.001393
               432.147191                 0.001557
               455.535521                 0.001729
               478.790983                 0.001910
               501.815131                 0.002098
               524.489166                 0.002295
               546.635473                 0.002499
               568.114572                 0.002710
               588.813060                 0.002929
               607.773923                 0.003155
               624.795633                 0.003387
               640.110723                 0.003626
               653.806815                 0.003871
               665.831471                 0.004122
               676.265814                 0.004379
               685.069899                 0.004642
               692.137397                 0.004910
               698.076811                 0.005182
               702.695005                 0.005460
               705.893657                 0.005742
               707.489575                 0.006028
               707.806411                 0.006319
               706.441157                 0.006613
               703.112651                 0.006910
               697.884553                 0.007210
               691.035710                 0.007513
               682.754485                 0.007819
               673.267599                 0.008126
               662.779038                 0.008436
               651.465882                 0.008747
               639.482392                 0.009059
               626.981518                 0.009372
               614.033013                 0.009686
               600.834063                 0.010000
