     0.000000    -0.010000     0.000740
     0.025641    -0.010000     0.000627
     0.051282    -0.010000     0.000518
     0.076923    -0.010000     0.000413
     0.102564    -0.010000     0.000310
     0.128205    -0.010000     0.000211
     0.153846    -0.010000     0.000122
     0.179487    -0.010000     0.000052
     0.205128    -0.010000     0.000014
     0.230769    -0.010000     0.000002
     0.256410    -0.010000     0.000000
     0.282051    -0.010000     0.000000
     0.307692    -0.010000     0.000000
     0.333333    -0.010000     0.000000
     0.358974    -0.010000     0.000000
     0.384615    -0.010000     0.000000
     0.410256    -0.010000     0.000000
     0.435897    -0.010000     0.000000
     0.461538    -0.010000     0.000000
     0.487179    -0.010000     0.000000
     0.512821    -0.010000     0.000000
     0.538462    -0.010000     0.000000
     0.564103    -0.010000     0.000000
     0.589744    -0.010000     0.000000
     0.615385    -0.010000     0.000000
     0.641026    -0.010000     0.000000
     0.666667    -0.010000     0.000000
     0.692308    -0.010000     0.000000
     0.717949    -0.010000     0.000000
     0.743590    -0.010000     0.000000
     0.769231    -0.010000     0.000002
     0.794872    -0.010000     0.000014
     0.820513    -0.010000     0.000052
     0.846154    -0.010000     0.000122
     0.871795    -0.010000     0.000211
     0.897436    -0.010000     0.000310
     0.923077    -0.010000     0.000413
     0.948718    -0.010000     0.000519
     0.974359    -0.010000     0.000628
     1.000000    -0.010000     0.000741
     0.000086     0.015490     0.000727
     0.025627     0.015441     0.000618
     0.051329     0.015473     0.000514
     0.076928     0.015459     0.000413
     0.102588     0.015461     0.000315
     0.128211     0.015457     0.000221
     0.153856     0.015454     0.000136
     0.179489     0.015452     0.000065
     0.205131     0.015450     0.000023
     0.230770     0.015449     0.000005
     0.256410     0.015448     0.000000
     0.282053     0.015446     0.000000
     0.307692     0.015445     0.000000
     0.333335     0.015443     0.000000
     0.358973     0.015443     0.000000
     0.384617     0.015442     0.000000
     0.410255     0.015441     0.000000
     0.435899     0.015441     0.000000
     0.461537     0.015441     0.000000
     0.487181     0.015440     0.000000
     0.512819     0.015440     0.000000
     0.538463     0.015441     0.000000
     0.564101     0.015441     0.000000
     0.589745     0.015441     0.000000
     0.615383     0.015442     0.000000
     0.641027     0.015443     0.000000
     0.666665     0.015443     0.000000
     0.692308     0.015445     0.000000
     0.717947     0.015446     0.000000
     0.743590     0.015448     0.000000
     0.769230     0.015449     0.000005
     0.794869     0.015450     0.000023
     0.820511     0.015452     0.000065
     0.846144     0.015454     0.000136
     0.871789     0.015457     0.000222
     0.897412     0.015461     0.000316
     0.923072     0.015459     0.000414
     0.948671     0.015473     0.000515
     0.974373     0.015441     0.000619
     0.999914     0.015490     0.000728
     0.000314     0.041180     0.000713
     0.025819     0.041051     0.000609
     0.051380     0.041002     0.000508
     0.077021     0.041022     0.000410
     0.102633     0.040991     0.000315
     0.128267     0.040997     0.000224
     0.153898     0.040977     0.000141
     0.179528     0.040975     0.000073
     0.205168     0.040958     0.000029
     0.230794     0.040955     0.000008
     0.256440     0.040942     0.000001
     0.282063     0.040940     0.000000
     0.307715     0.040931     0.000000
     0.333337     0.040930     0.000000
     0.358993     0.040923     0.000000
     0.384614     0.040923     0.000000
     0.410272     0.040918     0.000000
     0.435892     0.040919     0.000000
     0.461551     0.040916     0.000000
     0.487170     0.040916     0.000000
     0.512830     0.040916     0.000000
     0.538449     0.040916     0.000000
     0.564108     0.040919     0.000000
     0.589728     0.040918     0.000000
     0.615386     0.040923     0.000000
     0.641007     0.040923     0.000000
     0.666663     0.040930     0.000000
     0.692285     0.040931     0.000000
     0.717937     0.040940     0.000000
     0.743560     0.040942     0.000001
     0.769206     0.040955     0.000008
     0.794832     0.040958     0.000029
     0.820472     0.040975     0.000073
     0.846102     0.040977     0.000141
     0.871733     0.040997     0.000225
     0.897367     0.040991     0.000316
     0.922979     0.041022     0.000411
     0.948620     0.041002     0.000509
     0.974180     0.041051     0.000609
     0.999686     0.041180     0.000714
     0.000292     0.066669     0.000702
     0.025926     0.066625     0.000601
     0.051442     0.066524     0.000502
     0.077054     0.066484     0.000406
     0.102669     0.066477     0.000313
     0.128289     0.066448     0.000224
     0.153908     0.066439     0.000142
     0.179541     0.066420     0.000076
     0.205164     0.066415     0.000033
     0.230808     0.066401     0.000011
     0.256432     0.066398     0.000002
     0.282084     0.066385     0.000000
     0.307706     0.066382     0.000000
     0.333360     0.066371     0.000000
     0.358980     0.066370     0.000000
     0.384637     0.066362     0.000000
     0.410255     0.066363     0.000000
     0.435914     0.066358     0.000000
     0.461531     0.066358     0.000000
     0.487192     0.066357     0.000000
     0.512808     0.066357     0.000000
     0.538469     0.066358     0.000000
     0.564086     0.066358     0.000000
     0.589745     0.066363     0.000000
     0.615363     0.066362     0.000000
     0.641020     0.066370     0.000000
     0.666639     0.066371     0.000000
     0.692294     0.066382     0.000000
     0.717916     0.066385     0.000000
     0.743568     0.066398     0.000002
     0.769192     0.066401     0.000011
     0.794836     0.066415     0.000033
     0.820459     0.066420     0.000076
     0.846092     0.066439     0.000142
     0.871711     0.066448     0.000224
     0.897331     0.066477     0.000313
     0.922946     0.066484     0.000407
     0.948558     0.066524     0.000503
     0.974074     0.066625     0.000602
     0.999707     0.066669     0.000703
     0.000423     0.092201     0.000698
     0.025975     0.092165     0.000599
     0.051589     0.092127     0.000501
     0.077123     0.092047     0.000405
     0.102748     0.092020     0.000311
     0.128352     0.092007     0.000222
     0.153987     0.091974     0.000141
     0.179593     0.091960     0.000076
     0.205238     0.091927     0.000034
     0.230841     0.091917     0.000012
     0.256495     0.091889     0.000003
     0.282095     0.091885     0.000000
     0.307759     0.091866     0.000000
     0.333357     0.091865     0.000000
     0.359027     0.091850     0.000000
     0.384624     0.091850     0.000000
     0.410298     0.091840     0.000000
     0.435892     0.091841     0.000000
     0.461569     0.091835     0.000000
     0.487161     0.091835     0.000000
     0.512839     0.091835     0.000000
     0.538431     0.091835     0.000000
     0.564108     0.091841     0.000000
     0.589702     0.091840     0.000000
     0.615376     0.091850     0.000000
     0.640973     0.091850     0.000000
     0.666643     0.091865     0.000000
     0.692242     0.091866     0.000000
     0.717905     0.091885     0.000000
     0.743505     0.091889     0.000003
     0.769159     0.091917     0.000012
     0.794762     0.091927     0.000034
     0.820407     0.091960     0.000076
     0.846013     0.091974     0.000141
     0.871648     0.092007     0.000222
     0.897252     0.092020     0.000312
     0.922877     0.092047     0.000406
     0.948411     0.092127     0.000502
     0.974025     0.092165     0.000600
     0.999577     0.092201     0.000699
     0.000373     0.117753     0.000702
     0.026003     0.117684     0.000604
     0.051584     0.117620     0.000506
     0.077207     0.117572     0.000408
     0.102761     0.117500     0.000312
     0.128387     0.117460     0.000221
     0.153978     0.117434     0.000139
     0.179619     0.117400     0.000075
     0.205220     0.117391     0.000035
     0.230872     0.117361     0.000013
     0.256476     0.117357     0.000003
     0.282136     0.117329     0.000000
     0.307739     0.117327     0.000000
     0.333401     0.117304     0.000000
     0.359002     0.117304     0.000000
     0.384667     0.117288     0.000000
     0.410267     0.117290     0.000000
     0.435934     0.117279     0.000000
     0.461532     0.117282     0.000000
     0.487201     0.117278     0.000000
     0.512799     0.117278     0.000000
     0.538468     0.117282     0.000000
     0.564066     0.117279     0.000000
     0.589733     0.117290     0.000000
     0.615333     0.117288     0.000000
     0.640998     0.117304     0.000000
     0.666599     0.117304     0.000000
     0.692261     0.117327     0.000000
     0.717864     0.117329     0.000000
     0.743523     0.117357     0.000003
     0.769128     0.117361     0.000013
     0.794780     0.117391     0.000035
     0.820381     0.117400     0.000076
     0.846022     0.117434     0.000139
     0.871613     0.117460     0.000221
     0.897239     0.117500     0.000313
     0.922793     0.117572     0.000409
     0.948416     0.117620     0.000507
     0.973997     0.117684     0.000605
     0.999627     0.117753     0.000703
     0.000536     0.143222     0.000717
     0.026080     0.143200     0.000619
     0.051690     0.143163     0.000519
     0.077244     0.143114     0.000417
     0.102887     0.143073     0.000317
     0.128452     0.143033     0.000222
     0.154103     0.142983     0.000139
     0.179672     0.142954     0.000076
     0.205333     0.142904     0.000035
     0.230903     0.142885     0.000013
     0.256573     0.142843     0.000003
     0.282142     0.142836     0.000000
     0.307822     0.142807     0.000000
     0.333390     0.142805     0.000000
     0.359077     0.142783     0.000000
     0.384643     0.142783     0.000000
     0.410334     0.142767     0.000000
     0.435897     0.142770     0.000000
     0.461592     0.142760     0.000000
     0.487152     0.142761     0.000000
     0.512848     0.142760     0.000000
     0.538408     0.142760     0.000000
     0.564103     0.142770     0.000000
     0.589666     0.142767     0.000000
     0.615357     0.142783     0.000000
     0.640923     0.142784     0.000000
     0.666610     0.142805     0.000000
     0.692178     0.142807     0.000000
     0.717858     0.142836     0.000000
     0.743427     0.142843     0.000004
     0.769097     0.142885     0.000013
     0.794667     0.142904     0.000035
     0.820328     0.142954     0.000076
     0.845897     0.142983     0.000140
     0.871548     0.143033     0.000223
     0.897113     0.143074     0.000318
     0.922755     0.143115     0.000418
     0.948310     0.143163     0.000520
     0.973919     0.143200     0.000621
     0.999464     0.143222     0.000719
     0.000458     0.168847     0.000741
     0.026089     0.168745     0.000640
     0.051676     0.168680     0.000535
     0.077307     0.168611     0.000430
     0.102858     0.168540     0.000326
     0.128491     0.168476     0.000229
     0.154066     0.168440     0.000145
     0.179712     0.168387     0.000079
     0.205297     0.168375     0.000037
     0.230954     0.168328     0.000014
     0.256542     0.168325     0.000004
     0.282205     0.168281     0.000001
     0.307791     0.168279     0.000001
     0.333455     0.168243     0.000001
     0.359039     0.168245     0.000001
     0.384705     0.168220     0.000001
     0.410289     0.168225     0.000001
     0.435957     0.168208     0.000000
     0.461538     0.168213     0.000000
     0.487210     0.168208     0.000000
     0.512790     0.168208     0.000000
     0.538462     0.168213     0.000000
     0.564043     0.168208     0.000000
     0.589711     0.168225     0.000001
     0.615295     0.168220     0.000001
     0.640961     0.168244     0.000001
     0.666545     0.168243     0.000001
     0.692209     0.168278     0.000001
     0.717795     0.168281     0.000001
     0.743458     0.168325     0.000004
     0.769046     0.168328     0.000014
     0.794703     0.168375     0.000037
     0.820288     0.168387     0.000079
     0.845934     0.168441     0.000145
     0.871509     0.168476     0.000230
     0.897142     0.168540     0.000327
     0.922694     0.168611     0.000431
     0.948324     0.168680     0.000537
     0.973911     0.168745     0.000642
     0.999542     0.168847     0.000743
     0.000683     0.194256     0.000770
     0.026205     0.194241     0.000664
     0.051804     0.194189     0.000555
     0.077354     0.194157     0.000447
     0.103020     0.194117     0.000342
     0.128562     0.194061     0.000243
     0.154226     0.193996     0.000157
     0.179767     0.193952     0.000088
     0.205443     0.193886     0.000045
     0.230981     0.193858     0.000021
     0.256668     0.193803     0.000011
     0.282203     0.193793     0.000007
     0.307901     0.193756     0.000006
     0.333435     0.193753     0.000006
     0.359141     0.193726     0.000006
     0.384671     0.193724     0.000005
     0.410380     0.193703     0.000005
     0.435907     0.193708     0.000004
     0.461620     0.193694     0.000003
     0.487143     0.193695     0.000002
     0.512857     0.193695     0.000002
     0.538380     0.193694     0.000003
     0.564093     0.193708     0.000004
     0.589620     0.193704     0.000005
     0.615329     0.193724     0.000005
     0.640859     0.193726     0.000006
     0.666565     0.193753     0.000006
     0.692099     0.193756     0.000006
     0.717797     0.193793     0.000007
     0.743332     0.193803     0.000011
     0.769019     0.193858     0.000022
     0.794558     0.193886     0.000045
     0.820233     0.193952     0.000089
     0.845774     0.193996     0.000157
     0.871438     0.194061     0.000244
     0.896980     0.194117     0.000343
     0.922646     0.194158     0.000448
     0.948196     0.194189     0.000557
     0.973794     0.194240     0.000665
     0.999316     0.194256     0.000772
     0.000559     0.219967     0.000801
     0.026201     0.219829     0.000688
     0.051784     0.219756     0.000577
     0.077402     0.219633     0.000469
     0.102946     0.219569     0.000365
     0.128596     0.219488     0.000266
     0.154162     0.219450     0.000178
     0.179822     0.219375     0.000108
     0.205393     0.219365     0.000064
     0.231056     0.219298     0.000041
     0.256627     0.219301     0.000032
     0.282291     0.219237     0.000028
     0.307859     0.219239     0.000027
     0.333521     0.219189     0.000025
     0.359089     0.219195     0.000023
     0.384751     0.219161     0.000020
     0.410321     0.219172     0.000018
     0.435983     0.219145     0.000015
     0.461551     0.219156     0.000013
     0.487216     0.219148     0.000011
     0.512784     0.219148     0.000011
     0.538449     0.219156     0.000013
     0.564017     0.219145     0.000015
     0.589679     0.219171     0.000018
     0.615249     0.219161     0.000020
     0.640910     0.219195     0.000023
     0.666479     0.219189     0.000025
     0.692141     0.219239     0.000027
     0.717709     0.219238     0.000028
     0.743373     0.219301     0.000032
     0.768944     0.219298     0.000041
     0.794607     0.219365     0.000064
     0.820178     0.219375     0.000109
     0.845838     0.219450     0.000179
     0.871404     0.219489     0.000267
     0.897054     0.219569     0.000366
     0.922598     0.219633     0.000470
     0.948216     0.219756     0.000578
     0.973799     0.219830     0.000690
     0.999440     0.219967     0.000803
     0.000873     0.245299     0.000834
     0.026356     0.245287     0.000714
     0.051959     0.245230     0.000603
     0.077502     0.245223     0.000497
     0.103164     0.245156     0.000395
     0.128684     0.245083     0.000299
     0.154366     0.245003     0.000214
     0.179877     0.244946     0.000147
     0.205570     0.244869     0.000106
     0.231074     0.244832     0.000086
     0.256781     0.244770     0.000077
     0.282280     0.244755     0.000074
     0.307999     0.244716     0.000072
     0.333492     0.244708     0.000069
     0.359218     0.244680     0.000064
     0.384705     0.244674     0.000057
     0.410436     0.244651     0.000050
     0.435918     0.244657     0.000044
     0.461654     0.244640     0.000040
     0.487132     0.244641     0.000038
     0.512868     0.244641     0.000038
     0.538346     0.244640     0.000040
     0.564081     0.244657     0.000044
     0.589564     0.244652     0.000050
     0.615294     0.244674     0.000057
     0.640782     0.244680     0.000064
     0.666507     0.244708     0.000069
     0.692001     0.244716     0.000072
     0.717720     0.244754     0.000074
     0.743219     0.244770     0.000078
     0.768926     0.244832     0.000086
     0.794430     0.244869     0.000106
     0.820123     0.244946     0.000147
     0.845634     0.245003     0.000215
     0.871316     0.245083     0.000300
     0.896835     0.245156     0.000396
     0.922497     0.245224     0.000498
     0.948041     0.245231     0.000604
     0.973644     0.245288     0.000716
     0.999128     0.245300     0.000836
     0.000687     0.271130     0.000874
     0.026350     0.270945     0.000750
     0.051899     0.270839     0.000638
     0.077502     0.270668     0.000533
     0.103056     0.270615     0.000436
     0.128726     0.270491     0.000346
     0.154286     0.270459     0.000266
     0.179959     0.270357     0.000207
     0.205519     0.270360     0.000176
     0.231184     0.270269     0.000165
     0.256737     0.270287     0.000162
     0.282392     0.270199     0.000159
     0.307946     0.270212     0.000154
     0.333596     0.270142     0.000147
     0.359155     0.270159     0.000137
     0.384802     0.270112     0.000126
     0.410365     0.270133     0.000115
     0.436009     0.270094     0.000105
     0.461572     0.270113     0.000098
     0.487218     0.270101     0.000094
     0.512782     0.270101     0.000094
     0.538428     0.270113     0.000098
     0.563991     0.270094     0.000105
     0.589635     0.270132     0.000115
     0.615198     0.270112     0.000127
     0.640844     0.270159     0.000137
     0.666404     0.270142     0.000147
     0.692054     0.270212     0.000154
     0.717607     0.270199     0.000160
     0.743263     0.270287     0.000162
     0.768816     0.270269     0.000165
     0.794481     0.270360     0.000177
     0.820041     0.270357     0.000208
     0.845713     0.270459     0.000267
     0.871274     0.270491     0.000347
     0.896944     0.270615     0.000437
     0.922498     0.270668     0.000534
     0.948102     0.270839     0.000639
     0.973650     0.270946     0.000752
     0.999311     0.271130     0.000876
     0.001110     0.296343     0.001069
     0.026547     0.296354     0.000915
     0.052166     0.296324     0.000760
     0.077684     0.296304     0.000618
     0.103360     0.296178     0.000507
     0.128852     0.296093     0.000421
     0.154545     0.296003     0.000352
     0.180017     0.295933     0.000304
     0.205725     0.295855     0.000283
     0.231185     0.295808     0.000282
     0.256917     0.295748     0.000289
     0.282372     0.295722     0.000291
     0.308117     0.295692     0.000286
     0.333560     0.295670     0.000272
     0.359312     0.295650     0.000256
     0.384742     0.295634     0.000240
     0.410504     0.295615     0.000224
     0.435928     0.295620     0.000211
     0.461695     0.295600     0.000200
     0.487116     0.295600     0.000194
     0.512884     0.295600     0.000194
     0.538305     0.295600     0.000200
     0.564071     0.295620     0.000211
     0.589496     0.295615     0.000224
     0.615258     0.295634     0.000240
     0.640688     0.295650     0.000256
     0.666439     0.295670     0.000273
     0.691883     0.295692     0.000286
     0.717627     0.295722     0.000291
     0.743083     0.295748     0.000289
     0.768814     0.295808     0.000283
     0.794275     0.295855     0.000284
     0.819983     0.295933     0.000305
     0.845455     0.296003     0.000353
     0.871148     0.296093     0.000422
     0.896640     0.296178     0.000508
     0.922316     0.296304     0.000619
     0.947833     0.296325     0.000761
     0.973453     0.296355     0.000917
     0.998890     0.296345     0.001070
     0.000821     0.322340     0.001978
     0.026511     0.322093     0.001728
     0.052003     0.321938     0.001404
     0.077669     0.321695     0.001063
     0.103229     0.321656     0.000782
     0.128905     0.321485     0.000598
     0.154465     0.321470     0.000505
     0.180139     0.321338     0.000464
     0.205687     0.321368     0.000455
     0.231340     0.321243     0.000463
     0.256876     0.321288     0.000475
     0.282508     0.321164     0.000482
     0.308054     0.321202     0.000476
     0.333677     0.321103     0.000461
     0.359237     0.321143     0.000441
     0.384855     0.321074     0.000418
     0.410419     0.321113     0.000398
     0.436026     0.321053     0.000380
     0.461608     0.321087     0.000367
     0.487206     0.321069     0.000360
     0.512793     0.321069     0.000360
     0.538392     0.321088     0.000367
     0.563974     0.321054     0.000380
     0.589581     0.321113     0.000398
     0.615145     0.321075     0.000418
     0.640762     0.321142     0.000441
     0.666323     0.321103     0.000462
     0.691946     0.321202     0.000477
     0.717491     0.321164     0.000483
     0.743123     0.321288     0.000476
     0.768659     0.321244     0.000463
     0.794313     0.321368     0.000456
     0.819861     0.321338     0.000465
     0.845534     0.321470     0.000506
     0.871095     0.321486     0.000599
     0.896771     0.321656     0.000783
     0.922331     0.321696     0.001064
     0.947997     0.321939     0.001405
     0.973489     0.322093     0.001729
     0.999178     0.322339     0.001978
     0.001394     0.347386     0.004531
     0.026783     0.347451     0.004081
     0.052456     0.347430     0.003461
     0.077965     0.347318     0.002729
     0.103630     0.347209     0.001989
     0.129102     0.347080     0.001379
     0.154787     0.347006     0.001005
     0.180187     0.346920     0.000837
     0.205906     0.346856     0.000779
     0.231302     0.346792     0.000771
     0.257079     0.346744     0.000777
     0.282485     0.346697     0.000779
     0.308259     0.346692     0.000770
     0.333648     0.346639     0.000753
     0.359413     0.346647     0.000731
     0.384768     0.346602     0.000704
     0.410588     0.346602     0.000681
     0.435927     0.346593     0.000659
     0.461745     0.346579     0.000645
     0.487086     0.346571     0.000637
     0.512914     0.346571     0.000637
     0.538255     0.346579     0.000645
     0.564073     0.346593     0.000659
     0.589411     0.346602     0.000681
     0.615231     0.346602     0.000704
     0.640587     0.346647     0.000731
     0.666351     0.346639     0.000754
     0.691742     0.346692     0.000772
     0.717515     0.346696     0.000780
     0.742922     0.346744     0.000779
     0.768698     0.346792     0.000773
     0.794094     0.346856     0.000780
     0.819812     0.346920     0.000838
     0.845213     0.347006     0.001005
     0.870898     0.347079     0.001379
     0.896370     0.347209     0.001989
     0.922034     0.347318     0.002728
     0.947544     0.347431     0.003459
     0.973217     0.347453     0.004080
     0.998606     0.347389     0.004529
     0.000935     0.373589     0.009101
     0.026667     0.373238     0.008367
     0.052202     0.372950     0.007397
     0.077925     0.372692     0.006228
     0.103468     0.372704     0.004931
     0.129172     0.372453     0.003644
     0.154721     0.372553     0.002590
     0.180382     0.372345     0.001928
     0.205933     0.372445     0.001571
     0.231544     0.372223     0.001388
     0.257067     0.372309     0.001300
     0.282623     0.372138     0.001254
     0.308191     0.372216     0.001225
     0.333761     0.372079     0.001198
     0.359339     0.372199     0.001171
     0.384925     0.372026     0.001143
     0.410468     0.372144     0.001116
     0.436030     0.372011     0.001094
     0.461667     0.372097     0.001080
     0.487173     0.372043     0.001072
     0.512827     0.372043     0.001072
     0.538333     0.372097     0.001080
     0.563969     0.372011     0.001094
     0.589532     0.372144     0.001117
     0.615075     0.372026     0.001143
     0.640661     0.372199     0.001172
     0.666240     0.372079     0.001199
     0.691808     0.372215     0.001227
     0.717377     0.372138     0.001255
     0.742932     0.372308     0.001301
     0.768456     0.372224     0.001390
     0.794067     0.372445     0.001572
     0.819617     0.372346     0.001928
     0.845278     0.372553     0.002589
     0.870827     0.372454     0.003642
     0.896531     0.372704     0.004928
     0.922075     0.372693     0.006224
     0.947797     0.372950     0.007393
     0.973332     0.373237     0.008362
     0.999064     0.373588     0.009096
     0.001788     0.398404     0.015386
     0.027176     0.398459     0.014323
     0.052932     0.398473     0.013030
     0.078252     0.398303     0.011507
     0.104039     0.398240     0.009764
     0.129348     0.398035     0.007870
     0.155061     0.398072     0.006010
     0.180333     0.397896     0.004508
     0.206159     0.397891     0.003487
     0.231479     0.397793     0.002810
     0.257338     0.397836     0.002374
     0.282630     0.397707     0.002107
     0.308473     0.397750     0.001951
     0.333676     0.397644     0.001863
     0.359578     0.397669     0.001809
     0.384810     0.397605     0.001773
     0.410690     0.397677     0.001744
     0.435987     0.397546     0.001724
     0.461716     0.397606     0.001709
     0.487167     0.397555     0.001703
     0.512832     0.397555     0.001703
     0.538283     0.397606     0.001710
     0.564013     0.397546     0.001725
     0.589311     0.397677     0.001745
     0.615189     0.397606     0.001773
     0.640423     0.397670     0.001810
     0.666323     0.397644     0.001864
     0.691527     0.397750     0.001953
     0.717370     0.397706     0.002109
     0.742662     0.397837     0.002375
     0.768521     0.397792     0.002810
     0.793840     0.397891     0.003485
     0.819668     0.397896     0.004505
     0.844939     0.398072     0.006006
     0.870652     0.398034     0.007865
     0.895961     0.398240     0.009759
     0.921747     0.398303     0.011501
     0.947068     0.398474     0.013024
     0.972824     0.398461     0.014316
     0.998211     0.398406     0.015379
     0.001130     0.424805     0.022664
     0.026892     0.424225     0.021306
     0.052468     0.424004     0.019786
     0.078225     0.423645     0.018052
     0.103826     0.423747     0.016057
     0.129507     0.423514     0.013791
     0.155084     0.423761     0.011342
     0.180710     0.423350     0.008995
     0.206260     0.423553     0.007106
     0.231663     0.423195     0.005667
     0.257339     0.423391     0.004593
     0.282736     0.423129     0.003827
     0.308438     0.423357     0.003301
     0.333880     0.423124     0.002967
     0.359474     0.423225     0.002767
     0.384986     0.423106     0.002658
     0.410512     0.423079     0.002602
     0.436185     0.423168     0.002576
     0.461620     0.423034     0.002563
     0.487312     0.423101     0.002557
     0.512687     0.423100     0.002557
     0.538380     0.423034     0.002563
     0.563815     0.423167     0.002577
     0.589487     0.423080     0.002603
     0.615014     0.423106     0.002659
     0.640527     0.423225     0.002768
     0.666120     0.423124     0.002968
     0.691562     0.423356     0.003303
     0.717263     0.423129     0.003827
     0.742660     0.423390     0.004593
     0.768336     0.423197     0.005665
     0.793739     0.423553     0.007102
     0.819289     0.423351     0.008990
     0.844915     0.423761     0.011336
     0.870492     0.423515     0.013783
     0.896173     0.423748     0.016048
     0.921774     0.423646     0.018043
     0.947531     0.424004     0.019777
     0.973106     0.424224     0.021297
     0.998869     0.424804     0.022656
     0.002544     0.449452     0.030030
     0.027737     0.449349     0.028483
     0.053637     0.449582     0.026868
     0.078482     0.449203     0.025097
     0.104473     0.449289     0.023070
     0.129301     0.449001     0.020706
     0.155465     0.449136     0.017996
     0.180478     0.448827     0.015107
     0.206620     0.449132     0.012451
     0.231712     0.448837     0.010208
     0.257624     0.448941     0.008374
     0.282800     0.448814     0.006919
     0.308549     0.448752     0.005802
     0.333976     0.448815     0.004978
     0.359614     0.448665     0.004403
     0.385102     0.448803     0.004032
     0.410635     0.448600     0.003817
     0.436119     0.448649     0.003708
     0.461784     0.448618     0.003665
     0.487104     0.448647     0.003653
     0.512896     0.448646     0.003653
     0.538214     0.448617     0.003665
     0.563882     0.448650     0.003709
     0.589364     0.448599     0.003818
     0.614899     0.448803     0.004033
     0.640386     0.448665     0.004404
     0.666024     0.448816     0.004978
     0.691451     0.448753     0.005801
     0.717199     0.448814     0.006917
     0.742375     0.448941     0.008371
     0.768287     0.448837     0.010204
     0.793379     0.449132     0.012446
     0.819522     0.448827     0.015100
     0.844535     0.449136     0.017986
     0.870698     0.449000     0.020695
     0.895526     0.449289     0.023060
     0.921517     0.449203     0.025087
     0.946363     0.449583     0.026859
     0.972263     0.449352     0.028474
     0.997456     0.449454     0.030023
     0.002097     0.476645     0.036505
     0.026648     0.474938     0.034946
     0.053310     0.475355     0.033424
     0.078555     0.474672     0.031814
     0.104644     0.475103     0.029973
     0.129796     0.474684     0.027775
     0.155504     0.474752     0.025129
     0.180952     0.474465     0.022093
     0.206318     0.474482     0.019013
     0.232156     0.474413     0.016169
     0.257368     0.474408     0.013662
     0.283258     0.474429     0.011526
     0.308416     0.474309     0.009754
     0.334197     0.474287     0.008314
     0.359477     0.474255     0.007181
     0.385183     0.474224     0.006330
     0.410723     0.474223     0.005731
     0.436193     0.474159     0.005346
     0.461704     0.474231     0.005130
     0.487270     0.474146     0.005037
     0.512731     0.474147     0.005037
     0.538294     0.474231     0.005131
     0.563807     0.474158     0.005347
     0.589277     0.474223     0.005731
     0.614816     0.474223     0.006330
     0.640523     0.474256     0.007180
     0.665803     0.474288     0.008312
     0.691584     0.474308     0.009751
     0.716741     0.474430     0.011523
     0.742631     0.474407     0.013658
     0.767843     0.474415     0.016164
     0.793682     0.474482     0.019006
     0.819046     0.474467     0.022084
     0.844496     0.474752     0.025119
     0.870202     0.474686     0.027764
     0.895354     0.475104     0.029963
     0.921444     0.474672     0.031804
     0.946688     0.475355     0.033415
     0.973349     0.474937     0.034939
     0.997903     0.476643     0.036498
     0.009239     0.503538     0.041229
     0.030535     0.501102     0.039890
     0.053731     0.500393     0.038653
     0.078951     0.500281     0.037385
     0.104315     0.500205     0.035933
     0.130081     0.500392     0.034137
     0.155573     0.499973     0.031846
     0.181204     0.500296     0.029030
     0.206637     0.499997     0.025954
     0.232136     0.500068     0.022895
     0.257675     0.499993     0.020001
     0.283120     0.499950     0.017375
     0.308817     0.499973     0.015057
     0.334151     0.499885     0.013045
     0.359860     0.499903     0.011329
     0.385169     0.499702     0.009903
     0.410807     0.499816     0.008757
     0.436176     0.499799     0.007886
     0.461820     0.499717     0.007290
     0.487202     0.499787     0.006984
     0.512798     0.499788     0.006984
     0.538182     0.499718     0.007289
     0.563823     0.499799     0.007885
     0.589192     0.499816     0.008756
     0.614832     0.499702     0.009901
     0.640138     0.499902     0.011327
     0.665851     0.499885     0.013042
     0.691182     0.499976     0.015053
     0.716880     0.499950     0.017370
     0.742323     0.499994     0.019996
     0.767863     0.500067     0.022889
     0.793363     0.499997     0.025946
     0.818796     0.500296     0.029021
     0.844427     0.499973     0.031837
     0.869917     0.500393     0.034128
     0.895685     0.500204     0.035923
     0.921047     0.500281     0.037376
     0.946268     0.500394     0.038645
     0.969470     0.501103     0.039884
     0.990767     0.503536     0.041223
     0.015911     0.534200     0.043528
     0.039990     0.531826     0.042652
     0.060680     0.529150     0.041894
     0.084068     0.526900     0.041139
     0.106431     0.526933     0.040239
     0.131312     0.525992     0.039028
     0.156063     0.526042     0.037336
     0.181634     0.525720     0.035077
     0.207079     0.525793     0.032418
     0.232611     0.525643     0.029564
     0.257995     0.525747     0.026678
     0.283512     0.525550     0.023890
     0.308875     0.525610     0.021278
     0.334489     0.525476     0.018875
     0.359876     0.525502     0.016699
     0.385523     0.525493     0.014760
     0.410818     0.525482     0.013067
     0.436465     0.525419     0.011665
     0.461764     0.525476     0.010639
     0.487284     0.525425     0.010092
     0.512716     0.525422     0.010091
     0.538237     0.525477     0.010638
     0.563534     0.525420     0.011662
     0.589184     0.525480     0.013064
     0.614474     0.525494     0.014757
     0.640125     0.525502     0.016695
     0.665508     0.525477     0.018870
     0.691125     0.525610     0.021273
     0.716489     0.525552     0.023884
     0.742003     0.525746     0.026671
     0.767390     0.525643     0.029557
     0.792917     0.525793     0.032410
     0.818367     0.525720     0.035070
     0.843934     0.526043     0.037330
     0.868692     0.525991     0.039022
     0.893574     0.526933     0.040232
     0.915940     0.526902     0.041131
     0.939329     0.529144     0.041887
     0.960019     0.531820     0.042646
     0.984096     0.534200     0.043524
     0.013865     0.557213     0.043029
     0.039982     0.558202     0.042836
     0.064473     0.557376     0.042722
     0.087731     0.555879     0.042602
     0.111227     0.555020     0.042364
     0.134724     0.552817     0.041868
     0.158411     0.552388     0.040961
     0.182656     0.551737     0.039541
     0.207558     0.551494     0.037659
     0.232775     0.551434     0.035418
     0.258310     0.551337     0.032952
     0.283764     0.551305     0.030391
     0.309277     0.551263     0.027819
     0.334670     0.551187     0.025302
     0.360149     0.551135     0.022890
     0.385526     0.551050     0.020619
     0.411039     0.551141     0.018557
     0.436382     0.551088     0.016834
     0.461920     0.551153     0.015592
     0.487296     0.551101     0.014942
     0.512705     0.551101     0.014941
     0.538077     0.551155     0.015589
     0.563621     0.551087     0.016830
     0.588958     0.551142     0.018552
     0.614473     0.551050     0.020613
     0.639850     0.551134     0.022884
     0.665329     0.551189     0.025295
     0.690725     0.551263     0.027813
     0.716233     0.551307     0.030385
     0.741692     0.551336     0.032945
     0.767219     0.551435     0.035412
     0.792444     0.551493     0.037654
     0.817346     0.551735     0.039537
     0.841597     0.552386     0.040958
     0.865281     0.552809     0.041865
     0.888783     0.555016     0.042360
     0.912278     0.555878     0.042597
     0.935530     0.557381     0.042716
     0.960013     0.558202     0.042831
     0.986131     0.557212     0.043025
     0.015576     0.585120     0.039708
     0.040781     0.584164     0.040341
     0.066935     0.584029     0.040965
     0.091733     0.582550     0.041548
     0.115844     0.581763     0.042037
     0.139988     0.580632     0.042342
     0.163082     0.580366     0.042358
     0.187002     0.578796     0.041997
     0.210189     0.578319     0.041154
     0.234459     0.577456     0.039850
     0.258858     0.577242     0.038172
     0.284163     0.576943     0.036218
     0.309380     0.576965     0.034056
     0.335037     0.576818     0.031757
     0.360369     0.576901     0.029408
     0.385872     0.576895     0.027121
     0.411109     0.576894     0.025059
     0.436668     0.576826     0.023390
     0.461817     0.576853     0.022236
     0.487424     0.576902     0.021648
     0.512575     0.576905     0.021647
     0.538184     0.576850     0.022232
     0.563331     0.576827     0.023385
     0.588890     0.576896     0.025052
     0.614129     0.576893     0.027113
     0.639628     0.576902     0.029401
     0.664965     0.576815     0.031750
     0.690616     0.576967     0.034049
     0.715839     0.576944     0.036211
     0.741137     0.577244     0.038167
     0.765544     0.577455     0.039846
     0.789816     0.578314     0.041152
     0.812999     0.578790     0.041996
     0.836931     0.580365     0.042358
     0.860013     0.580632     0.042342
     0.884160     0.581756     0.042037
     0.908259     0.582559     0.041546
     0.933063     0.584029     0.040961
     0.959233     0.584162     0.040337
     0.984431     0.585120     0.039705
     0.014610     0.608457     0.033947
     0.040421     0.608979     0.035424
     0.065613     0.608920     0.036787
     0.091358     0.609606     0.038079
     0.116247     0.608819     0.039304
     0.141076     0.607810     0.040449
     0.165849     0.607206     0.041482
     0.190488     0.606316     0.042307
     0.214655     0.606052     0.042664
     0.238597     0.604847     0.042514
     0.262239     0.604154     0.041900
     0.286041     0.603347     0.040862
     0.310473     0.602934     0.039439
     0.335311     0.602615     0.037714
     0.360528     0.602598     0.035827
     0.385970     0.602566     0.033976
     0.411346     0.602588     0.032358
     0.436713     0.602692     0.031092
     0.461983     0.602654     0.030232
     0.487322     0.602639     0.029798
     0.512678     0.602636     0.029797
     0.538017     0.602656     0.030228
     0.563283     0.602693     0.031086
     0.588657     0.602587     0.032350
     0.614028     0.602569     0.033967
     0.639471     0.602597     0.035818
     0.664688     0.602617     0.037705
     0.689525     0.602933     0.039431
     0.713964     0.603348     0.040856
     0.737766     0.604157     0.041897
     0.761410     0.604836     0.042513
     0.785351     0.606057     0.042665
     0.809517     0.606305     0.042309
     0.834143     0.607204     0.041485
     0.858919     0.607810     0.040452
     0.883746     0.608813     0.039306
     0.908657     0.609612     0.038081
     0.934404     0.608912     0.036787
     0.959570     0.608979     0.035422
     0.985380     0.608468     0.033944
     0.015490     0.636035     0.026559
     0.040903     0.635352     0.028720
     0.066781     0.635121     0.030712
     0.092250     0.634270     0.032636
     0.118240     0.634429     0.034564
     0.142999     0.633862     0.036560
     0.167225     0.633643     0.038637
     0.191696     0.632634     0.040632
     0.215971     0.632495     0.042233
     0.241006     0.631770     0.043339
     0.265085     0.631729     0.043941
     0.289860     0.630647     0.044034
     0.313413     0.630000     0.043639
     0.337720     0.629255     0.042872
     0.361529     0.628821     0.041902
     0.386449     0.628521     0.040916
     0.411334     0.628463     0.040050
     0.436867     0.628450     0.039365
     0.462050     0.628547     0.038886
     0.487472     0.628518     0.038640
     0.512528     0.628520     0.038639
     0.537947     0.628548     0.038882
     0.563136     0.628449     0.039359
     0.588664     0.628464     0.040042
     0.613549     0.628522     0.040907
     0.638474     0.628821     0.041892
     0.662277     0.629252     0.042863
     0.686601     0.629995     0.043633
     0.710146     0.630641     0.044031
     0.734926     0.631734     0.043940
     0.758993     0.631772     0.043341
     0.784017     0.632488     0.042237
     0.808305     0.632641     0.040636
     0.832770     0.633644     0.038642
     0.857019     0.633864     0.036565
     0.881758     0.634416     0.034568
     0.907739     0.634255     0.032640
     0.933217     0.635142     0.030715
     0.959087     0.635371     0.028720
     0.984508     0.636035     0.026557
     0.015127     0.659577     0.018749
     0.040859     0.659890     0.021267
     0.066245     0.659931     0.023671
     0.091713     0.660496     0.026080
     0.116797     0.660280     0.028618
     0.142604     0.660871     0.031394
     0.168257     0.660288     0.034406
     0.193532     0.659860     0.037452
     0.218143     0.659142     0.040211
     0.242748     0.658342     0.042549
     0.267432     0.657764     0.044414
     0.292043     0.657202     0.045782
     0.316488     0.657224     0.046683
     0.340636     0.656589     0.047208
     0.364575     0.656218     0.047461
     0.388310     0.655245     0.047542
     0.412282     0.654764     0.047510
     0.436932     0.654382     0.047419
     0.462055     0.654346     0.047321
     0.487438     0.654475     0.047258
     0.512559     0.654475     0.047257
     0.537947     0.654345     0.047318
     0.563065     0.654383     0.047413
     0.587716     0.654767     0.047503
     0.611694     0.655240     0.047533
     0.635428     0.656221     0.047451
     0.659376     0.656581     0.047200
     0.683507     0.657216     0.046678
     0.707957     0.657203     0.045780
     0.732565     0.657769     0.044416
     0.757247     0.658354     0.042553
     0.781874     0.659141     0.040217
     0.806462     0.659855     0.037457
     0.831738     0.660270     0.034412
     0.857396     0.660861     0.031400
     0.883212     0.660304     0.028624
     0.908278     0.660493     0.026085
     0.933740     0.659925     0.023675
     0.959151     0.659889     0.021270
     0.984883     0.659575     0.018748
     0.015584     0.686973     0.012074
     0.040955     0.686431     0.014461
     0.066638     0.686283     0.016932
     0.092350     0.685723     0.019592
     0.118086     0.685809     0.022567
     0.143127     0.685109     0.025924
     0.168381     0.685354     0.029629
     0.193254     0.685305     0.033508
     0.218295     0.685392     0.037257
     0.243622     0.684722     0.040731
     0.268195     0.684697     0.043848
     0.293435     0.683946     0.046556
     0.317922     0.683799     0.048852
     0.343039     0.683428     0.050739
     0.367005     0.683414     0.052209
     0.391357     0.683042     0.053279
     0.414648     0.682307     0.053988
     0.438495     0.681259     0.054411
     0.462259     0.680567     0.054634
     0.487382     0.680349     0.054722
     0.512619     0.680346     0.054722
     0.537736     0.680570     0.054632
     0.561507     0.681261     0.054407
     0.585356     0.682301     0.053982
     0.608646     0.683041     0.053271
     0.633000     0.683406     0.052201
     0.656959     0.683432     0.050732
     0.682076     0.683804     0.048848
     0.706561     0.683933     0.046555
     0.731810     0.684705     0.043851
     0.756400     0.684713     0.040736
     0.781691     0.685389     0.037264
     0.806753     0.685325     0.033515
     0.831636     0.685352     0.029635
     0.856851     0.685101     0.025929
     0.881909     0.685801     0.022572
     0.907653     0.685735     0.019596
     0.933358     0.686284     0.016936
     0.959043     0.686427     0.014464
     0.984415     0.686974     0.012074
     0.015561     0.710835     0.007919
     0.041236     0.711027     0.009738
     0.066585     0.710915     0.011925
     0.091800     0.711463     0.014531
     0.117104     0.711661     0.017622
     0.142959     0.712450     0.021244
     0.168378     0.712084     0.025367
     0.194043     0.712182     0.029837
     0.219493     0.711088     0.034368
     0.244261     0.710966     0.038790
     0.269301     0.710272     0.042991
     0.294056     0.710028     0.046874
     0.318545     0.710166     0.050345
     0.343256     0.710018     0.053316
     0.367958     0.710354     0.055716
     0.392782     0.709882     0.057522
     0.417071     0.709968     0.058777
     0.440793     0.709148     0.059575
     0.464130     0.708088     0.060025
     0.487848     0.706684     0.060221
     0.512149     0.706690     0.060221
     0.535870     0.708085     0.060024
     0.559212     0.709141     0.059573
     0.582929     0.709971     0.058773
     0.607218     0.709875     0.057517
     0.632039     0.710359     0.055710
     0.656742     0.710017     0.053312
     0.681463     0.710162     0.050343
     0.705945     0.710029     0.046874
     0.730694     0.710248     0.042993
     0.755738     0.710995     0.038794
     0.780507     0.711106     0.034373
     0.805961     0.712138     0.029843
     0.831623     0.712097     0.025372
     0.857045     0.712459     0.021248
     0.882885     0.711660     0.017626
     0.908192     0.711467     0.014534
     0.933422     0.710908     0.011928
     0.958765     0.711019     0.009740
     0.984442     0.710831     0.007920
     0.015730     0.737957     0.006257
     0.041191     0.737613     0.007570
     0.066580     0.737780     0.009400
     0.092157     0.737284     0.011796
     0.117562     0.736914     0.014803
     0.142927     0.736269     0.018468
     0.168410     0.736729     0.022774
     0.193900     0.736481     0.027575
     0.219279     0.737355     0.032579
     0.244665     0.737175     0.037586
     0.269683     0.737089     0.042443
     0.294419     0.737060     0.047008
     0.319207     0.736888     0.051137
     0.343821     0.736551     0.054691
     0.368278     0.736519     0.057581
     0.392982     0.736588     0.059777
     0.417372     0.736861     0.061321
     0.442334     0.736631     0.062316
     0.465940     0.736048     0.062885
     0.489192     0.735032     0.063140
     0.510806     0.735026     0.063140
     0.534067     0.736043     0.062884
     0.557664     0.736632     0.062316
     0.582627     0.736857     0.061320
     0.607022     0.736590     0.059775
     0.631716     0.736512     0.057579
     0.656192     0.736547     0.054690
     0.680786     0.736891     0.051137
     0.705588     0.737059     0.047009
     0.730306     0.737100     0.042444
     0.755314     0.737150     0.037588
     0.780774     0.737348     0.032582
     0.806104     0.736511     0.027577
     0.831566     0.736730     0.022776
     0.857073     0.736272     0.018470
     0.882429     0.736913     0.014805
     0.907850     0.737273     0.011797
     0.933426     0.737779     0.009400
     0.958805     0.737615     0.007569
     0.984262     0.737956     0.006256
     0.015738     0.762044     0.006257
     0.041196     0.762385     0.007570
     0.066576     0.762220     0.009401
     0.092150     0.762727     0.011797
     0.117571     0.763086     0.014805
     0.142927     0.763727     0.018470
     0.168432     0.763270     0.022775
     0.193896     0.763489     0.027576
     0.219226     0.762652     0.032580
     0.244685     0.762850     0.037587
     0.269694     0.762899     0.042443
     0.294412     0.762941     0.047007
     0.319214     0.763111     0.051136
     0.343808     0.763452     0.054689
     0.368284     0.763486     0.057578
     0.392978     0.763410     0.059775
     0.417375     0.763143     0.061319
     0.442335     0.763368     0.062316
     0.465935     0.763956     0.062885
     0.489193     0.764972     0.063141
     0.510810     0.764968     0.063141
     0.534058     0.763952     0.062885
     0.557667     0.763368     0.062317
     0.582627     0.763138     0.061322
     0.607020     0.763412     0.059777
     0.631723     0.763482     0.057581
     0.656177     0.763450     0.054692
     0.680793     0.763112     0.051138
     0.705582     0.762940     0.047009
     0.730317     0.762912     0.042444
     0.755335     0.762825     0.037586
     0.780720     0.762645     0.032580
     0.806100     0.763521     0.027575
     0.831591     0.763270     0.022774
     0.857073     0.763731     0.018468
     0.882436     0.763087     0.014803
     0.907843     0.762715     0.011796
     0.933418     0.762219     0.009400
     0.958807     0.762387     0.007569
     0.984269     0.762044     0.006256
     0.015557     0.789169     0.007921
     0.041234     0.788980     0.009741
     0.066577     0.789092     0.011928
     0.091807     0.788533     0.014535
     0.117115     0.788339     0.017626
     0.142956     0.787543     0.021248
     0.168376     0.787903     0.025372
     0.194039     0.787862     0.029842
     0.219493     0.788895     0.034372
     0.244262     0.789004     0.038792
     0.269306     0.789751     0.042991
     0.294053     0.789970     0.046872
     0.318536     0.789838     0.050341
     0.343260     0.789984     0.053310
     0.367961     0.789642     0.055709
     0.392783     0.790123     0.057516
     0.417069     0.790030     0.058773
     0.440790     0.790859     0.059574
     0.464130     0.791913     0.060025
     0.487852     0.793309     0.060222
     0.512149     0.793316     0.060223
     0.535871     0.791911     0.060026
     0.559207     0.790850     0.059576
     0.582930     0.790032     0.058778
     0.607217     0.790116     0.057523
     0.632042     0.789647     0.055716
     0.656744     0.789982     0.053317
     0.681457     0.789833     0.050346
     0.705943     0.789973     0.046874
     0.730698     0.789727     0.042992
     0.755739     0.789035     0.038790
     0.780506     0.788912     0.034368
     0.805956     0.787817     0.029838
     0.831622     0.787916     0.025368
     0.857041     0.787551     0.021244
     0.882897     0.788338     0.017622
     0.908201     0.788537     0.014531
     0.933416     0.789086     0.011925
     0.958764     0.788973     0.009738
     0.984440     0.789165     0.007919
     0.015586     0.813027     0.012075
     0.040958     0.813573     0.014465
     0.066643     0.813716     0.016937
     0.092348     0.814264     0.019597
     0.118090     0.814198     0.022572
     0.143148     0.814898     0.025929
     0.168364     0.814648     0.029634
     0.193247     0.814675     0.033514
     0.218309     0.814610     0.037262
     0.243600     0.815287     0.040734
     0.268189     0.815295     0.043848
     0.293439     0.816068     0.046553
     0.317925     0.816194     0.048846
     0.343040     0.816568     0.050730
     0.367001     0.816592     0.052200
     0.391354     0.816961     0.053271
     0.414646     0.817699     0.053983
     0.438493     0.818738     0.054408
     0.462265     0.819431     0.054633
     0.487381     0.819654     0.054723
     0.512619     0.819650     0.054724
     0.537740     0.819430     0.054636
     0.561505     0.818740     0.054412
     0.585351     0.817692     0.053990
     0.608643     0.816959     0.053280
     0.632993     0.816586     0.052210
     0.656962     0.816572     0.050739
     0.682077     0.816201     0.048852
     0.706565     0.816055     0.046556
     0.731805     0.815303     0.043848
     0.756377     0.815279     0.040731
     0.781705     0.814608     0.037257
     0.806746     0.814695     0.033508
     0.831618     0.814646     0.029629
     0.856873     0.814890     0.025924
     0.881914     0.814190     0.022567
     0.907649     0.814276     0.019592
     0.933361     0.813717     0.016932
     0.959044     0.813569     0.014461
     0.984415     0.813026     0.012074
     0.015117     0.840424     0.018749
     0.040849     0.840110     0.021271
     0.066258     0.840074     0.023676
     0.091721     0.839508     0.026085
     0.116789     0.839698     0.028624
     0.142604     0.839139     0.031399
     0.168262     0.839731     0.034411
     0.193538     0.840145     0.037456
     0.218126     0.840859     0.040215
     0.242752     0.841647     0.042551
     0.267434     0.842230     0.044413
     0.292044     0.842795     0.045777
     0.316491     0.842784     0.046675
     0.340627     0.843419     0.047198
     0.364571     0.843780     0.047450
     0.388306     0.844757     0.047533
     0.412284     0.845233     0.047504
     0.436937     0.845618     0.047415
     0.462052     0.845655     0.047320
     0.487442     0.845525     0.047259
     0.512561     0.845525     0.047260
     0.537947     0.845654     0.047323
     0.563067     0.845618     0.047420
     0.587716     0.845236     0.047511
     0.611688     0.844754     0.047543
     0.635426     0.843782     0.047462
     0.659362     0.843411     0.047209
     0.683512     0.842776     0.046684
     0.707957     0.842798     0.045782
     0.732569     0.842237     0.044414
     0.757252     0.841658     0.042549
     0.781857     0.840857     0.040211
     0.806468     0.840140     0.037451
     0.831743     0.839711     0.034406
     0.857396     0.839129     0.031394
     0.883203     0.839721     0.028618
     0.908286     0.839506     0.026080
     0.933756     0.840069     0.023671
     0.959141     0.840109     0.021268
     0.984874     0.840423     0.018749
     0.015493     0.863966     0.026558
     0.040913     0.864630     0.028721
     0.066784     0.864859     0.030715
     0.092260     0.865743     0.032640
     0.118241     0.865584     0.034568
     0.142981     0.866135     0.036565
     0.167229     0.866355     0.038641
     0.191696     0.867360     0.040635
     0.215982     0.867512     0.042235
     0.241007     0.868228     0.043338
     0.265076     0.868265     0.043938
     0.289854     0.869361     0.044028
     0.313399     0.870002     0.043630
     0.337721     0.870746     0.042862
     0.361528     0.871179     0.041891
     0.386452     0.871479     0.040907
     0.411336     0.871534     0.040043
     0.436864     0.871551     0.039361
     0.462054     0.871451     0.038885
     0.487473     0.871480     0.038641
     0.512528     0.871480     0.038642
     0.537950     0.871452     0.038888
     0.563133     0.871551     0.039367
     0.588667     0.871537     0.040052
     0.613550     0.871479     0.040918
     0.638470     0.871179     0.041903
     0.662280     0.870745     0.042873
     0.686586     0.869999     0.043639
     0.710139     0.869354     0.044034
     0.734914     0.868270     0.043941
     0.758995     0.868231     0.043338
     0.784030     0.867505     0.042233
     0.808304     0.867366     0.040632
     0.832775     0.866357     0.038637
     0.857001     0.866137     0.036560
     0.881759     0.865570     0.034564
     0.907749     0.865728     0.032636
     0.933218     0.864879     0.030712
     0.959096     0.864648     0.028721
     0.984509     0.863965     0.026560
     0.014619     0.891530     0.033944
     0.040429     0.891020     0.035422
     0.065597     0.891088     0.036787
     0.091343     0.890391     0.038080
     0.116254     0.891187     0.039306
     0.141081     0.892191     0.040451
     0.165856     0.892796     0.041484
     0.190484     0.893695     0.042307
     0.214649     0.893943     0.042663
     0.238590     0.895162     0.042510
     0.262232     0.895843     0.041895
     0.286037     0.896650     0.040854
     0.310476     0.897069     0.039430
     0.335314     0.897383     0.037704
     0.360528     0.897401     0.035818
     0.385973     0.897431     0.033968
     0.411343     0.897414     0.032351
     0.436717     0.897306     0.031088
     0.461982     0.897344     0.030230
     0.487325     0.897364     0.029799
     0.512678     0.897362     0.029800
     0.538016     0.897347     0.030234
     0.563286     0.897307     0.031094
     0.588655     0.897412     0.032360
     0.614031     0.897433     0.033977
     0.639471     0.897402     0.035827
     0.664689     0.897384     0.037714
     0.689527     0.897067     0.039439
     0.713958     0.896652     0.040862
     0.737760     0.895845     0.041900
     0.761402     0.895152     0.042513
     0.785345     0.893948     0.042664
     0.809512     0.893685     0.042307
     0.834153     0.892793     0.041482
     0.858925     0.892192     0.040449
     0.883753     0.891182     0.039304
     0.908641     0.890394     0.038079
     0.934387     0.891079     0.036788
     0.959579     0.891020     0.035425
     0.985391     0.891542     0.033947
     0.015570     0.914881     0.039705
     0.040767     0.915838     0.040337
     0.066936     0.915971     0.040961
     0.091741     0.917440     0.041545
     0.115840     0.918242     0.042035
     0.139987     0.919368     0.042341
     0.163069     0.919634     0.042356
     0.187001     0.921210     0.041995
     0.210185     0.921684     0.041150
     0.234456     0.922546     0.039844
     0.258864     0.922754     0.038165
     0.284162     0.923057     0.036210
     0.309384     0.923030     0.034048
     0.335036     0.923186     0.031749
     0.360373     0.923098     0.029401
     0.385871     0.923107     0.027114
     0.411111     0.923103     0.025053
     0.436670     0.923173     0.023386
     0.461817     0.923148     0.022234
     0.487425     0.923094     0.021649
     0.512575     0.923099     0.021650
     0.538184     0.923148     0.022238
     0.563332     0.923174     0.023392
     0.588891     0.923105     0.025061
     0.614128     0.923106     0.027122
     0.639630     0.923099     0.029409
     0.664963     0.923182     0.031757
     0.690620     0.923035     0.034056
     0.715838     0.923058     0.036218
     0.741141     0.922758     0.038172
     0.765542     0.922544     0.039849
     0.789810     0.921679     0.041154
     0.812998     0.921203     0.041997
     0.836917     0.919634     0.042358
     0.860012     0.919368     0.042342
     0.884156     0.918237     0.042037
     0.908267     0.917449     0.041548
     0.933065     0.915970     0.040966
     0.959218     0.915835     0.040342
     0.984423     0.914880     0.039709
     0.013869     0.942787     0.043024
     0.039987     0.941797     0.042830
     0.064471     0.942619     0.042715
     0.087723     0.944123     0.042595
     0.111217     0.944984     0.042359
     0.134719     0.947192     0.041864
     0.158403     0.947614     0.040956
     0.182655     0.948264     0.039536
     0.207556     0.948507     0.037653
     0.232781     0.948564     0.035411
     0.258308     0.948663     0.032944
     0.283766     0.948692     0.030384
     0.309275     0.948738     0.027812
     0.334671     0.948811     0.025296
     0.360150     0.948865     0.022884
     0.385528     0.948950     0.020613
     0.411043     0.948857     0.018553
     0.436380     0.948912     0.016831
     0.461923     0.948845     0.015591
     0.487295     0.948901     0.014942
     0.512703     0.948898     0.014943
     0.538080     0.948847     0.015594
     0.563619     0.948913     0.016835
     0.588961     0.948859     0.018558
     0.614474     0.948950     0.020620
     0.639851     0.948865     0.022891
     0.665330     0.948812     0.025302
     0.690722     0.948737     0.027819
     0.716236     0.948695     0.030391
     0.741690     0.948663     0.032952
     0.767225     0.948565     0.035418
     0.792443     0.948507     0.037659
     0.817343     0.948263     0.039541
     0.841590     0.947612     0.040961
     0.865276     0.947183     0.041868
     0.888773     0.944980     0.042364
     0.912268     0.944122     0.042602
     0.935527     0.942624     0.042723
     0.960017     0.941797     0.042836
     0.986135     0.942786     0.043029
     0.015904     0.965802     0.043523
     0.039980     0.968180     0.042644
     0.060670     0.970855     0.041886
     0.084060     0.973098     0.041130
     0.106426     0.973066     0.040230
     0.131308     0.974008     0.039021
     0.156067     0.973956     0.037328
     0.181634     0.974279     0.035069
     0.207083     0.974206     0.032410
     0.232611     0.974359     0.029557
     0.257997     0.974253     0.026671
     0.283512     0.974448     0.023884
     0.308875     0.974386     0.021273
     0.334493     0.974525     0.018871
     0.359877     0.974498     0.016696
     0.385527     0.974506     0.014757
     0.410816     0.974519     0.013064
     0.436466     0.974581     0.011663
     0.461762     0.974524     0.010638
     0.487284     0.974577     0.010092
     0.512717     0.974577     0.010093
     0.538236     0.974522     0.010640
     0.563536     0.974582     0.011666
     0.589182     0.974518     0.013068
     0.614477     0.974507     0.014761
     0.640124     0.974498     0.016700
     0.665510     0.974525     0.018876
     0.691125     0.974391     0.021278
     0.716488     0.974449     0.023890
     0.742005     0.974253     0.026678
     0.767389     0.974357     0.029564
     0.792920     0.974207     0.032418
     0.818367     0.974279     0.035077
     0.843936     0.973957     0.037336
     0.868688     0.974009     0.039029
     0.893568     0.973067     0.040239
     0.915933     0.973100     0.041139
     0.939320     0.970848     0.041895
     0.960012     0.968174     0.042652
     0.984088     0.965800     0.043529
     0.009234     0.996463     0.041222
     0.030531     0.998898     0.039882
     0.053734     0.999606     0.038643
     0.078954     0.999719     0.037374
     0.104316     0.999796     0.035922
     0.130083     0.999607     0.034127
     0.155574     1.000027     0.031837
     0.181205     0.999705     0.029021
     0.206637     1.000002     0.025946
     0.232137     0.999932     0.022889
     0.257678     1.000006     0.019997
     0.283121     1.000049     0.017371
     0.308818     1.000026     0.015054
     0.334150     1.000112     0.013043
     0.359862     1.000096     0.011328
     0.385169     1.000299     0.009901
     0.410808     1.000184     0.008757
     0.436175     1.000201     0.007886
     0.461819     1.000284     0.007290
     0.487201     1.000212     0.006985
     0.512799     1.000213     0.006985
     0.538181     1.000283     0.007290
     0.563823     1.000200     0.007886
     0.589193     1.000184     0.008758
     0.614831     1.000298     0.009903
     0.640140     1.000097     0.011330
     0.665850     1.000115     0.013045
     0.691183     1.000027     0.015057
     0.716880     1.000049     0.017375
     0.742324     1.000006     0.020002
     0.767864     0.999932     0.022895
     0.793363     1.000002     0.025954
     0.818797     0.999704     0.029030
     0.844426     1.000028     0.031847
     0.869918     0.999607     0.034138
     0.895684     0.999796     0.035933
     0.921048     0.999719     0.037385
     0.946268     0.999608     0.038653
     0.969464     0.998898     0.039891
     0.990761     0.996462     0.041230
     0.002097     1.023357     0.036497
     0.026650     1.025062     0.034937
     0.053312     1.024645     0.033414
     0.078556     1.025328     0.031803
     0.104646     1.024896     0.029962
     0.129797     1.025314     0.027764
     0.155504     1.025247     0.025119
     0.180953     1.025533     0.022084
     0.206320     1.025517     0.019007
     0.232157     1.025587     0.016165
     0.257371     1.025592     0.013659
     0.283258     1.025571     0.011524
     0.308417     1.025687     0.009753
     0.334199     1.025713     0.008313
     0.359476     1.025745     0.007182
     0.385183     1.025776     0.006331
     0.410722     1.025779     0.005732
     0.436193     1.025842     0.005347
     0.461704     1.025769     0.005131
     0.487271     1.025853     0.005037
     0.512730     1.025853     0.005037
     0.538295     1.025770     0.005130
     0.563808     1.025841     0.005346
     0.589276     1.025777     0.005731
     0.614818     1.025777     0.006330
     0.640522     1.025745     0.007181
     0.665803     1.025714     0.008314
     0.691584     1.025691     0.009754
     0.716743     1.025572     0.011526
     0.742632     1.025592     0.013662
     0.767844     1.025586     0.016170
     0.793682     1.025518     0.019013
     0.819047     1.025533     0.022093
     0.844497     1.025249     0.025130
     0.870204     1.025316     0.027775
     0.895356     1.024897     0.029974
     0.921445     1.025328     0.031814
     0.946690     1.024644     0.033424
     0.973352     1.025062     0.034947
     0.997903     1.023355     0.036506
     0.002545     1.050546     0.030021
     0.027739     1.050649     0.028473
     0.053638     1.050417     0.026858
     0.078485     1.050796     0.025087
     0.104475     1.050711     0.023059
     0.129303     1.051000     0.020695
     0.155465     1.050864     0.017987
     0.180480     1.051173     0.015101
     0.206620     1.050867     0.012447
     0.231714     1.051162     0.010206
     0.257625     1.051057     0.008373
     0.282804     1.051187     0.006919
     0.308550     1.051247     0.005803
     0.333970     1.051184     0.004979
     0.359616     1.051335     0.004405
     0.385099     1.051197     0.004034
     0.410637     1.051400     0.003818
     0.436118     1.051351     0.003709
     0.461786     1.051382     0.003665
     0.487104     1.051354     0.003653
     0.512896     1.051355     0.003652
     0.538215     1.051381     0.003664
     0.563882     1.051351     0.003707
     0.589364     1.051400     0.003816
     0.614898     1.051196     0.004032
     0.640386     1.051335     0.004403
     0.666024     1.051184     0.004978
     0.691451     1.051248     0.005802
     0.717199     1.051186     0.006919
     0.742377     1.051059     0.008374
     0.768287     1.051163     0.010209
     0.793381     1.050867     0.012451
     0.819522     1.051173     0.015108
     0.844533     1.050864     0.017996
     0.870699     1.050999     0.020706
     0.895526     1.050711     0.023070
     0.921518     1.050796     0.025098
     0.946362     1.050419     0.026869
     0.972262     1.050651     0.028483
     0.997456     1.050548     0.030031
     0.001131     1.075195     0.022655
     0.026894     1.075775     0.021297
     0.052469     1.075995     0.019777
     0.078226     1.076354     0.018043
     0.103827     1.076252     0.016048
     0.129508     1.076485     0.013783
     0.155085     1.076238     0.011337
     0.180711     1.076649     0.008991
     0.206262     1.076446     0.007104
     0.231665     1.076804     0.005667
     0.257340     1.076609     0.004595
     0.282736     1.076870     0.003829
     0.308437     1.076648     0.003304
     0.333881     1.076875     0.002969
     0.359472     1.076774     0.002769
     0.384987     1.076894     0.002660
     0.410512     1.076920     0.002604
     0.436185     1.076833     0.002577
     0.461620     1.076966     0.002563
     0.487311     1.076900     0.002557
     0.512689     1.076899     0.002557
     0.538381     1.076966     0.002562
     0.563815     1.076832     0.002575
     0.589488     1.076921     0.002602
     0.615013     1.076894     0.002658
     0.640526     1.076775     0.002767
     0.666120     1.076876     0.002967
     0.691562     1.076643     0.003302
     0.717264     1.076871     0.003827
     0.742660     1.076609     0.004594
     0.768338     1.076804     0.005667
     0.793740     1.076447     0.007106
     0.819291     1.076651     0.008996
     0.844917     1.076239     0.011343
     0.870493     1.076485     0.013791
     0.896174     1.076253     0.016057
     0.921775     1.076355     0.018052
     0.947533     1.075996     0.019786
     0.973108     1.075775     0.021306
     0.998871     1.075194     0.022665
     0.001789     1.101594     0.015378
     0.027177     1.101539     0.014316
     0.052933     1.101526     0.013024
     0.078254     1.101697     0.011501
     0.104040     1.101760     0.009759
     0.129350     1.101966     0.007866
     0.155062     1.101928     0.006007
     0.180333     1.102104     0.004507
     0.206160     1.102107     0.003487
     0.231478     1.102207     0.002812
     0.257339     1.102164     0.002377
     0.282628     1.102295     0.002110
     0.308474     1.102249     0.001954
     0.333677     1.102356     0.001865
     0.359577     1.102331     0.001811
     0.384810     1.102394     0.001774
     0.410690     1.102323     0.001745
     0.435987     1.102454     0.001725
     0.461717     1.102395     0.001709
     0.487168     1.102445     0.001702
     0.512833     1.102444     0.001702
     0.538283     1.102395     0.001709
     0.564013     1.102454     0.001724
     0.589309     1.102323     0.001744
     0.615190     1.102395     0.001772
     0.640422     1.102330     0.001809
     0.666324     1.102356     0.001863
     0.691527     1.102250     0.001951
     0.717370     1.102293     0.002107
     0.742663     1.102163     0.002374
     0.768521     1.102207     0.002810
     0.793841     1.102109     0.003487
     0.819667     1.102104     0.004509
     0.844940     1.101928     0.006010
     0.870652     1.101965     0.007870
     0.895961     1.101760     0.009765
     0.921747     1.101697     0.011508
     0.947068     1.101527     0.013031
     0.972824     1.101541     0.014323
     0.998211     1.101596     0.015386
     0.000936     1.126411     0.009097
     0.026668     1.126762     0.008363
     0.052203     1.127050     0.007393
     0.077925     1.127307     0.006225
     0.103469     1.127295     0.004929
     0.129173     1.127546     0.003643
     0.154722     1.127446     0.002590
     0.180384     1.127653     0.001929
     0.205933     1.127556     0.001573
     0.231543     1.127776     0.001391
     0.257066     1.127692     0.001303
     0.282623     1.127861     0.001257
     0.308192     1.127786     0.001228
     0.333761     1.127922     0.001200
     0.359339     1.127800     0.001173
     0.384925     1.127974     0.001143
     0.410468     1.127856     0.001117
     0.436031     1.127989     0.001094
     0.461667     1.127903     0.001079
     0.487173     1.127957     0.001071
     0.512827     1.127957     0.001071
     0.538333     1.127903     0.001079
     0.563970     1.127989     0.001094
     0.589532     1.127857     0.001116
     0.615075     1.127974     0.001142
     0.640662     1.127801     0.001171
     0.666239     1.127921     0.001198
     0.691809     1.127784     0.001225
     0.717377     1.127861     0.001254
     0.742933     1.127691     0.001300
     0.768456     1.127777     0.001389
     0.794068     1.127555     0.001572
     0.819618     1.127655     0.001929
     0.845279     1.127447     0.002591
     0.870828     1.127548     0.003645
     0.896532     1.127296     0.004931
     0.922076     1.127308     0.006228
     0.947798     1.127050     0.007397
     0.973333     1.126762     0.008367
     0.999066     1.126411     0.009102
     0.001395     1.152611     0.004530
     0.026784     1.152547     0.004080
     0.052457     1.152569     0.003460
     0.077967     1.152682     0.002730
     0.103631     1.152791     0.001990
     0.129103     1.152921     0.001380
     0.154788     1.152994     0.001007
     0.180187     1.153080     0.000839
     0.205906     1.153144     0.000782
     0.231301     1.153209     0.000774
     0.257079     1.153256     0.000780
     0.282485     1.153304     0.000782
     0.308258     1.153308     0.000772
     0.333649     1.153362     0.000754
     0.359413     1.153353     0.000732
     0.384768     1.153398     0.000704
     0.410589     1.153398     0.000681
     0.435927     1.153407     0.000658
     0.461745     1.153421     0.000644
     0.487086     1.153429     0.000637
     0.512914     1.153429     0.000637
     0.538255     1.153421     0.000645
     0.564072     1.153407     0.000659
     0.589411     1.153398     0.000681
     0.615232     1.153398     0.000704
     0.640587     1.153353     0.000731
     0.666352     1.153361     0.000753
     0.691741     1.153308     0.000770
     0.717515     1.153303     0.000779
     0.742921     1.153256     0.000777
     0.768698     1.153208     0.000772
     0.794094     1.153144     0.000780
     0.819813     1.153080     0.000837
     0.845213     1.152994     0.001005
     0.870897     1.152920     0.001379
     0.896370     1.152791     0.001990
     0.922034     1.152682     0.002730
     0.947544     1.152571     0.003461
     0.973217     1.152549     0.004082
     0.998605     1.152613     0.004532
     0.000822     1.177660     0.001979
     0.026511     1.177907     0.001730
     0.052003     1.178061     0.001406
     0.077668     1.178304     0.001065
     0.103229     1.178344     0.000785
     0.128905     1.178514     0.000600
     0.154465     1.178531     0.000508
     0.180139     1.178662     0.000466
     0.205687     1.178632     0.000457
     0.231341     1.178756     0.000465
     0.256876     1.178712     0.000477
     0.282509     1.178836     0.000483
     0.308054     1.178798     0.000477
     0.333677     1.178897     0.000462
     0.359238     1.178858     0.000441
     0.384856     1.178925     0.000418
     0.410419     1.178887     0.000397
     0.436027     1.178946     0.000380
     0.461607     1.178912     0.000367
     0.487207     1.178931     0.000360
     0.512793     1.178931     0.000360
     0.538393     1.178913     0.000367
     0.563974     1.178946     0.000380
     0.589582     1.178887     0.000398
     0.615145     1.178925     0.000418
     0.640763     1.178857     0.000441
     0.666323     1.178897     0.000461
     0.691947     1.178798     0.000476
     0.717491     1.178836     0.000482
     0.743124     1.178712     0.000475
     0.768660     1.178757     0.000463
     0.794313     1.178632     0.000455
     0.819861     1.178662     0.000464
     0.845535     1.178530     0.000505
     0.871096     1.178515     0.000598
     0.896771     1.178344     0.000783
     0.922332     1.178305     0.001063
     0.947997     1.178061     0.001405
     0.973490     1.177907     0.001729
     0.999180     1.177660     0.001979
     0.001111     1.203655     0.001071
     0.026548     1.203645     0.000918
     0.052167     1.203675     0.000762
     0.077685     1.203696     0.000621
     0.103360     1.203822     0.000510
     0.128852     1.203907     0.000423
     0.154546     1.203997     0.000354
     0.180017     1.204067     0.000306
     0.205725     1.204145     0.000285
     0.231185     1.204192     0.000284
     0.256917     1.204252     0.000290
     0.282372     1.204278     0.000292
     0.308117     1.204308     0.000286
     0.333561     1.204330     0.000273
     0.359312     1.204350     0.000256
     0.384742     1.204366     0.000240
     0.410504     1.204385     0.000224
     0.435928     1.204380     0.000211
     0.461695     1.204400     0.000200
     0.487116     1.204400     0.000194
     0.512884     1.204400     0.000194
     0.538305     1.204400     0.000200
     0.564072     1.204380     0.000211
     0.589496     1.204385     0.000224
     0.615259     1.204366     0.000240
     0.640688     1.204350     0.000256
     0.666440     1.204330     0.000272
     0.691883     1.204308     0.000285
     0.717628     1.204278     0.000291
     0.743083     1.204252     0.000289
     0.768815     1.204192     0.000282
     0.794275     1.204145     0.000283
     0.819983     1.204067     0.000304
     0.845454     1.203997     0.000352
     0.871148     1.203907     0.000421
     0.896640     1.203822     0.000507
     0.922316     1.203696     0.000618
     0.947834     1.203676     0.000760
     0.973453     1.203646     0.000916
     0.998890     1.203657     0.001069
     0.000689     1.228870     0.000877
     0.026350     1.229054     0.000753
     0.051898     1.229160     0.000640
     0.077502     1.229332     0.000535
     0.103056     1.229385     0.000438
     0.128726     1.229508     0.000348
     0.154286     1.229541     0.000268
     0.179959     1.229643     0.000209
     0.205519     1.229640     0.000177
     0.231184     1.229730     0.000166
     0.256737     1.229713     0.000162
     0.282393     1.229801     0.000160
     0.307946     1.229788     0.000154
     0.333596     1.229858     0.000147
     0.359156     1.229841     0.000137
     0.384802     1.229888     0.000126
     0.410365     1.229867     0.000115
     0.436009     1.229906     0.000105
     0.461572     1.229887     0.000098
     0.487218     1.229899     0.000094
     0.512782     1.229899     0.000094
     0.538428     1.229887     0.000098
     0.563991     1.229906     0.000105
     0.589635     1.229867     0.000115
     0.615198     1.229888     0.000126
     0.640845     1.229841     0.000137
     0.666404     1.229858     0.000147
     0.692054     1.229788     0.000154
     0.717607     1.229801     0.000159
     0.743263     1.229713     0.000162
     0.768816     1.229731     0.000165
     0.794481     1.229640     0.000176
     0.820041     1.229643     0.000207
     0.845714     1.229541     0.000267
     0.871274     1.229509     0.000346
     0.896944     1.229386     0.000436
     0.922498     1.229332     0.000533
     0.948102     1.229160     0.000638
     0.973651     1.229055     0.000751
     0.999313     1.228870     0.000875
     0.000873     1.254700     0.000837
     0.026357     1.254712     0.000717
     0.051960     1.254770     0.000605
     0.077503     1.254776     0.000499
     0.103165     1.254844     0.000397
     0.128684     1.254918     0.000301
     0.154366     1.254997     0.000216
     0.179877     1.255054     0.000148
     0.205570     1.255131     0.000107
     0.231074     1.255168     0.000086
     0.256781     1.255230     0.000078
     0.282280     1.255246     0.000074
     0.307999     1.255284     0.000072
     0.333493     1.255292     0.000068
     0.359218     1.255320     0.000063
     0.384706     1.255326     0.000057
     0.410436     1.255349     0.000050
     0.435918     1.255343     0.000044
     0.461654     1.255360     0.000040
     0.487132     1.255359     0.000038
     0.512869     1.255359     0.000038
     0.538346     1.255360     0.000040
     0.564082     1.255343     0.000044
     0.589564     1.255349     0.000050
     0.615295     1.255326     0.000057
     0.640782     1.255320     0.000064
     0.666508     1.255292     0.000069
     0.692001     1.255284     0.000072
     0.717720     1.255245     0.000074
     0.743219     1.255230     0.000077
     0.768926     1.255168     0.000086
     0.794430     1.255131     0.000106
     0.820123     1.255054     0.000147
     0.845634     1.254997     0.000214
     0.871316     1.254917     0.000299
     0.896835     1.254844     0.000395
     0.922498     1.254777     0.000497
     0.948040     1.254770     0.000603
     0.973643     1.254713     0.000715
     0.999127     1.254701     0.000834
     0.000560     1.280032     0.000804
     0.026201     1.280170     0.000691
     0.051784     1.280244     0.000579
     0.077402     1.280367     0.000471
     0.102945     1.280431     0.000367
     0.128596     1.280511     0.000268
     0.154162     1.280550     0.000179
     0.179822     1.280625     0.000109
     0.205393     1.280636     0.000065
     0.231057     1.280702     0.000041
     0.256627     1.280700     0.000032
     0.282291     1.280762     0.000028
     0.307859     1.280761     0.000027
     0.333521     1.280811     0.000025
     0.359090     1.280805     0.000023
     0.384751     1.280839     0.000020
     0.410321     1.280829     0.000018
     0.435984     1.280855     0.000015
     0.461551     1.280844     0.000013
     0.487216     1.280852     0.000011
     0.512784     1.280852     0.000011
     0.538449     1.280844     0.000013
     0.564016     1.280855     0.000015
     0.589679     1.280828     0.000018
     0.615249     1.280839     0.000020
     0.640911     1.280805     0.000023
     0.666479     1.280811     0.000025
     0.692141     1.280761     0.000027
     0.717709     1.280763     0.000028
     0.743373     1.280700     0.000032
     0.768944     1.280702     0.000041
     0.794607     1.280635     0.000064
     0.820178     1.280626     0.000108
     0.845838     1.280550     0.000178
     0.871403     1.280512     0.000267
     0.897055     1.280431     0.000365
     0.922598     1.280367     0.000469
     0.948217     1.280245     0.000577
     0.973799     1.280170     0.000689
     0.999441     1.280032     0.000801
     0.000684     1.305744     0.000772
     0.026206     1.305759     0.000666
     0.051804     1.305811     0.000557
     0.077354     1.305842     0.000449
     0.103020     1.305883     0.000343
     0.128562     1.305939     0.000245
     0.154226     1.306004     0.000157
     0.179767     1.306048     0.000089
     0.205443     1.306114     0.000045
     0.230981     1.306142     0.000022
     0.256668     1.306197     0.000011
     0.282203     1.306207     0.000007
     0.307902     1.306244     0.000006
     0.333435     1.306247     0.000006
     0.359141     1.306274     0.000006
     0.384671     1.306276     0.000005
     0.410380     1.306296     0.000005
     0.435907     1.306292     0.000004
     0.461620     1.306306     0.000003
     0.487143     1.306305     0.000002
     0.512857     1.306305     0.000002
     0.538380     1.306306     0.000003
     0.564093     1.306292     0.000004
     0.589620     1.306296     0.000005
     0.615329     1.306276     0.000005
     0.640859     1.306274     0.000006
     0.666565     1.306247     0.000006
     0.692098     1.306244     0.000006
     0.717797     1.306207     0.000007
     0.743332     1.306197     0.000011
     0.769019     1.306142     0.000021
     0.794557     1.306114     0.000045
     0.820233     1.306048     0.000088
     0.845774     1.306004     0.000157
     0.871438     1.305939     0.000244
     0.896980     1.305883     0.000342
     0.922646     1.305842     0.000447
     0.948196     1.305811     0.000555
     0.973795     1.305760     0.000664
     0.999317     1.305745     0.000770
     0.000457     1.331153     0.000743
     0.026089     1.331255     0.000642
     0.051676     1.331320     0.000537
     0.077307     1.331389     0.000431
     0.102858     1.331460     0.000327
     0.128491     1.331524     0.000230
     0.154066     1.331560     0.000145
     0.179712     1.331613     0.000079
     0.205297     1.331626     0.000037
     0.230954     1.331672     0.000014
     0.256542     1.331675     0.000004
     0.282205     1.331719     0.000001
     0.307791     1.331722     0.000001
     0.333455     1.331757     0.000001
     0.359039     1.331756     0.000001
     0.384706     1.331780     0.000001
     0.410289     1.331775     0.000001
     0.435957     1.331792     0.000000
     0.461538     1.331787     0.000000
     0.487210     1.331792     0.000000
     0.512790     1.331792     0.000000
     0.538462     1.331787     0.000000
     0.564043     1.331792     0.000000
     0.589711     1.331775     0.000001
     0.615295     1.331780     0.000001
     0.640961     1.331755     0.000001
     0.666545     1.331757     0.000001
     0.692210     1.331721     0.000001
     0.717795     1.331719     0.000001
     0.743458     1.331675     0.000004
     0.769046     1.331672     0.000014
     0.794703     1.331626     0.000037
     0.820288     1.331613     0.000079
     0.845934     1.331560     0.000145
     0.871509     1.331525     0.000229
     0.897142     1.331460     0.000326
     0.922693     1.331389     0.000430
     0.948325     1.331321     0.000536
     0.973911     1.331255     0.000640
     0.999543     1.331153     0.000741
     0.000536     1.356778     0.000719
     0.026081     1.356800     0.000621
     0.051690     1.356837     0.000520
     0.077244     1.356886     0.000418
     0.102887     1.356926     0.000318
     0.128452     1.356967     0.000223
     0.154103     1.357017     0.000140
     0.179672     1.357046     0.000076
     0.205334     1.357096     0.000035
     0.230903     1.357115     0.000013
     0.256573     1.357157     0.000004
     0.282142     1.357164     0.000000
     0.307822     1.357193     0.000000
     0.333390     1.357195     0.000000
     0.359077     1.357216     0.000000
     0.384643     1.357217     0.000000
     0.410334     1.357233     0.000000
     0.435897     1.357230     0.000000
     0.461592     1.357240     0.000000
     0.487152     1.357239     0.000000
     0.512848     1.357239     0.000000
     0.538408     1.357240     0.000000
     0.564103     1.357230     0.000000
     0.589666     1.357233     0.000000
     0.615357     1.357217     0.000000
     0.640923     1.357216     0.000000
     0.666610     1.357195     0.000000
     0.692178     1.357193     0.000000
     0.717859     1.357164     0.000000
     0.743427     1.357156     0.000004
     0.769097     1.357115     0.000013
     0.794666     1.357096     0.000035
     0.820328     1.357046     0.000076
     0.845897     1.357017     0.000139
     0.871548     1.356967     0.000222
     0.897113     1.356927     0.000317
     0.922755     1.356885     0.000417
     0.948310     1.356836     0.000519
     0.973920     1.356800     0.000619
     0.999464     1.356779     0.000717
     0.000373     1.382247     0.000703
     0.026003     1.382316     0.000605
     0.051584     1.382380     0.000507
     0.077208     1.382428     0.000409
     0.102761     1.382500     0.000313
     0.128387     1.382540     0.000221
     0.153978     1.382567     0.000139
     0.179619     1.382600     0.000076
     0.205220     1.382609     0.000035
     0.230872     1.382639     0.000013
     0.256476     1.382643     0.000003
     0.282136     1.382671     0.000000
     0.307739     1.382673     0.000000
     0.333401     1.382696     0.000000
     0.359002     1.382696     0.000000
     0.384667     1.382712     0.000000
     0.410267     1.382710     0.000000
     0.435934     1.382721     0.000000
     0.461532     1.382718     0.000000
     0.487201     1.382722     0.000000
     0.512799     1.382722     0.000000
     0.538468     1.382718     0.000000
     0.564066     1.382721     0.000000
     0.589733     1.382710     0.000000
     0.615333     1.382712     0.000000
     0.640998     1.382696     0.000000
     0.666599     1.382696     0.000000
     0.692261     1.382673     0.000000
     0.717864     1.382671     0.000000
     0.743524     1.382643     0.000003
     0.769128     1.382639     0.000013
     0.794780     1.382609     0.000035
     0.820381     1.382600     0.000076
     0.846022     1.382566     0.000139
     0.871613     1.382540     0.000221
     0.897239     1.382500     0.000312
     0.922793     1.382428     0.000408
     0.948415     1.382380     0.000506
     0.973996     1.382316     0.000604
     0.999627     1.382247     0.000702
     0.000423     1.407799     0.000698
     0.025975     1.407835     0.000600
     0.051589     1.407873     0.000502
     0.077123     1.407953     0.000406
     0.102748     1.407980     0.000312
     0.128352     1.407993     0.000222
     0.153987     1.408026     0.000141
     0.179593     1.408040     0.000076
     0.205239     1.408073     0.000034
     0.230841     1.408083     0.000012
     0.256495     1.408111     0.000003
     0.282095     1.408115     0.000000
     0.307759     1.408134     0.000000
     0.333357     1.408135     0.000000
     0.359027     1.408150     0.000000
     0.384624     1.408150     0.000000
     0.410298     1.408160     0.000000
     0.435892     1.408159     0.000000
     0.461569     1.408165     0.000000
     0.487161     1.408165     0.000000
     0.512839     1.408165     0.000000
     0.538431     1.408165     0.000000
     0.564108     1.408159     0.000000
     0.589702     1.408160     0.000000
     0.615376     1.408150     0.000000
     0.640973     1.408150     0.000000
     0.666643     1.408135     0.000000
     0.692241     1.408134     0.000000
     0.717905     1.408115     0.000000
     0.743504     1.408111     0.000003
     0.769159     1.408083     0.000012
     0.794761     1.408073     0.000034
     0.820407     1.408040     0.000076
     0.846013     1.408026     0.000141
     0.871648     1.407993     0.000222
     0.897252     1.407980     0.000311
     0.922877     1.407953     0.000405
     0.948412     1.407874     0.000502
     0.974025     1.407835     0.000599
     0.999577     1.407799     0.000698
     0.000293     1.433331     0.000703
     0.025926     1.433375     0.000601
     0.051442     1.433475     0.000503
     0.077055     1.433516     0.000407
     0.102669     1.433523     0.000313
     0.128289     1.433552     0.000224
     0.153908     1.433562     0.000142
     0.179541     1.433580     0.000076
     0.205164     1.433585     0.000033
     0.230808     1.433599     0.000011
     0.256432     1.433602     0.000002
     0.282084     1.433615     0.000000
     0.307706     1.433618     0.000000
     0.333361     1.433629     0.000000
     0.358980     1.433630     0.000000
     0.384637     1.433638     0.000000
     0.410255     1.433637     0.000000
     0.435914     1.433642     0.000000
     0.461531     1.433642     0.000000
     0.487192     1.433643     0.000000
     0.512808     1.433643     0.000000
     0.538469     1.433642     0.000000
     0.564086     1.433642     0.000000
     0.589745     1.433637     0.000000
     0.615363     1.433638     0.000000
     0.641020     1.433630     0.000000
     0.666639     1.433629     0.000000
     0.692294     1.433618     0.000000
     0.717916     1.433615     0.000000
     0.743568     1.433602     0.000002
     0.769192     1.433599     0.000011
     0.794836     1.433585     0.000033
     0.820459     1.433580     0.000076
     0.846092     1.433561     0.000142
     0.871711     1.433552     0.000224
     0.897331     1.433523     0.000313
     0.922945     1.433516     0.000406
     0.948558     1.433476     0.000502
     0.974075     1.433375     0.000601
     0.999708     1.433331     0.000702
     0.000314     1.458820     0.000714
     0.025820     1.458949     0.000609
     0.051380     1.458998     0.000509
     0.077021     1.458978     0.000411
     0.102633     1.459009     0.000316
     0.128267     1.459003     0.000225
     0.153898     1.459023     0.000141
     0.179528     1.459025     0.000073
     0.205168     1.459042     0.000029
     0.230794     1.459045     0.000008
     0.256440     1.459058     0.000001
     0.282063     1.459060     0.000000
     0.307715     1.459069     0.000000
     0.333337     1.459070     0.000000
     0.358993     1.459077     0.000000
     0.384614     1.459077     0.000000
     0.410272     1.459082     0.000000
     0.435892     1.459081     0.000000
     0.461551     1.459084     0.000000
     0.487170     1.459084     0.000000
     0.512830     1.459084     0.000000
     0.538449     1.459084     0.000000
     0.564108     1.459081     0.000000
     0.589728     1.459082     0.000000
     0.615386     1.459077     0.000000
     0.641007     1.459077     0.000000
     0.666663     1.459070     0.000000
     0.692285     1.459069     0.000000
     0.717937     1.459060     0.000000
     0.743560     1.459058     0.000001
     0.769206     1.459045     0.000008
     0.794832     1.459042     0.000029
     0.820472     1.459025     0.000073
     0.846102     1.459023     0.000141
     0.871733     1.459003     0.000225
     0.897367     1.459009     0.000315
     0.922979     1.458978     0.000411
     0.948620     1.458998     0.000508
     0.974180     1.458949     0.000609
     0.999686     1.458820     0.000713
     0.000086     1.484510     0.000728
     0.025627     1.484559     0.000619
     0.051328     1.484527     0.000515
     0.076928     1.484541     0.000413
     0.102588     1.484539     0.000315
     0.128211     1.484543     0.000222
     0.153856     1.484546     0.000136
     0.179489     1.484548     0.000065
     0.205131     1.484550     0.000023
     0.230770     1.484551     0.000005
     0.256410     1.484552     0.000000
     0.282053     1.484554     0.000000
     0.307692     1.484555     0.000000
     0.333335     1.484556     0.000000
     0.358973     1.484557     0.000000
     0.384617     1.484558     0.000000
     0.410255     1.484559     0.000000
     0.435899     1.484559     0.000000
     0.461537     1.484559     0.000000
     0.487181     1.484559     0.000000
     0.512819     1.484559     0.000000
     0.538463     1.484559     0.000000
     0.564101     1.484559     0.000000
     0.589745     1.484559     0.000000
     0.615383     1.484558     0.000000
     0.641027     1.484557     0.000000
     0.666665     1.484556     0.000000
     0.692308     1.484555     0.000000
     0.717947     1.484554     0.000000
     0.743590     1.484552     0.000000
     0.769230     1.484551     0.000005
     0.794869     1.484550     0.000023
     0.820511     1.484548     0.000066
     0.846144     1.484546     0.000136
     0.871789     1.484543     0.000222
     0.897412     1.484539     0.000315
     0.923072     1.484541     0.000413
     0.948672     1.484527     0.000514
     0.974373     1.484559     0.000619
     0.999914     1.484510     0.000727
     0.000000     1.510000     0.000741
     0.025641     1.510000     0.000628
     0.051282     1.510000     0.000519
     0.076923     1.510000     0.000413
     0.102564     1.510000     0.000310
     0.128205     1.510000     0.000211
     0.153846     1.510000     0.000122
     0.179487     1.510000     0.000052
     0.205128     1.510000     0.000014
     0.230769     1.510000     0.000002
     0.256410     1.510000     0.000000
     0.282051     1.510000     0.000000
     0.307692     1.510000     0.000000
     0.333333     1.510000     0.000000
     0.358974     1.510000     0.000000
     0.384615     1.510000     0.000000
     0.410256     1.510000     0.000000
     0.435897     1.510000     0.000000
     0.461538     1.510000     0.000000
     0.487179     1.510000     0.000000
     0.512821     1.510000     0.000000
     0.538462     1.510000     0.000000
     0.564103     1.510000     0.000000
     0.589744     1.510000     0.000000
     0.615385     1.510000     0.000000
     0.641026     1.510000     0.000000
     0.666667     1.510000     0.000000
     0.692308     1.510000     0.000000
     0.717949     1.510000     0.000000
     0.743590     1.510000     0.000000
     0.769231     1.510000     0.000002
     0.794872     1.510000     0.000014
     0.820513     1.510000     0.000052
     0.846154     1.510000     0.000122
     0.871795     1.510000     0.000212
     0.897436     1.510000     0.000310
     0.923077     1.510000     0.000413
     0.948718     1.510000     0.000519
     0.974359     1.510000     0.000627
     1.000000     1.510000     0.000741
