     0.000000    -0.001000     0.000000
     0.025641    -0.001000     0.000000
     0.051282    -0.001000     0.000000
     0.076923    -0.001000     0.000000
     0.102564    -0.001000     0.000000
     0.128205    -0.001000     0.000000
     0.153846    -0.001000     0.000000
     0.179487    -0.001000     0.000000
     0.205128    -0.001000     0.000000
     0.230769    -0.001000     0.000000
     0.256410    -0.001000     0.000000
     0.282051    -0.001000     0.000000
     0.307692    -0.001000     0.000000
     0.333333    -0.001000     0.000000
     0.358974    -0.001000     0.000000
     0.384615    -0.001000     0.000000
     0.410256    -0.001000     0.000000
     0.435897    -0.001000     0.000000
     0.461538    -0.001000     0.000000
     0.487179    -0.001000     0.000000
     0.512821    -0.001000     0.000000
     0.538462    -0.001000     0.000000
     0.564103    -0.001000     0.000000
     0.589744    -0.001000     0.000000
     0.615385    -0.001000     0.000000
     0.641026    -0.001000     0.000000
     0.666667    -0.001000     0.000000
     0.692308    -0.001000     0.000000
     0.717949    -0.001000     0.000000
     0.743590    -0.001000     0.000000
     0.769231    -0.001000     0.000000
     0.794872    -0.001000     0.000000
     0.820513    -0.001000     0.000000
     0.846154    -0.001000     0.000000
     0.871795    -0.001000     0.000000
     0.897436    -0.001000     0.000000
     0.923077    -0.001000     0.000000
     0.948718    -0.001000     0.000000
     0.974359    -0.001000     0.000000
     1.000000    -0.001000     0.000000
     0.000029     0.024453     0.000000
     0.025651     0.024429     0.000000
     0.051300     0.024441     0.000000
     0.076933     0.024435     0.000000
     0.102578     0.024437     0.000000
     0.128215     0.024436     0.000000
     0.153857     0.024436     0.000000
     0.179496     0.024436     0.000000
     0.205137     0.024436     0.000000
     0.230777     0.024436     0.000000
     0.256418     0.024436     0.000000
     0.282058     0.024436     0.000000
     0.307698     0.024436     0.000000
     0.333338     0.024436     0.000000
     0.358979     0.024436     0.000000
     0.384619     0.024436     0.000000
     0.410259     0.024436     0.000000
     0.435899     0.024437     0.000000
     0.461540     0.024437     0.000000
     0.487180     0.024437     0.000000
     0.512821     0.024437     0.000000
     0.538461     0.024437     0.000000
     0.564101     0.024437     0.000000
     0.589741     0.024437     0.000000
     0.615382     0.024437     0.000000
     0.641022     0.024437     0.000000
     0.666663     0.024437     0.000000
     0.692303     0.024437     0.000000
     0.717943     0.024437     0.000000
     0.743583     0.024437     0.000000
     0.769224     0.024437     0.000000
     0.794863     0.024437     0.000000
     0.820505     0.024437     0.000000
     0.846143     0.024438     0.000000
     0.871786     0.024438     0.000000
     0.897422     0.024439     0.000000
     0.923067     0.024437     0.000000
     0.948698     0.024444     0.000000
     0.974348     0.024431     0.000000
     0.999966     0.024457     0.000000
     0.000090     0.049940     0.000000
     0.025714     0.049911     0.000000
     0.051342     0.049906     0.000000
     0.076977     0.049900     0.000000
     0.102612     0.049899     0.000000
     0.128248     0.049897     0.000000
     0.153886     0.049897     0.000000
     0.179522     0.049897     0.000000
     0.205161     0.049897     0.000000
     0.230798     0.049897     0.000000
     0.256437     0.049898     0.000000
     0.282075     0.049898     0.000000
     0.307713     0.049899     0.000000
     0.333351     0.049898     0.000000
     0.358990     0.049899     0.000000
     0.384628     0.049899     0.000000
     0.410266     0.049900     0.000000
     0.435905     0.049900     0.000000
     0.461543     0.049901     0.000000
     0.487182     0.049900     0.000000
     0.512820     0.049901     0.000000
     0.538458     0.049901     0.000000
     0.564096     0.049901     0.000000
     0.589735     0.049901     0.000000
     0.615373     0.049902     0.000000
     0.641012     0.049902     0.000000
     0.666650     0.049902     0.000000
     0.692288     0.049902     0.000000
     0.717926     0.049903     0.000000
     0.743564     0.049903     0.000000
     0.769202     0.049903     0.000000
     0.794839     0.049904     0.000000
     0.820477     0.049904     0.000000
     0.846114     0.049905     0.000000
     0.871750     0.049906     0.000000
     0.897386     0.049909     0.000000
     0.923019     0.049910     0.000000
     0.948653     0.049918     0.000000
     0.974278     0.049923     0.000000
     0.999900     0.049956     0.000000
     0.000100     0.075376     0.000000
     0.025729     0.075354     0.000000
     0.051358     0.075351     0.000000
     0.076991     0.075341     0.000000
     0.102624     0.075341     0.000000
     0.128261     0.075337     0.000000
     0.153896     0.075338     0.000000
     0.179533     0.075337     0.000000
     0.205170     0.075337     0.000000
     0.230808     0.075337     0.000000
     0.256445     0.075337     0.000000
     0.282082     0.075337     0.000000
     0.307719     0.075337     0.000000
     0.333357     0.075338     0.000000
     0.358994     0.075338     0.000000
     0.384632     0.075338     0.000000
     0.410269     0.075338     0.000000
     0.435907     0.075339     0.000000
     0.461545     0.075339     0.000000
     0.487182     0.075340     0.000000
     0.512820     0.075340     0.000000
     0.538457     0.075340     0.000000
     0.564095     0.075340     0.000000
     0.589732     0.075341     0.000000
     0.615370     0.075341     0.000000
     0.641007     0.075341     0.000000
     0.666646     0.075341     0.000000
     0.692282     0.075342     0.000000
     0.717920     0.075342     0.000000
     0.743557     0.075343     0.000000
     0.769194     0.075343     0.000000
     0.794831     0.075344     0.000000
     0.820467     0.075344     0.000000
     0.846103     0.075347     0.000000
     0.871738     0.075347     0.000000
     0.897372     0.075352     0.000000
     0.923004     0.075353     0.000000
     0.948635     0.075365     0.000000
     0.974262     0.075370     0.000000
     0.999887     0.075393     0.000000
     0.000145     0.100854     0.000000
     0.025770     0.100829     0.000000
     0.051398     0.100819     0.000000
     0.077028     0.100807     0.000000
     0.102658     0.100805     0.000000
     0.128290     0.100800     0.000000
     0.153923     0.100800     0.000000
     0.179557     0.100797     0.000000
     0.205191     0.100799     0.000000
     0.230826     0.100798     0.000000
     0.256461     0.100800     0.000000
     0.282097     0.100799     0.000000
     0.307732     0.100801     0.000000
     0.333368     0.100800     0.000000
     0.359003     0.100803     0.000000
     0.384639     0.100802     0.000000
     0.410274     0.100804     0.000000
     0.435911     0.100803     0.000000
     0.461546     0.100805     0.000000
     0.487183     0.100804     0.000000
     0.512817     0.100806     0.000000
     0.538454     0.100805     0.000000
     0.564089     0.100807     0.000000
     0.589726     0.100806     0.000000
     0.615361     0.100807     0.000000
     0.640997     0.100807     0.000000
     0.666632     0.100808     0.000000
     0.692268     0.100808     0.000000
     0.717902     0.100809     0.000000
     0.743538     0.100810     0.000000
     0.769172     0.100811     0.000000
     0.794807     0.100812     0.000000
     0.820440     0.100814     0.000000
     0.846074     0.100817     0.000000
     0.871704     0.100819     0.000000
     0.897336     0.100825     0.000000
     0.922964     0.100830     0.000000
     0.948592     0.100843     0.000000
     0.974216     0.100855     0.000000
     0.999839     0.100883     0.000000
     0.000149     0.126285     0.000000
     0.025780     0.126270     0.000000
     0.051407     0.126261     0.000000
     0.077038     0.126252     0.000000
     0.102668     0.126249     0.000000
     0.128301     0.126245     0.000000
     0.153933     0.126244     0.000000
     0.179568     0.126242     0.000000
     0.205201     0.126242     0.000000
     0.230836     0.126241     0.000000
     0.256469     0.126241     0.000000
     0.282104     0.126242     0.000000
     0.307738     0.126242     0.000000
     0.333373     0.126243     0.000000
     0.359008     0.126243     0.000000
     0.384642     0.126244     0.000000
     0.410278     0.126244     0.000000
     0.435912     0.126245     0.000000
     0.461548     0.126245     0.000000
     0.487182     0.126246     0.000000
     0.512818     0.126246     0.000000
     0.538452     0.126247     0.000000
     0.564088     0.126247     0.000000
     0.589722     0.126248     0.000000
     0.615358     0.126248     0.000000
     0.640992     0.126249     0.000000
     0.666628     0.126249     0.000000
     0.692262     0.126250     0.000000
     0.717897     0.126251     0.000000
     0.743531     0.126252     0.000000
     0.769165     0.126253     0.000000
     0.794798     0.126256     0.000000
     0.820431     0.126257     0.000000
     0.846063     0.126261     0.000000
     0.871694     0.126263     0.000000
     0.897325     0.126270     0.000000
     0.922953     0.126276     0.000000
     0.948581     0.126287     0.000000
     0.974205     0.126299     0.000000
     0.999833     0.126316     0.000000
     0.000183     0.151758     0.000000
     0.025810     0.151738     0.000000
     0.051439     0.151728     0.000000
     0.077067     0.151716     0.000000
     0.102696     0.151713     0.000000
     0.128326     0.151706     0.000000
     0.153956     0.151706     0.000000
     0.179587     0.151703     0.000000
     0.205218     0.151705     0.000000
     0.230851     0.151703     0.000000
     0.256482     0.151706     0.000000
     0.282116     0.151704     0.000000
     0.307748     0.151708     0.000000
     0.333382     0.151706     0.000000
     0.359014     0.151710     0.000000
     0.384649     0.151708     0.000000
     0.410281     0.151712     0.000000
     0.435916     0.151710     0.000000
     0.461547     0.151713     0.000000
     0.487182     0.151712     0.000000
     0.512814     0.151714     0.000000
     0.538449     0.151713     0.000000
     0.564081     0.151715     0.000000
     0.589716     0.151715     0.000000
     0.615348     0.151717     0.000000
     0.640983     0.151716     0.000000
     0.666614     0.151718     0.000000
     0.692249     0.151718     0.000000
     0.717879     0.151720     0.000000
     0.743513     0.151721     0.000000
     0.769144     0.151723     0.000000
     0.794776     0.151725     0.000000
     0.820406     0.151728     0.000000
     0.846037     0.151733     0.000000
     0.871665     0.151737     0.000000
     0.897294     0.151745     0.000000
     0.922920     0.151752     0.000000
     0.948546     0.151766     0.000000
     0.974172     0.151778     0.000000
     0.999796     0.151802     0.000000
     0.000185     0.177188     0.000000
     0.025817     0.177178     0.000000
     0.051444     0.177169     0.000000
     0.077075     0.177163     0.000000
     0.102703     0.177158     0.000000
     0.128335     0.177154     0.000000
     0.153964     0.177152     0.000000
     0.179597     0.177151     0.000000
     0.205227     0.177150     0.000000
     0.230860     0.177150     0.000000
     0.256491     0.177149     0.000000
     0.282123     0.177150     0.000000
     0.307755     0.177150     0.000000
     0.333387     0.177152     0.000000
     0.359019     0.177151     0.000000
     0.384651     0.177153     0.000000
     0.410284     0.177153     0.000000
     0.435916     0.177155     0.000000
     0.461549     0.177155     0.000000
     0.487181     0.177156     0.000000
     0.512815     0.177156     0.000000
     0.538447     0.177158     0.000000
     0.564080     0.177157     0.000000
     0.589712     0.177159     0.000000
     0.615346     0.177159     0.000000
     0.640977     0.177160     0.000000
     0.666611     0.177161     0.000000
     0.692242     0.177162     0.000000
     0.717875     0.177163     0.000000
     0.743506     0.177165     0.000000
     0.769138     0.177167     0.000000
     0.794768     0.177170     0.000000
     0.820399     0.177173     0.000000
     0.846028     0.177178     0.000000
     0.871657     0.177182     0.000000
     0.897285     0.177190     0.000000
     0.922912     0.177198     0.000000
     0.948539     0.177208     0.000000
     0.974164     0.177220     0.000000
     0.999792     0.177232     0.000000
     0.000211     0.202659     0.000000
     0.025839     0.202643     0.000000
     0.051469     0.202635     0.000000
     0.077097     0.202624     0.000000
     0.102725     0.202620     0.000000
     0.128354     0.202614     0.000000
     0.153982     0.202614     0.000000
     0.179612     0.202610     0.000000
     0.205240     0.202613     0.000000
     0.230871     0.202611     0.000000
     0.256500     0.202615     0.000000
     0.282132     0.202613     0.000000
     0.307761     0.202618     0.000000
     0.333394     0.202616     0.000000
     0.359023     0.202621     0.000000
     0.384656     0.202618     0.000000
     0.410285     0.202623     0.000000
     0.435918     0.202621     0.000000
     0.461547     0.202625     0.000000
     0.487181     0.202623     0.000000
     0.512810     0.202626     0.000000
     0.538444     0.202625     0.000000
     0.564073     0.202627     0.000000
     0.589706     0.202626     0.000000
     0.615335     0.202629     0.000000
     0.640968     0.202629     0.000000
     0.666597     0.202631     0.000000
     0.692230     0.202631     0.000000
     0.717858     0.202634     0.000000
     0.743490     0.202635     0.000000
     0.769118     0.202638     0.000000
     0.794749     0.202641     0.000000
     0.820376     0.202645     0.000000
     0.846005     0.202650     0.000000
     0.871632     0.202656     0.000000
     0.897259     0.202664     0.000000
     0.922886     0.202672     0.000000
     0.948512     0.202685     0.000000
     0.974138     0.202697     0.000000
     0.999764     0.202716     0.000000
     0.000212     0.228088     0.000000
     0.025844     0.228082     0.000000
     0.051472     0.228075     0.000000
     0.077102     0.228071     0.000000
     0.102730     0.228066     0.000000
     0.128361     0.228064     0.000000
     0.153990     0.228062     0.000000
     0.179620     0.228062     0.000000
     0.205249     0.228060     0.000000
     0.230879     0.228061     0.000000
     0.256509     0.228060     0.000000
     0.282138     0.228062     0.000000
     0.307768     0.228061     0.000000
     0.333397     0.228064     0.000000
     0.359028     0.228063     0.000000
     0.384657     0.228066     0.000000
     0.410289     0.228065     0.000000
     0.435918     0.228068     0.000000
     0.461550     0.228067     0.000000
     0.487179     0.228069     0.000000
     0.512811     0.228069     0.000000
     0.538440     0.228071     0.000000
     0.564072     0.228071     0.000000
     0.589702     0.228073     0.000000
     0.615334     0.228073     0.000000
     0.640963     0.228074     0.000000
     0.666594     0.228075     0.000000
     0.692224     0.228077     0.000000
     0.717855     0.228079     0.000000
     0.743484     0.228081     0.000000
     0.769114     0.228083     0.000000
     0.794742     0.228087     0.000000
     0.820371     0.228091     0.000000
     0.845999     0.228096     0.000000
     0.871626     0.228102     0.000000
     0.897254     0.228108     0.000000
     0.922880     0.228117     0.000000
     0.948507     0.228125     0.000000
     0.974132     0.228137     0.000000
     0.999760     0.228146     0.000000
     0.000231     0.253557     0.000000
     0.025860     0.253544     0.000000
     0.051490     0.253538     0.000000
     0.077118     0.253529     0.000000
     0.102747     0.253527     0.000000
     0.128375     0.253521     0.000000
     0.154002     0.253523     0.000000
     0.179630     0.253519     0.000000
     0.205258     0.253524     0.000000
     0.230887     0.253521     0.000000
     0.256514     0.253528     0.000000
     0.282144     0.253525     0.000000
     0.307772     0.253531     0.000000
     0.333402     0.253529     0.000000
     0.359029     0.253535     0.000000
     0.384661     0.253532     0.000000
     0.410287     0.253537     0.000000
     0.435919     0.253534     0.000000
     0.461546     0.253539     0.000000
     0.487178     0.253537     0.000000
     0.512805     0.253541     0.000000
     0.538437     0.253539     0.000000
     0.564064     0.253542     0.000000
     0.589696     0.253541     0.000000
     0.615323     0.253544     0.000000
     0.640955     0.253544     0.000000
     0.666581     0.253547     0.000000
     0.692213     0.253547     0.000000
     0.717839     0.253550     0.000000
     0.743470     0.253552     0.000000
     0.769096     0.253555     0.000000
     0.794725     0.253559     0.000000
     0.820352     0.253563     0.000000
     0.845979     0.253569     0.000000
     0.871606     0.253574     0.000000
     0.897232     0.253583     0.000000
     0.922859     0.253591     0.000000
     0.948485     0.253603     0.000000
     0.974112     0.253612     0.000000
     0.999738     0.253628     0.000000
     0.000232     0.278987     0.000000
     0.025864     0.278983     0.000000
     0.051493     0.278978     0.000000
     0.077123     0.278976     0.000000
     0.102751     0.278974     0.000000
     0.128381     0.278974     0.000000
     0.154009     0.278972     0.000000
     0.179638     0.278974     0.000000
     0.205266     0.278972     0.000000
     0.230894     0.278975     0.000000
     0.256522     0.278973     0.000000
     0.282149     0.278977     0.000000
     0.307778     0.278975     0.000000
     0.333405     0.278979     0.000000
     0.359034     0.278978     0.000000
     0.384661     0.278982     0.000000
     0.410291     0.278980     0.000000
     0.435918     0.278984     0.000000
     0.461548     0.278983     0.000000
     0.487175     0.278985     0.000000
     0.512806     0.278985     0.000000
     0.538433     0.278987     0.000000
     0.564064     0.278987     0.000000
     0.589691     0.278989     0.000000
     0.615322     0.278989     0.000000
     0.640949     0.278991     0.000000
     0.666579     0.278992     0.000000
     0.692207     0.278994     0.000000
     0.717837     0.278996     0.000000
     0.743464     0.278998     0.000000
     0.769093     0.279002     0.000000
     0.794720     0.279005     0.000000
     0.820348     0.279009     0.000000
     0.845975     0.279014     0.000000
     0.871601     0.279020     0.000000
     0.897228     0.279026     0.000000
     0.922854     0.279035     0.000000
     0.948481     0.279041     0.000000
     0.974107     0.279052     0.000000
     0.999735     0.279059     0.000000
     0.000246     0.304453     0.000000
     0.025875     0.304443     0.000000
     0.051505     0.304440     0.000000
     0.077134     0.304432     0.000000
     0.102762     0.304433     0.000000
     0.128390     0.304428     0.000000
     0.154017     0.304432     0.000000
     0.179644     0.304429     0.000000
     0.205270     0.304436     0.000000
     0.230898     0.304434     0.000000
     0.256524     0.304442     0.000000
     0.282153     0.304439     0.000000
     0.307778     0.304447     0.000000
     0.333408     0.304444     0.000000
     0.359033     0.304451     0.000000
     0.384663     0.304447     0.000000
     0.410288     0.304454     0.000000
     0.435918     0.304450     0.000000
     0.461543     0.304456     0.000000
     0.487174     0.304453     0.000000
     0.512799     0.304458     0.000000
     0.538430     0.304455     0.000000
     0.564055     0.304459     0.000000
     0.589686     0.304458     0.000000
     0.615311     0.304461     0.000000
     0.640942     0.304460     0.000000
     0.666567     0.304464     0.000000
     0.692197     0.304464     0.000000
     0.717822     0.304468     0.000000
     0.743452     0.304470     0.000000
     0.769077     0.304473     0.000000
     0.794705     0.304477     0.000000
     0.820331     0.304482     0.000000
     0.845958     0.304487     0.000000
     0.871584     0.304493     0.000000
     0.897211     0.304501     0.000000
     0.922837     0.304508     0.000000
     0.948463     0.304519     0.000000
     0.974090     0.304527     0.000000
     0.999717     0.304540     0.000000
     0.000247     0.329883     0.000000
     0.025879     0.329882     0.000000
     0.051508     0.329879     0.000000
     0.077138     0.329881     0.000000
     0.102766     0.329880     0.000000
     0.128395     0.329883     0.000000
     0.154023     0.329883     0.000000
     0.179651     0.329887     0.000000
     0.205278     0.329885     0.000000
     0.230904     0.329890     0.000000
     0.256531     0.329888     0.000000
     0.282156     0.329893     0.000000
     0.307784     0.329892     0.000000
     0.333408     0.329897     0.000000
     0.359037     0.329895     0.000000
     0.384661     0.329900     0.000000
     0.410291     0.329898     0.000000
     0.435915     0.329902     0.000000
     0.461545     0.329901     0.000000
     0.487170     0.329903     0.000000
     0.512800     0.329903     0.000000
     0.538425     0.329905     0.000000
     0.564055     0.329905     0.000000
     0.589680     0.329907     0.000000
     0.615310     0.329907     0.000000
     0.640936     0.329909     0.000000
     0.666566     0.329910     0.000000
     0.692191     0.329912     0.000000
     0.717821     0.329915     0.000000
     0.743446     0.329917     0.000000
     0.769075     0.329920     0.000000
     0.794701     0.329923     0.000000
     0.820328     0.329928     0.000000
     0.845954     0.329932     0.000000
     0.871581     0.329939     0.000000
     0.897208     0.329943     0.000000
     0.922834     0.329951     0.000000
     0.948461     0.329956     0.000000
     0.974086     0.329966     0.000000
     0.999714     0.329971     0.000000
     0.000255     0.355347     0.000000
     0.025885     0.355340     0.000000
     0.051515     0.355340     0.000000
     0.077145     0.355334     0.000000
     0.102773     0.355338     0.000000
     0.128400     0.355334     0.000000
     0.154026     0.355342     0.000000
     0.179653     0.355340     0.000000
     0.205278     0.355350     0.000000
     0.230905     0.355348     0.000000
     0.256530     0.355359     0.000000
     0.282158     0.355356     0.000000
     0.307781     0.355366     0.000000
     0.333410     0.355361     0.000000
     0.359033     0.355370     0.000000
     0.384662     0.355366     0.000000
     0.410285     0.355373     0.000000
     0.435915     0.355369     0.000000
     0.461538     0.355376     0.000000
     0.487168     0.355371     0.000000
     0.512792     0.355377     0.000000
     0.538422     0.355374     0.000000
     0.564046     0.355378     0.000000
     0.589676     0.355376     0.000000
     0.615300     0.355380     0.000000
     0.640930     0.355379     0.000000
     0.666554     0.355383     0.000000
     0.692183     0.355383     0.000000
     0.717808     0.355387     0.000000
     0.743436     0.355388     0.000000
     0.769061     0.355392     0.000000
     0.794689     0.355395     0.000000
     0.820314     0.355400     0.000000
     0.845941     0.355405     0.000000
     0.871567     0.355410     0.000000
     0.897193     0.355418     0.000000
     0.922820     0.355424     0.000000
     0.948446     0.355433     0.000000
     0.974073     0.355440     0.000000
     0.999700     0.355451     0.000000
     0.000257     0.380777     0.000000
     0.025889     0.380778     0.000000
     0.051519     0.380779     0.000000
     0.077148     0.380784     0.000000
     0.102777     0.380787     0.000000
     0.128405     0.380793     0.000000
     0.154033     0.380794     0.000000
     0.179659     0.380800     0.000000
     0.205286     0.380800     0.000000
     0.230910     0.380807     0.000000
     0.256536     0.380805     0.000000
     0.282159     0.380812     0.000000
     0.307786     0.380810     0.000000
     0.333408     0.380817     0.000000
     0.359037     0.380814     0.000000
     0.384659     0.380820     0.000000
     0.410288     0.380818     0.000000
     0.435910     0.380822     0.000000
     0.461540     0.380820     0.000000
     0.487163     0.380823     0.000000
     0.512793     0.380822     0.000000
     0.538416     0.380824     0.000000
     0.564046     0.380824     0.000000
     0.589670     0.380826     0.000000
     0.615300     0.380827     0.000000
     0.640924     0.380828     0.000000
     0.666553     0.380830     0.000000
     0.692178     0.380831     0.000000
     0.717806     0.380834     0.000000
     0.743431     0.380835     0.000000
     0.769059     0.380839     0.000000
     0.794685     0.380842     0.000000
     0.820312     0.380847     0.000000
     0.845938     0.380849     0.000000
     0.871564     0.380856     0.000000
     0.897191     0.380859     0.000000
     0.922817     0.380867     0.000000
     0.948444     0.380871     0.000000
     0.974070     0.380879     0.000000
     0.999698     0.380883     0.000000
     0.000260     0.406239     0.000000
     0.025891     0.406234     0.000000
     0.051521     0.406238     0.000000
     0.077151     0.406235     0.000000
     0.102779     0.406242     0.000000
     0.128406     0.406241     0.000000
     0.154031     0.406252     0.000000
     0.179657     0.406252     0.000000
     0.205281     0.406266     0.000000
     0.230908     0.406264     0.000000
     0.256531     0.406278     0.000000
     0.282159     0.406274     0.000000
     0.307780     0.406286     0.000000
     0.333409     0.406281     0.000000
     0.359030     0.406292     0.000000
     0.384659     0.406286     0.000000
     0.410281     0.406295     0.000000
     0.435910     0.406289     0.000000
     0.461532     0.406296     0.000000
     0.487162     0.406291     0.000000
     0.512784     0.406297     0.000000
     0.538414     0.406293     0.000000
     0.564037     0.406299     0.000000
     0.589666     0.406296     0.000000
     0.615289     0.406300     0.000000
     0.640918     0.406298     0.000000
     0.666542     0.406302     0.000000
     0.692171     0.406302     0.000000
     0.717795     0.406306     0.000000
     0.743423     0.406307     0.000000
     0.769047     0.406311     0.000000
     0.794675     0.406314     0.000000
     0.820300     0.406318     0.000000
     0.845926     0.406323     0.000000
     0.871552     0.406327     0.000000
     0.897179     0.406334     0.000000
     0.922805     0.406339     0.000000
     0.948432     0.406347     0.000000
     0.974059     0.406353     0.000000
     0.999686     0.406362     0.000000
     0.000263     0.431669     0.000000
     0.025895     0.431672     0.000000
     0.051525     0.431677     0.000000
     0.077155     0.431685     0.000000
     0.102784     0.431692     0.000000
     0.128411     0.431702     0.000000
     0.154039     0.431706     0.000000
     0.179663     0.431715     0.000000
     0.205289     0.431716     0.000000
     0.230911     0.431725     0.000000
     0.256537     0.431724     0.000000
     0.282157     0.431733     0.000000
     0.307785     0.431731     0.000000
     0.333405     0.431738     0.000000
     0.359033     0.431736     0.000000
     0.384653     0.431741     0.000000
     0.410283     0.431739     0.000000
     0.435904     0.431743     0.000000
     0.461534     0.431741     0.000000
     0.487155     0.431744     0.000000
     0.512785     0.431743     0.000000
     0.538407     0.431745     0.000000
     0.564037     0.431745     0.000000
     0.589660     0.431746     0.000000
     0.615289     0.431747     0.000000
     0.640913     0.431748     0.000000
     0.666542     0.431750     0.000000
     0.692165     0.431750     0.000000
     0.717794     0.431753     0.000000
     0.743418     0.431754     0.000000
     0.769046     0.431758     0.000000
     0.794671     0.431760     0.000000
     0.820299     0.431765     0.000000
     0.845924     0.431767     0.000000
     0.871551     0.431773     0.000000
     0.897177     0.431775     0.000000
     0.922803     0.431782     0.000000
     0.948430     0.431784     0.000000
     0.974056     0.431791     0.000000
     0.999684     0.431794     0.000000
     0.000260     0.457128     0.000000
     0.025892     0.457126     0.000000
     0.051523     0.457134     0.000000
     0.077153     0.457135     0.000000
     0.102780     0.457145     0.000000
     0.128407     0.457147     0.000000
     0.154031     0.457164     0.000000
     0.179657     0.457165     0.000000
     0.205280     0.457184     0.000000
     0.230907     0.457182     0.000000
     0.256528     0.457200     0.000000
     0.282155     0.457195     0.000000
     0.307775     0.457209     0.000000
     0.333404     0.457202     0.000000
     0.359024     0.457215     0.000000
     0.384653     0.457207     0.000000
     0.410273     0.457217     0.000000
     0.435903     0.457210     0.000000
     0.461524     0.457218     0.000000
     0.487154     0.457212     0.000000
     0.512775     0.457219     0.000000
     0.538405     0.457214     0.000000
     0.564027     0.457219     0.000000
     0.589656     0.457216     0.000000
     0.615279     0.457220     0.000000
     0.640908     0.457218     0.000000
     0.666532     0.457222     0.000000
     0.692160     0.457222     0.000000
     0.717784     0.457225     0.000000
     0.743411     0.457226     0.000000
     0.769036     0.457230     0.000000
     0.794663     0.457232     0.000000
     0.820288     0.457236     0.000000
     0.845915     0.457240     0.000000
     0.871541     0.457244     0.000000
     0.897167     0.457250     0.000000
     0.922794     0.457254     0.000000
     0.948420     0.457261     0.000000
     0.974047     0.457265     0.000000
     0.999674     0.457274     0.000000
     0.000264     0.482557     0.000000
     0.025897     0.482562     0.000000
     0.051528     0.482572     0.000000
     0.077157     0.482585     0.000000
     0.102786     0.482599     0.000000
     0.128413     0.482613     0.000000
     0.154039     0.482620     0.000000
     0.179661     0.482633     0.000000
     0.205287     0.482635     0.000000
     0.230906     0.482647     0.000000
     0.256533     0.482645     0.000000
     0.282150     0.482656     0.000000
     0.307779     0.482653     0.000000
     0.333396     0.482662     0.000000
     0.359027     0.482658     0.000000
     0.384645     0.482664     0.000000
     0.410276     0.482661     0.000000
     0.435895     0.482665     0.000000
     0.461526     0.482663     0.000000
     0.487146     0.482665     0.000000
     0.512777     0.482665     0.000000
     0.538398     0.482666     0.000000
     0.564028     0.482666     0.000000
     0.589650     0.482666     0.000000
     0.615280     0.482668     0.000000
     0.640902     0.482668     0.000000
     0.666532     0.482670     0.000000
     0.692155     0.482670     0.000000
     0.717784     0.482673     0.000000
     0.743407     0.482673     0.000000
     0.769035     0.482677     0.000000
     0.794660     0.482678     0.000000
     0.820287     0.482683     0.000000
     0.845912     0.482683     0.000000
     0.871540     0.482689     0.000000
     0.897165     0.482690     0.000000
     0.922792     0.482696     0.000000
     0.948419     0.482697     0.000000
     0.974045     0.482704     0.000000
     0.999673     0.482706     0.000000
     0.000255     0.508011     0.000000
     0.025889     0.508014     0.000000
     0.051520     0.508028     0.000000
     0.077151     0.508033     0.000000
     0.102777     0.508049     0.000000
     0.128403     0.508055     0.000000
     0.154026     0.508078     0.000000
     0.179652     0.508081     0.000000
     0.205273     0.508105     0.000000
     0.230900     0.508103     0.000000
     0.256519     0.508124     0.000000
     0.282148     0.508117     0.000000
     0.307766     0.508134     0.000000
     0.333395     0.508125     0.000000
     0.359014     0.508139     0.000000
     0.384644     0.508130     0.000000
     0.410264     0.508140     0.000000
     0.435894     0.508132     0.000000
     0.461515     0.508140     0.000000
     0.487145     0.508133     0.000000
     0.512767     0.508140     0.000000
     0.538396     0.508135     0.000000
     0.564018     0.508140     0.000000
     0.589647     0.508136     0.000000
     0.615271     0.508141     0.000000
     0.640899     0.508138     0.000000
     0.666523     0.508142     0.000000
     0.692150     0.508141     0.000000
     0.717774     0.508145     0.000000
     0.743401     0.508145     0.000000
     0.769026     0.508148     0.000000
     0.794653     0.508150     0.000000
     0.820279     0.508153     0.000000
     0.845905     0.508157     0.000000
     0.871531     0.508160     0.000000
     0.897158     0.508165     0.000000
     0.922784     0.508168     0.000000
     0.948411     0.508174     0.000000
     0.974038     0.508177     0.000000
     0.999665     0.508185     0.000000
     0.000260     0.533439     0.000000
     0.025894     0.533448     0.000000
     0.051527     0.533465     0.000000
     0.077155     0.533484     0.000000
     0.102783     0.533506     0.000000
     0.128409     0.533526     0.000000
     0.154035     0.533536     0.000000
     0.179653     0.533553     0.000000
     0.205279     0.533556     0.000000
     0.230894     0.533571     0.000000
     0.256523     0.533569     0.000000
     0.282137     0.533581     0.000000
     0.307769     0.533577     0.000000
     0.333384     0.533586     0.000000
     0.359017     0.533582     0.000000
     0.384633     0.533587     0.000000
     0.410266     0.533584     0.000000
     0.435884     0.533587     0.000000
     0.461517     0.533585     0.000000
     0.487136     0.533587     0.000000
     0.512768     0.533586     0.000000
     0.538388     0.533586     0.000000
     0.564019     0.533587     0.000000
     0.589640     0.533586     0.000000
     0.615271     0.533588     0.000000
     0.640893     0.533587     0.000000
     0.666523     0.533590     0.000000
     0.692145     0.533589     0.000000
     0.717775     0.533593     0.000000
     0.743398     0.533592     0.000000
     0.769026     0.533596     0.000000
     0.794650     0.533595     0.000000
     0.820278     0.533600     0.000000
     0.845903     0.533600     0.000000
     0.871530     0.533605     0.000000
     0.897156     0.533605     0.000000
     0.922783     0.533610     0.000000
     0.948410     0.533611     0.000000
     0.974037     0.533616     0.000000
     0.999664     0.533617     0.000000
     0.000245     0.558888     0.000000
     0.025881     0.558897     0.000000
     0.051511     0.558920     0.000000
     0.077142     0.558931     0.000000
     0.102768     0.558954     0.000000
     0.128392     0.558964     0.000000
     0.154014     0.558996     0.000000
     0.179641     0.559000     0.000000
     0.205259     0.559030     0.000000
     0.230889     0.559027     0.000000
     0.256504     0.559052     0.000000
     0.282135     0.559041     0.000000
     0.307752     0.559060     0.000000
     0.333383     0.559048     0.000000
     0.359002     0.559063     0.000000
     0.384633     0.559052     0.000000
     0.410253     0.559063     0.000000
     0.435884     0.559054     0.000000
     0.461506     0.559062     0.000000
     0.487135     0.559055     0.000000
     0.512758     0.559061     0.000000
     0.538387     0.559055     0.000000
     0.564011     0.559061     0.000000
     0.589638     0.559056     0.000000
     0.615263     0.559061     0.000000
     0.640890     0.559058     0.000000
     0.666515     0.559062     0.000000
     0.692142     0.559060     0.000000
     0.717767     0.559063     0.000000
     0.743393     0.559064     0.000000
     0.769019     0.559066     0.000000
     0.794645     0.559068     0.000000
     0.820271     0.559070     0.000000
     0.845898     0.559073     0.000000
     0.871524     0.559076     0.000000
     0.897150     0.559080     0.000000
     0.922777     0.559082     0.000000
     0.948404     0.559087     0.000000
     0.974031     0.559089     0.000000
     0.999658     0.559096     0.000000
     0.000247     0.584314     0.000000
     0.025884     0.584327     0.000000
     0.051519     0.584356     0.000000
     0.077147     0.584381     0.000000
     0.102774     0.584417     0.000000
     0.128398     0.584442     0.000000
     0.154023     0.584456     0.000000
     0.179637     0.584477     0.000000
     0.205264     0.584480     0.000103
     0.230871     0.584499     0.000000
     0.256508     0.584494     0.000000
     0.282117     0.584507     0.000000
     0.307755     0.584502     0.000000
     0.333367     0.584510     0.000000
     0.359005     0.584505     0.000000
     0.384620     0.584509     0.000000
     0.410256     0.584506     0.000000
     0.435873     0.584508     0.000000
     0.461508     0.584507     0.000000
     0.487126     0.584507     0.000000
     0.512760     0.584507     0.000000
     0.538379     0.584506     0.000000
     0.564012     0.584508     0.000000
     0.589632     0.584506     0.000000
     0.615264     0.584508     0.000000
     0.640885     0.584507     0.000000
     0.666515     0.584510     0.000000
     0.692138     0.584508     0.000000
     0.717767     0.584511     0.000000
     0.743390     0.584510     0.000000
     0.769019     0.584514     0.000000
     0.794643     0.584512     0.000000
     0.820271     0.584517     0.000000
     0.845896     0.584516     0.000000
     0.871523     0.584520     0.000000
     0.897149     0.584519     0.000000
     0.922776     0.584524     0.000000
     0.948403     0.584523     0.000000
     0.974030     0.584528     0.000000
     0.999657     0.584528     0.000000
     0.000226     0.609753     0.000000
     0.025862     0.609772     0.000000
     0.051492     0.609809     0.000000
     0.077122     0.609830     0.000000
     0.102751     0.609861     0.000000
     0.128372     0.609876     0.000000
     0.153993     0.609920     0.000000
     0.179622     0.609923     0.000097
     0.205234     0.609968     0.000000
     0.230869     0.609953     0.000000
     0.256482     0.609981     0.000000
     0.282117     0.609965     0.000000
     0.307734     0.609985     0.000000
     0.333368     0.609971     0.000000
     0.358988     0.609986     0.000000
     0.384620     0.609974     0.000000
     0.410243     0.609984     0.000000
     0.435873     0.609975     0.000000
     0.461497     0.609983     0.000000
     0.487126     0.609975     0.000000
     0.512751     0.609982     0.000000
     0.538378     0.609976     0.000000
     0.564004     0.609981     0.000000
     0.589631     0.609977     0.000000
     0.615257     0.609980     0.000000
     0.640883     0.609978     0.000000
     0.666509     0.609981     0.000000
     0.692135     0.609979     0.000000
     0.717761     0.609982     0.000000
     0.743387     0.609982     0.000000
     0.769013     0.609984     0.000000
     0.794639     0.609985     0.000000
     0.820266     0.609987     0.000000
     0.845892     0.609989     0.000000
     0.871518     0.609991     0.000000
     0.897145     0.609995     0.000000
     0.922772     0.609996     0.000000
     0.948398     0.610000     0.000000
     0.974026     0.610001     0.000000
     0.999653     0.610006     0.000000
     0.000215     0.635176     0.000000
     0.025863     0.635197     0.000000
     0.051498     0.635245     0.000000
     0.077131     0.635276     0.000000
     0.102756     0.635332     0.000000
     0.128377     0.635366     0.000000
     0.154004     0.635379     0.000295
     0.179598     0.635415     0.000167
     0.205237     0.635407     0.000062
     0.230841     0.635429     0.000000
     0.256486     0.635420     0.000000
     0.282095     0.635432     0.000000
     0.307739     0.635426     0.000000
     0.333350     0.635431     0.000000
     0.358992     0.635427     0.000000
     0.384606     0.635430     0.000000
     0.410246     0.635428     0.000000
     0.435862     0.635428     0.000000
     0.461499     0.635428     0.000000
     0.487117     0.635427     0.000000
     0.512752     0.635427     0.000000
     0.538372     0.635426     0.000000
     0.564005     0.635428     0.000000
     0.589626     0.635426     0.000000
     0.615258     0.635428     0.000000
     0.640879     0.635426     0.000000
     0.666510     0.635429     0.000000
     0.692132     0.635427     0.000000
     0.717762     0.635430     0.000000
     0.743385     0.635428     0.000000
     0.769014     0.635432     0.000000
     0.794637     0.635429     0.000000
     0.820266     0.635433     0.000000
     0.845890     0.635431     0.000000
     0.871518     0.635436     0.000000
     0.897144     0.635434     0.000000
     0.922771     0.635438     0.000000
     0.948398     0.635436     0.000000
     0.974025     0.635440     0.000000
     0.999652     0.635439     0.000000
     0.025819     0.660633     0.000000
     0.051452     0.660696     0.000000
     0.077084     0.660724     0.000000
     0.102721     0.660776     0.000000
     0.128343     0.660791     0.000409
     0.153946     0.660872     0.000168
     0.179590     0.660859     0.000015
     0.205201     0.660904     0.000000
     0.230841     0.660878     0.000000
     0.256459     0.660908     0.000000
     0.282096     0.660888     0.000000
     0.307718     0.660908     0.000000
     0.333351     0.660892     0.000000
     0.358977     0.660906     0.000000
     0.384607     0.660894     0.000000
     0.410235     0.660904     0.000000
     0.435862     0.660895     0.000000
     0.461491     0.660902     0.000000
     0.487117     0.660895     0.000000
     0.512746     0.660901     0.000000
     0.538371     0.660896     0.000000
     0.564000     0.660900     0.000000
     0.589625     0.660896     0.000000
     0.615253     0.660899     0.000000
     0.640877     0.660897     0.000000
     0.666505     0.660899     0.000000
     0.692130     0.660898     0.000000
     0.717758     0.660900     0.000000
     0.743382     0.660900     0.000000
     0.769010     0.660901     0.000000
     0.794635     0.660902     0.000000
     0.820262     0.660903     0.000000
     0.845888     0.660905     0.000000
     0.871515     0.660906     0.000000
     0.897141     0.660909     0.000000
     0.922768     0.660909     0.000000
     0.948395     0.660913     0.000000
     0.974022     0.660913     0.000000
     0.999649     0.660917     0.000000
     0.051449     0.686119     0.000000
     0.077115     0.686160     0.000000
     0.102725     0.686251     0.000561
     0.128325     0.686329     0.000273
     0.153957     0.686315     0.000393
     0.179548     0.686350     0.000000
     0.205208     0.686337     0.000000
     0.230809     0.686353     0.000000
     0.256466     0.686345     0.000000
     0.282073     0.686352     0.000000
     0.307724     0.686347     0.000000
     0.333336     0.686350     0.000000
     0.358982     0.686347     0.000000
     0.384596     0.686348     0.000000
     0.410238     0.686347     0.000000
     0.435854     0.686347     0.000000
     0.461493     0.686347     0.000000
     0.487111     0.686346     0.000000
     0.512747     0.686347     0.000000
     0.538366     0.686345     0.000000
     0.564001     0.686347     0.000000
     0.589621     0.686345     0.000000
     0.615254     0.686347     0.000000
     0.640875     0.686345     0.000000
     0.666506     0.686347     0.000000
     0.692128     0.686345     0.000000
     0.717758     0.686348     0.000000
     0.743381     0.686346     0.000000
     0.769010     0.686349     0.000000
     0.794634     0.686346     0.000000
     0.820262     0.686350     0.000000
     0.845887     0.686347     0.000000
     0.871515     0.686350     0.000000
     0.897140     0.686348     0.000000
     0.922768     0.686351     0.000000
     0.948394     0.686349     0.000000
     0.974021     0.686352     0.000000
     0.999649     0.686350     0.000000
     0.077023     0.711603     0.000000
     0.102650     0.711743     0.000505
     0.128280     0.711727     0.000291
     0.153906     0.711840     0.000000
     0.179546     0.711785     0.000000
     0.205176     0.711834     0.000000
     0.230811     0.711801     0.000000
     0.256446     0.711828     0.000000
     0.282075     0.711808     0.000000
     0.307711     0.711825     0.000000
     0.333336     0.711812     0.000000
     0.358973     0.711823     0.000000
     0.384596     0.711814     0.000000
     0.410232     0.711821     0.000000
     0.435854     0.711814     0.000000
     0.461489     0.711820     0.000000
     0.487111     0.711815     0.000000
     0.512744     0.711819     0.000000
     0.538366     0.711815     0.000000
     0.563998     0.711818     0.000000
     0.589620     0.711816     0.000000
     0.615251     0.711817     0.000000
     0.640874     0.711816     0.000000
     0.666504     0.711817     0.000000
     0.692127     0.711817     0.000000
     0.717756     0.711817     0.000000
     0.743380     0.711818     0.000000
     0.769008     0.711818     0.000000
     0.794633     0.711820     0.000000
     0.820260     0.711819     0.000000
     0.845886     0.711821     0.000000
     0.871513     0.711820     0.000000
     0.897139     0.711823     0.000000
     0.922766     0.711822     0.000000
     0.948393     0.711826     0.000000
     0.974020     0.711825     0.000000
     0.999647     0.711828     0.000000
     0.102674     0.737199     0.002737
     0.128220     0.737298     0.000559
     0.153916     0.737243     0.000000
     0.179510     0.737282     0.000000
     0.205187     0.737257     0.000000
     0.230790     0.737274     0.000000
     0.256453     0.737262     0.000000
     0.282062     0.737270     0.000000
     0.307715     0.737263     0.000000
     0.333329     0.737268     0.000000
     0.358975     0.737263     0.000000
     0.384591     0.737267     0.000000
     0.410233     0.737264     0.000000
     0.435851     0.737266     0.000000
     0.461490     0.737264     0.000000
     0.487108     0.737265     0.000000
     0.512744     0.737264     0.000000
     0.538364     0.737265     0.000000
     0.563998     0.737265     0.000000
     0.589619     0.737264     0.000000
     0.615251     0.737265     0.000000
     0.640873     0.737264     0.000000
     0.666504     0.737265     0.000000
     0.692126     0.737264     0.000000
     0.717756     0.737265     0.000000
     0.743379     0.737264     0.000000
     0.769008     0.737265     0.000000
     0.794632     0.737263     0.000000
     0.820260     0.737265     0.000000
     0.845885     0.737263     0.000000
     0.871513     0.737265     0.000000
     0.897139     0.737262     0.000000
     0.922766     0.737264     0.000000
     0.948393     0.737261     0.000000
     0.974020     0.737264     0.000000
     0.999647     0.737261     0.000000
     0.102674     0.762801     0.002739
     0.128220     0.762702     0.000555
     0.153916     0.762757     0.000000
     0.179510     0.762718     0.000000
     0.205187     0.762743     0.000000
     0.230790     0.762726     0.000000
     0.256453     0.762738     0.000000
     0.282062     0.762730     0.000000
     0.307716     0.762737     0.000000
     0.333329     0.762732     0.000000
     0.358975     0.762737     0.000000
     0.384591     0.762733     0.000000
     0.410233     0.762736     0.000000
     0.435851     0.762734     0.000000
     0.461490     0.762736     0.000000
     0.487108     0.762735     0.000000
     0.512744     0.762736     0.000000
     0.538364     0.762735     0.000000
     0.563998     0.762735     0.000000
     0.589619     0.762736     0.000000
     0.615251     0.762735     0.000000
     0.640873     0.762736     0.000000
     0.666504     0.762735     0.000000
     0.692126     0.762736     0.000000
     0.717756     0.762735     0.000000
     0.743379     0.762736     0.000000
     0.769008     0.762735     0.000000
     0.794632     0.762737     0.000000
     0.820261     0.762735     0.000000
     0.845885     0.762737     0.000000
     0.871513     0.762735     0.000000
     0.897139     0.762738     0.000000
     0.922766     0.762736     0.000000
     0.948393     0.762739     0.000000
     0.974020     0.762736     0.000000
     0.999647     0.762739     0.000000
     0.077023     0.788397     0.000000
     0.102650     0.788257     0.000503
     0.128280     0.788273     0.000291
     0.153905     0.788160     0.000000
     0.179546     0.788215     0.000000
     0.205176     0.788166     0.000000
     0.230811     0.788199     0.000000
     0.256446     0.788172     0.000000
     0.282075     0.788192     0.000000
     0.307711     0.788175     0.000000
     0.333337     0.788188     0.000000
     0.358973     0.788177     0.000000
     0.384596     0.788186     0.000000
     0.410232     0.788179     0.000000
     0.435854     0.788185     0.000000
     0.461488     0.788180     0.000000
     0.487111     0.788185     0.000000
     0.512744     0.788181     0.000000
     0.538366     0.788185     0.000000
     0.563998     0.788182     0.000000
     0.589620     0.788184     0.000000
     0.615251     0.788183     0.000000
     0.640874     0.788184     0.000000
     0.666504     0.788183     0.000000
     0.692127     0.788183     0.000000
     0.717756     0.788183     0.000000
     0.743380     0.788182     0.000000
     0.769008     0.788182     0.000000
     0.794633     0.788180     0.000000
     0.820260     0.788181     0.000000
     0.845885     0.788179     0.000000
     0.871513     0.788180     0.000000
     0.897139     0.788177     0.000000
     0.922766     0.788178     0.000000
     0.948393     0.788174     0.000000
     0.974020     0.788175     0.000000
     0.999647     0.788172     0.000000
     0.051449     0.813881     0.000000
     0.077115     0.813840     0.000000
     0.102725     0.813749     0.000561
     0.128324     0.813671     0.000272
     0.153957     0.813685     0.000394
     0.179548     0.813650     0.000000
     0.205208     0.813663     0.000000
     0.230809     0.813647     0.000000
     0.256466     0.813655     0.000000
     0.282073     0.813648     0.000000
     0.307724     0.813653     0.000000
     0.333335     0.813650     0.000000
     0.358982     0.813653     0.000000
     0.384596     0.813652     0.000000
     0.410238     0.813653     0.000000
     0.435854     0.813653     0.000000
     0.461493     0.813653     0.000000
     0.487111     0.813654     0.000000
     0.512747     0.813653     0.000000
     0.538366     0.813655     0.000000
     0.564001     0.813653     0.000000
     0.589621     0.813655     0.000000
     0.615254     0.813653     0.000000
     0.640875     0.813655     0.000000
     0.666506     0.813653     0.000000
     0.692128     0.813655     0.000000
     0.717758     0.813652     0.000000
     0.743381     0.813654     0.000000
     0.769010     0.813651     0.000000
     0.794634     0.813654     0.000000
     0.820262     0.813650     0.000000
     0.845887     0.813653     0.000000
     0.871515     0.813650     0.000000
     0.897140     0.813652     0.000000
     0.922768     0.813649     0.000000
     0.948394     0.813651     0.000000
     0.974021     0.813648     0.000000
     0.999649     0.813650     0.000000
     0.025818     0.839367     0.000000
     0.051452     0.839304     0.000000
     0.077084     0.839276     0.000000
     0.102721     0.839225     0.000000
     0.128343     0.839209     0.000408
     0.153946     0.839128     0.000168
     0.179590     0.839141     0.000015
     0.205201     0.839096     0.000000
     0.230841     0.839122     0.000000
     0.256459     0.839092     0.000000
     0.282096     0.839112     0.000000
     0.307718     0.839092     0.000000
     0.333351     0.839108     0.000000
     0.358977     0.839094     0.000000
     0.384607     0.839106     0.000000
     0.410235     0.839096     0.000000
     0.435863     0.839105     0.000000
     0.461491     0.839098     0.000000
     0.487117     0.839105     0.000000
     0.512746     0.839099     0.000000
     0.538371     0.839104     0.000000
     0.564000     0.839100     0.000000
     0.589625     0.839104     0.000000
     0.615253     0.839101     0.000000
     0.640877     0.839103     0.000000
     0.666505     0.839101     0.000000
     0.692130     0.839102     0.000000
     0.717758     0.839100     0.000000
     0.743382     0.839100     0.000000
     0.769010     0.839099     0.000000
     0.794635     0.839098     0.000000
     0.820262     0.839097     0.000000
     0.845888     0.839095     0.000000
     0.871515     0.839094     0.000000
     0.897141     0.839091     0.000000
     0.922768     0.839091     0.000000
     0.948395     0.839087     0.000000
     0.974022     0.839087     0.000000
     0.999649     0.839083     0.000000
     0.000215     0.864824     0.000000
     0.025863     0.864803     0.000000
     0.051498     0.864755     0.000000
     0.077131     0.864724     0.000000
     0.102756     0.864668     0.000000
     0.128377     0.864634     0.000000
     0.154004     0.864621     0.000294
     0.179598     0.864585     0.000166
     0.205237     0.864593     0.000063
     0.230841     0.864571     0.000000
     0.256486     0.864580     0.000000
     0.282094     0.864568     0.000000
     0.307739     0.864574     0.000000
     0.333350     0.864569     0.000000
     0.358992     0.864573     0.000000
     0.384606     0.864570     0.000000
     0.410246     0.864572     0.000000
     0.435862     0.864572     0.000000
     0.461499     0.864572     0.000000
     0.487117     0.864573     0.000000
     0.512753     0.864573     0.000000
     0.538372     0.864574     0.000000
     0.564005     0.864572     0.000000
     0.589626     0.864574     0.000000
     0.615258     0.864572     0.000000
     0.640879     0.864574     0.000000
     0.666510     0.864571     0.000000
     0.692132     0.864573     0.000000
     0.717762     0.864570     0.000000
     0.743385     0.864572     0.000000
     0.769014     0.864568     0.000000
     0.794637     0.864571     0.000000
     0.820266     0.864567     0.000000
     0.845890     0.864569     0.000000
     0.871518     0.864564     0.000000
     0.897144     0.864566     0.000000
     0.922771     0.864562     0.000000
     0.948398     0.864564     0.000000
     0.974025     0.864560     0.000000
     0.999652     0.864561     0.000000
     0.000226     0.890247     0.000000
     0.025862     0.890228     0.000000
     0.051492     0.890191     0.000000
     0.077122     0.890170     0.000000
     0.102751     0.890139     0.000000
     0.128372     0.890124     0.000000
     0.153993     0.890080     0.000000
     0.179622     0.890077     0.000097
     0.205234     0.890032     0.000000
     0.230869     0.890047     0.000000
     0.256482     0.890019     0.000000
     0.282117     0.890035     0.000000
     0.307734     0.890015     0.000000
     0.333368     0.890029     0.000000
     0.358988     0.890014     0.000000
     0.384620     0.890026     0.000000
     0.410243     0.890016     0.000000
     0.435873     0.890025     0.000000
     0.461497     0.890017     0.000000
     0.487126     0.890025     0.000000
     0.512751     0.890018     0.000000
     0.538378     0.890024     0.000000
     0.564004     0.890019     0.000000
     0.589631     0.890023     0.000000
     0.615257     0.890020     0.000000
     0.640883     0.890022     0.000000
     0.666509     0.890019     0.000000
     0.692135     0.890021     0.000000
     0.717761     0.890018     0.000000
     0.743387     0.890018     0.000000
     0.769013     0.890016     0.000000
     0.794639     0.890015     0.000000
     0.820266     0.890013     0.000000
     0.845892     0.890011     0.000000
     0.871518     0.890009     0.000000
     0.897145     0.890005     0.000000
     0.922772     0.890004     0.000000
     0.948398     0.890000     0.000000
     0.974026     0.889999     0.000000
     0.999653     0.889994     0.000000
     0.000247     0.915686     0.000000
     0.025884     0.915673     0.000000
     0.051519     0.915644     0.000000
     0.077147     0.915619     0.000000
     0.102774     0.915583     0.000000
     0.128398     0.915558     0.000000
     0.154023     0.915544     0.000000
     0.179637     0.915523     0.000000
     0.205264     0.915520     0.000102
     0.230871     0.915501     0.000000
     0.256508     0.915506     0.000000
     0.282117     0.915493     0.000000
     0.307755     0.915498     0.000000
     0.333367     0.915490     0.000000
     0.359005     0.915495     0.000000
     0.384620     0.915491     0.000000
     0.410256     0.915494     0.000000
     0.435873     0.915492     0.000000
     0.461508     0.915493     0.000000
     0.487126     0.915493     0.000000
     0.512760     0.915493     0.000000
     0.538379     0.915494     0.000000
     0.564012     0.915492     0.000000
     0.589632     0.915494     0.000000
     0.615264     0.915492     0.000000
     0.640885     0.915493     0.000000
     0.666515     0.915490     0.000000
     0.692138     0.915492     0.000000
     0.717767     0.915488     0.000000
     0.743390     0.915490     0.000000
     0.769019     0.915486     0.000000
     0.794643     0.915488     0.000000
     0.820271     0.915483     0.000000
     0.845896     0.915484     0.000000
     0.871523     0.915480     0.000000
     0.897149     0.915481     0.000000
     0.922776     0.915476     0.000000
     0.948403     0.915477     0.000000
     0.974030     0.915472     0.000000
     0.999657     0.915472     0.000000
     0.000245     0.941112     0.000000
     0.025881     0.941103     0.000000
     0.051511     0.941080     0.000000
     0.077142     0.941069     0.000000
     0.102768     0.941046     0.000000
     0.128392     0.941036     0.000000
     0.154014     0.941004     0.000000
     0.179641     0.941000     0.000000
     0.205259     0.940970     0.000000
     0.230889     0.940973     0.000000
     0.256504     0.940948     0.000000
     0.282135     0.940959     0.000000
     0.307752     0.940940     0.000000
     0.333383     0.940952     0.000000
     0.359002     0.940937     0.000000
     0.384633     0.940948     0.000000
     0.410253     0.940937     0.000000
     0.435884     0.940946     0.000000
     0.461505     0.940938     0.000000
     0.487135     0.940945     0.000000
     0.512758     0.940939     0.000000
     0.538387     0.940945     0.000000
     0.564010     0.940939     0.000000
     0.589638     0.940944     0.000000
     0.615263     0.940939     0.000000
     0.640890     0.940942     0.000000
     0.666515     0.940938     0.000000
     0.692142     0.940940     0.000000
     0.717767     0.940937     0.000000
     0.743393     0.940936     0.000000
     0.769019     0.940934     0.000000
     0.794645     0.940932     0.000000
     0.820271     0.940930     0.000000
     0.845897     0.940927     0.000000
     0.871524     0.940924     0.000000
     0.897150     0.940920     0.000000
     0.922777     0.940918     0.000000
     0.948404     0.940913     0.000000
     0.974031     0.940911     0.000000
     0.999658     0.940904     0.000000
     0.000260     0.966561     0.000000
     0.025894     0.966552     0.000000
     0.051527     0.966535     0.000000
     0.077155     0.966516     0.000000
     0.102783     0.966494     0.000000
     0.128409     0.966474     0.000000
     0.154035     0.966464     0.000000
     0.179653     0.966447     0.000000
     0.205279     0.966444     0.000000
     0.230894     0.966429     0.000000
     0.256523     0.966432     0.000000
     0.282137     0.966419     0.000000
     0.307769     0.966423     0.000000
     0.333384     0.966414     0.000000
     0.359017     0.966418     0.000000
     0.384633     0.966413     0.000000
     0.410266     0.966416     0.000000
     0.435884     0.966413     0.000000
     0.461517     0.966415     0.000000
     0.487136     0.966413     0.000000
     0.512768     0.966414     0.000000
     0.538388     0.966414     0.000000
     0.564019     0.966413     0.000000
     0.589640     0.966414     0.000000
     0.615271     0.966412     0.000000
     0.640893     0.966413     0.000000
     0.666523     0.966410     0.000000
     0.692145     0.966411     0.000000
     0.717775     0.966408     0.000000
     0.743398     0.966408     0.000000
     0.769026     0.966404     0.000000
     0.794650     0.966405     0.000000
     0.820278     0.966400     0.000000
     0.845903     0.966400     0.000000
     0.871530     0.966395     0.000000
     0.897156     0.966395     0.000000
     0.922783     0.966390     0.000000
     0.948410     0.966390     0.000000
     0.974037     0.966384     0.000000
     0.999664     0.966383     0.000000
     0.000255     0.991989     0.000000
     0.025889     0.991986     0.000000
     0.051520     0.991972     0.000000
     0.077151     0.991967     0.000000
     0.102777     0.991951     0.000000
     0.128403     0.991945     0.000000
     0.154026     0.991922     0.000000
     0.179652     0.991919     0.000000
     0.205273     0.991895     0.000000
     0.230900     0.991897     0.000000
     0.256519     0.991876     0.000000
     0.282148     0.991883     0.000000
     0.307766     0.991866     0.000000
     0.333395     0.991875     0.000000
     0.359014     0.991861     0.000000
     0.384644     0.991870     0.000000
     0.410264     0.991860     0.000000
     0.435894     0.991868     0.000000
     0.461515     0.991860     0.000000
     0.487145     0.991867     0.000000
     0.512767     0.991860     0.000000
     0.538396     0.991865     0.000000
     0.564018     0.991860     0.000000
     0.589647     0.991864     0.000000
     0.615270     0.991859     0.000000
     0.640899     0.991862     0.000000
     0.666522     0.991858     0.000000
     0.692150     0.991859     0.000000
     0.717774     0.991855     0.000000
     0.743401     0.991855     0.000000
     0.769026     0.991852     0.000000
     0.794653     0.991850     0.000000
     0.820279     0.991847     0.000000
     0.845905     0.991843     0.000000
     0.871531     0.991840     0.000000
     0.897158     0.991835     0.000000
     0.922784     0.991832     0.000000
     0.948411     0.991826     0.000000
     0.974038     0.991823     0.000000
     0.999665     0.991815     0.000000
     0.000264     1.017443     0.000000
     0.025897     1.017438     0.000000
     0.051528     1.017428     0.000000
     0.077157     1.017415     0.000000
     0.102786     1.017401     0.000000
     0.128413     1.017387     0.000000
     0.154039     1.017380     0.000000
     0.179661     1.017367     0.000000
     0.205287     1.017365     0.000000
     0.230906     1.017354     0.000000
     0.256533     1.017355     0.000000
     0.282150     1.017344     0.000000
     0.307779     1.017347     0.000000
     0.333396     1.017338     0.000000
     0.359027     1.017342     0.000000
     0.384645     1.017336     0.000000
     0.410276     1.017339     0.000000
     0.435895     1.017335     0.000000
     0.461526     1.017337     0.000000
     0.487146     1.017335     0.000000
     0.512777     1.017336     0.000000
     0.538398     1.017334     0.000000
     0.564028     1.017334     0.000000
     0.589650     1.017334     0.000000
     0.615280     1.017332     0.000000
     0.640902     1.017333     0.000000
     0.666532     1.017330     0.000000
     0.692155     1.017330     0.000000
     0.717784     1.017327     0.000000
     0.743407     1.017327     0.000000
     0.769035     1.017323     0.000000
     0.794660     1.017322     0.000000
     0.820287     1.017317     0.000000
     0.845912     1.017317     0.000000
     0.871540     1.017311     0.000000
     0.897165     1.017310     0.000000
     0.922792     1.017304     0.000000
     0.948419     1.017303     0.000000
     0.974045     1.017296     0.000000
     0.999673     1.017295     0.000000
     0.000260     1.042872     0.000000
     0.025892     1.042874     0.000000
     0.051523     1.042866     0.000000
     0.077153     1.042865     0.000000
     0.102780     1.042855     0.000000
     0.128407     1.042853     0.000000
     0.154031     1.042836     0.000000
     0.179657     1.042835     0.000000
     0.205280     1.042816     0.000000
     0.230907     1.042818     0.000000
     0.256528     1.042800     0.000000
     0.282155     1.042805     0.000000
     0.307775     1.042791     0.000000
     0.333404     1.042798     0.000000
     0.359024     1.042785     0.000000
     0.384653     1.042793     0.000000
     0.410273     1.042783     0.000000
     0.435903     1.042790     0.000000
     0.461524     1.042782     0.000000
     0.487154     1.042788     0.000000
     0.512775     1.042781     0.000000
     0.538405     1.042786     0.000000
     0.564027     1.042781     0.000000
     0.589656     1.042784     0.000000
     0.615279     1.042780     0.000000
     0.640908     1.042782     0.000000
     0.666532     1.042778     0.000000
     0.692160     1.042778     0.000000
     0.717784     1.042775     0.000000
     0.743411     1.042774     0.000000
     0.769036     1.042770     0.000000
     0.794663     1.042768     0.000000
     0.820288     1.042764     0.000000
     0.845915     1.042760     0.000000
     0.871541     1.042756     0.000000
     0.897167     1.042750     0.000000
     0.922794     1.042746     0.000000
     0.948420     1.042739     0.000000
     0.974047     1.042735     0.000000
     0.999674     1.042726     0.000000
     0.000263     1.068331     0.000000
     0.025895     1.068328     0.000000
     0.051525     1.068323     0.000000
     0.077155     1.068315     0.000000
     0.102784     1.068308     0.000000
     0.128411     1.068298     0.000000
     0.154039     1.068294     0.000000
     0.179663     1.068285     0.000000
     0.205289     1.068284     0.000000
     0.230911     1.068275     0.000000
     0.256537     1.068276     0.000000
     0.282157     1.068267     0.000000
     0.307785     1.068269     0.000000
     0.333405     1.068262     0.000000
     0.359033     1.068264     0.000000
     0.384653     1.068259     0.000000
     0.410283     1.068261     0.000000
     0.435904     1.068257     0.000000
     0.461534     1.068259     0.000000
     0.487155     1.068256     0.000000
     0.512785     1.068257     0.000000
     0.538407     1.068255     0.000000
     0.564037     1.068255     0.000000
     0.589660     1.068254     0.000000
     0.615289     1.068253     0.000000
     0.640913     1.068252     0.000000
     0.666542     1.068250     0.000000
     0.692165     1.068250     0.000000
     0.717794     1.068247     0.000000
     0.743418     1.068246     0.000000
     0.769046     1.068242     0.000000
     0.794671     1.068240     0.000000
     0.820299     1.068235     0.000000
     0.845924     1.068233     0.000000
     0.871551     1.068227     0.000000
     0.897177     1.068225     0.000000
     0.922803     1.068218     0.000000
     0.948430     1.068216     0.000000
     0.974056     1.068209     0.000000
     0.999684     1.068206     0.000000
     0.000260     1.093761     0.000000
     0.025891     1.093766     0.000000
     0.051521     1.093762     0.000000
     0.077151     1.093765     0.000000
     0.102779     1.093758     0.000000
     0.128406     1.093759     0.000000
     0.154031     1.093748     0.000000
     0.179657     1.093748     0.000000
     0.205281     1.093734     0.000000
     0.230908     1.093736     0.000000
     0.256531     1.093722     0.000000
     0.282159     1.093726     0.000000
     0.307780     1.093714     0.000000
     0.333409     1.093719     0.000000
     0.359030     1.093708     0.000000
     0.384659     1.093714     0.000000
     0.410280     1.093705     0.000000
     0.435910     1.093711     0.000000
     0.461532     1.093704     0.000000
     0.487162     1.093709     0.000000
     0.512784     1.093703     0.000000
     0.538414     1.093707     0.000000
     0.564037     1.093702     0.000000
     0.589666     1.093704     0.000000
     0.615289     1.093700     0.000000
     0.640918     1.093702     0.000000
     0.666542     1.093698     0.000000
     0.692171     1.093698     0.000000
     0.717795     1.093694     0.000000
     0.743423     1.093693     0.000000
     0.769047     1.093689     0.000000
     0.794675     1.093686     0.000000
     0.820300     1.093682     0.000000
     0.845926     1.093677     0.000000
     0.871552     1.093673     0.000000
     0.897179     1.093666     0.000000
     0.922805     1.093661     0.000000
     0.948432     1.093653     0.000000
     0.974059     1.093647     0.000000
     0.999686     1.093638     0.000000
     0.000257     1.119223     0.000000
     0.025889     1.119222     0.000000
     0.051519     1.119221     0.000000
     0.077148     1.119216     0.000000
     0.102777     1.119213     0.000000
     0.128405     1.119207     0.000000
     0.154033     1.119206     0.000000
     0.179659     1.119200     0.000000
     0.205286     1.119200     0.000000
     0.230910     1.119193     0.000000
     0.256536     1.119195     0.000000
     0.282159     1.119188     0.000000
     0.307786     1.119190     0.000000
     0.333408     1.119184     0.000000
     0.359037     1.119186     0.000000
     0.384659     1.119180     0.000000
     0.410288     1.119182     0.000000
     0.435910     1.119178     0.000000
     0.461540     1.119180     0.000000
     0.487163     1.119177     0.000000
     0.512793     1.119178     0.000000
     0.538416     1.119176     0.000000
     0.564046     1.119176     0.000000
     0.589670     1.119174     0.000000
     0.615300     1.119173     0.000000
     0.640924     1.119172     0.000000
     0.666553     1.119170     0.000000
     0.692178     1.119169     0.000000
     0.717806     1.119166     0.000000
     0.743431     1.119165     0.000000
     0.769059     1.119161     0.000000
     0.794685     1.119158     0.000000
     0.820312     1.119153     0.000000
     0.845938     1.119151     0.000000
     0.871564     1.119144     0.000000
     0.897191     1.119141     0.000000
     0.922817     1.119133     0.000000
     0.948444     1.119129     0.000000
     0.974070     1.119121     0.000000
     0.999698     1.119117     0.000000
     0.000255     1.144653     0.000000
     0.025885     1.144660     0.000000
     0.051515     1.144660     0.000000
     0.077145     1.144666     0.000000
     0.102773     1.144662     0.000000
     0.128400     1.144666     0.000000
     0.154026     1.144658     0.000000
     0.179653     1.144660     0.000000
     0.205278     1.144650     0.000000
     0.230905     1.144652     0.000000
     0.256530     1.144641     0.000000
     0.282158     1.144644     0.000000
     0.307781     1.144634     0.000000
     0.333410     1.144639     0.000000
     0.359033     1.144630     0.000000
     0.384662     1.144634     0.000000
     0.410285     1.144627     0.000000
     0.435915     1.144631     0.000000
     0.461538     1.144625     0.000000
     0.487168     1.144629     0.000000
     0.512792     1.144623     0.000000
     0.538422     1.144626     0.000000
     0.564046     1.144622     0.000000
     0.589676     1.144624     0.000000
     0.615300     1.144620     0.000000
     0.640929     1.144621     0.000000
     0.666554     1.144617     0.000000
     0.692183     1.144617     0.000000
     0.717808     1.144613     0.000000
     0.743436     1.144612     0.000000
     0.769061     1.144608     0.000000
     0.794689     1.144605     0.000000
     0.820314     1.144600     0.000000
     0.845941     1.144595     0.000000
     0.871567     1.144590     0.000000
     0.897193     1.144582     0.000000
     0.922819     1.144576     0.000000
     0.948446     1.144567     0.000000
     0.974073     1.144560     0.000000
     0.999699     1.144549     0.000000
     0.000247     1.170117     0.000000
     0.025879     1.170118     0.000000
     0.051508     1.170121     0.000000
     0.077138     1.170119     0.000000
     0.102766     1.170119     0.000000
     0.128396     1.170117     0.000000
     0.154023     1.170117     0.000000
     0.179651     1.170113     0.000000
     0.205278     1.170115     0.000000
     0.230904     1.170110     0.000000
     0.256531     1.170112     0.000000
     0.282156     1.170107     0.000000
     0.307784     1.170108     0.000000
     0.333408     1.170103     0.000000
     0.359037     1.170105     0.000000
     0.384661     1.170100     0.000000
     0.410291     1.170102     0.000000
     0.435915     1.170098     0.000000
     0.461545     1.170099     0.000000
     0.487170     1.170097     0.000000
     0.512800     1.170097     0.000000
     0.538425     1.170095     0.000000
     0.564055     1.170095     0.000000
     0.589680     1.170093     0.000000
     0.615310     1.170093     0.000000
     0.640936     1.170091     0.000000
     0.666566     1.170090     0.000000
     0.692191     1.170088     0.000000
     0.717821     1.170085     0.000000
     0.743446     1.170083     0.000000
     0.769075     1.170080     0.000000
     0.794701     1.170077     0.000000
     0.820328     1.170072     0.000000
     0.845954     1.170068     0.000000
     0.871581     1.170061     0.000000
     0.897208     1.170057     0.000000
     0.922834     1.170049     0.000000
     0.948461     1.170044     0.000000
     0.974086     1.170034     0.000000
     0.999715     1.170029     0.000000
     0.000246     1.195547     0.000000
     0.025875     1.195557     0.000000
     0.051505     1.195560     0.000000
     0.077134     1.195568     0.000000
     0.102762     1.195567     0.000000
     0.128390     1.195572     0.000000
     0.154017     1.195568     0.000000
     0.179644     1.195571     0.000000
     0.205270     1.195564     0.000000
     0.230898     1.195566     0.000000
     0.256524     1.195558     0.000000
     0.282153     1.195561     0.000000
     0.307778     1.195553     0.000000
     0.333408     1.195556     0.000000
     0.359033     1.195549     0.000000
     0.384663     1.195553     0.000000
     0.410288     1.195546     0.000000
     0.435918     1.195550     0.000000
     0.461543     1.195544     0.000000
     0.487174     1.195547     0.000000
     0.512799     1.195542     0.000000
     0.538430     1.195545     0.000000
     0.564055     1.195541     0.000000
     0.589686     1.195542     0.000000
     0.615311     1.195539     0.000000
     0.640942     1.195540     0.000000
     0.666567     1.195536     0.000000
     0.692197     1.195536     0.000000
     0.717822     1.195532     0.000000
     0.743452     1.195530     0.000000
     0.769077     1.195526     0.000000
     0.794705     1.195523     0.000000
     0.820331     1.195518     0.000000
     0.845958     1.195513     0.000000
     0.871584     1.195507     0.000000
     0.897211     1.195499     0.000000
     0.922837     1.195492     0.000000
     0.948463     1.195481     0.000000
     0.974090     1.195473     0.000000
     0.999717     1.195460     0.000000
     0.000232     1.221013     0.000000
     0.025864     1.221017     0.000000
     0.051493     1.221022     0.000000
     0.077123     1.221023     0.000000
     0.102751     1.221026     0.000000
     0.128381     1.221026     0.000000
     0.154009     1.221028     0.000000
     0.179638     1.221026     0.000000
     0.205266     1.221028     0.000000
     0.230894     1.221025     0.000000
     0.256522     1.221027     0.000000
     0.282149     1.221023     0.000000
     0.307778     1.221025     0.000000
     0.333405     1.221021     0.000000
     0.359034     1.221022     0.000000
     0.384661     1.221018     0.000000
     0.410291     1.221019     0.000000
     0.435918     1.221016     0.000000
     0.461548     1.221017     0.000000
     0.487175     1.221015     0.000000
     0.512806     1.221015     0.000000
     0.538433     1.221013     0.000000
     0.564064     1.221013     0.000000
     0.589691     1.221011     0.000000
     0.615322     1.221011     0.000000
     0.640949     1.221009     0.000000
     0.666579     1.221008     0.000000
     0.692207     1.221006     0.000000
     0.717837     1.221004     0.000000
     0.743464     1.221002     0.000000
     0.769093     1.220998     0.000000
     0.794720     1.220995     0.000000
     0.820348     1.220990     0.000000
     0.845975     1.220986     0.000000
     0.871601     1.220980     0.000000
     0.897228     1.220974     0.000000
     0.922854     1.220965     0.000000
     0.948481     1.220958     0.000000
     0.974107     1.220948     0.000000
     0.999735     1.220941     0.000000
     0.000231     1.246443     0.000000
     0.025860     1.246456     0.000000
     0.051490     1.246462     0.000000
     0.077118     1.246471     0.000000
     0.102747     1.246473     0.000000
     0.128375     1.246479     0.000000
     0.154002     1.246477     0.000000
     0.179630     1.246481     0.000000
     0.205258     1.246476     0.000000
     0.230887     1.246479     0.000000
     0.256514     1.246472     0.000000
     0.282144     1.246475     0.000000
     0.307772     1.246469     0.000000
     0.333402     1.246471     0.000000
     0.359029     1.246465     0.000000
     0.384661     1.246468     0.000000
     0.410287     1.246463     0.000000
     0.435919     1.246466     0.000000
     0.461546     1.246461     0.000000
     0.487178     1.246463     0.000000
     0.512805     1.246459     0.000000
     0.538437     1.246461     0.000000
     0.564064     1.246458     0.000000
     0.589696     1.246459     0.000000
     0.615323     1.246456     0.000000
     0.640955     1.246456     0.000000
     0.666581     1.246453     0.000000
     0.692213     1.246453     0.000000
     0.717839     1.246450     0.000000
     0.743470     1.246448     0.000000
     0.769096     1.246445     0.000000
     0.794725     1.246441     0.000000
     0.820352     1.246437     0.000000
     0.845979     1.246431     0.000000
     0.871606     1.246426     0.000000
     0.897232     1.246417     0.000000
     0.922859     1.246409     0.000000
     0.948485     1.246397     0.000000
     0.974112     1.246388     0.000000
     0.999738     1.246372     0.000000
     0.000212     1.271912     0.000000
     0.025844     1.271918     0.000000
     0.051472     1.271925     0.000000
     0.077102     1.271930     0.000000
     0.102730     1.271934     0.000000
     0.128361     1.271936     0.000000
     0.153990     1.271938     0.000000
     0.179620     1.271938     0.000000
     0.205249     1.271940     0.000000
     0.230879     1.271939     0.000000
     0.256509     1.271940     0.000000
     0.282138     1.271938     0.000000
     0.307768     1.271939     0.000000
     0.333397     1.271936     0.000000
     0.359028     1.271937     0.000000
     0.384657     1.271934     0.000000
     0.410289     1.271935     0.000000
     0.435918     1.271932     0.000000
     0.461550     1.271933     0.000000
     0.487179     1.271931     0.000000
     0.512811     1.271931     0.000000
     0.538440     1.271929     0.000000
     0.564072     1.271929     0.000000
     0.589702     1.271928     0.000000
     0.615334     1.271927     0.000000
     0.640963     1.271926     0.000000
     0.666595     1.271925     0.000000
     0.692224     1.271923     0.000000
     0.717855     1.271922     0.000000
     0.743484     1.271919     0.000000
     0.769114     1.271917     0.000000
     0.794742     1.271913     0.000000
     0.820371     1.271909     0.000000
     0.845999     1.271904     0.000000
     0.871626     1.271898     0.000000
     0.897254     1.271892     0.000000
     0.922880     1.271883     0.000000
     0.948507     1.271875     0.000000
     0.974132     1.271863     0.000000
     0.999760     1.271854     0.000000
     0.000211     1.297341     0.000000
     0.025839     1.297357     0.000000
     0.051469     1.297365     0.000000
     0.077097     1.297376     0.000000
     0.102725     1.297380     0.000000
     0.128354     1.297386     0.000000
     0.153982     1.297386     0.000000
     0.179612     1.297390     0.000000
     0.205240     1.297387     0.000000
     0.230871     1.297389     0.000000
     0.256500     1.297385     0.000000
     0.282132     1.297387     0.000000
     0.307761     1.297382     0.000000
     0.333394     1.297384     0.000000
     0.359023     1.297379     0.000000
     0.384656     1.297381     0.000000
     0.410285     1.297377     0.000000
     0.435918     1.297379     0.000000
     0.461547     1.297375     0.000000
     0.487181     1.297377     0.000000
     0.512810     1.297374     0.000000
     0.538444     1.297375     0.000000
     0.564073     1.297373     0.000000
     0.589706     1.297374     0.000000
     0.615335     1.297371     0.000000
     0.640968     1.297371     0.000000
     0.666597     1.297369     0.000000
     0.692230     1.297369     0.000000
     0.717858     1.297366     0.000000
     0.743490     1.297365     0.000000
     0.769118     1.297362     0.000000
     0.794749     1.297359     0.000000
     0.820376     1.297355     0.000000
     0.846005     1.297350     0.000000
     0.871632     1.297344     0.000000
     0.897259     1.297336     0.000000
     0.922886     1.297328     0.000000
     0.948512     1.297315     0.000000
     0.974138     1.297303     0.000000
     0.999764     1.297284     0.000000
     0.000185     1.322812     0.000000
     0.025816     1.322822     0.000000
     0.051444     1.322831     0.000000
     0.077075     1.322837     0.000000
     0.102703     1.322842     0.000000
     0.128335     1.322846     0.000000
     0.153964     1.322848     0.000000
     0.179597     1.322849     0.000000
     0.205227     1.322850     0.000000
     0.230860     1.322850     0.000000
     0.256491     1.322851     0.000000
     0.282123     1.322850     0.000000
     0.307755     1.322850     0.000000
     0.333387     1.322848     0.000000
     0.359019     1.322849     0.000000
     0.384651     1.322847     0.000000
     0.410284     1.322847     0.000000
     0.435916     1.322845     0.000000
     0.461549     1.322845     0.000000
     0.487181     1.322844     0.000000
     0.512815     1.322844     0.000000
     0.538447     1.322842     0.000000
     0.564080     1.322843     0.000000
     0.589712     1.322841     0.000000
     0.615346     1.322841     0.000000
     0.640977     1.322840     0.000000
     0.666611     1.322839     0.000000
     0.692242     1.322838     0.000000
     0.717875     1.322837     0.000000
     0.743506     1.322835     0.000000
     0.769138     1.322833     0.000000
     0.794768     1.322830     0.000000
     0.820399     1.322827     0.000000
     0.846028     1.322822     0.000000
     0.871657     1.322818     0.000000
     0.897285     1.322810     0.000000
     0.922912     1.322802     0.000000
     0.948539     1.322792     0.000000
     0.974164     1.322780     0.000000
     0.999792     1.322768     0.000000
     0.000183     1.348242     0.000000
     0.025810     1.348262     0.000000
     0.051439     1.348272     0.000000
     0.077067     1.348284     0.000000
     0.102696     1.348287     0.000000
     0.128326     1.348294     0.000000
     0.153956     1.348294     0.000000
     0.179587     1.348297     0.000000
     0.205218     1.348295     0.000000
     0.230851     1.348297     0.000000
     0.256482     1.348294     0.000000
     0.282116     1.348296     0.000000
     0.307748     1.348292     0.000000
     0.333382     1.348294     0.000000
     0.359014     1.348290     0.000000
     0.384649     1.348291     0.000000
     0.410281     1.348288     0.000000
     0.435916     1.348290     0.000000
     0.461547     1.348287     0.000000
     0.487182     1.348288     0.000000
     0.512814     1.348286     0.000000
     0.538449     1.348287     0.000000
     0.564081     1.348285     0.000000
     0.589716     1.348285     0.000000
     0.615348     1.348283     0.000000
     0.640983     1.348284     0.000000
     0.666614     1.348282     0.000000
     0.692249     1.348282     0.000000
     0.717879     1.348280     0.000000
     0.743513     1.348279     0.000000
     0.769144     1.348277     0.000000
     0.794776     1.348275     0.000000
     0.820406     1.348272     0.000000
     0.846037     1.348267     0.000000
     0.871665     1.348263     0.000000
     0.897294     1.348255     0.000000
     0.922920     1.348248     0.000000
     0.948546     1.348234     0.000000
     0.974172     1.348222     0.000000
     0.999796     1.348198     0.000000
     0.000149     1.373715     0.000000
     0.025780     1.373730     0.000000
     0.051407     1.373739     0.000000
     0.077038     1.373748     0.000000
     0.102668     1.373751     0.000000
     0.128301     1.373755     0.000000
     0.153933     1.373756     0.000000
     0.179568     1.373758     0.000000
     0.205201     1.373758     0.000000
     0.230836     1.373759     0.000000
     0.256469     1.373759     0.000000
     0.282104     1.373758     0.000000
     0.307738     1.373758     0.000000
     0.333373     1.373757     0.000000
     0.359008     1.373757     0.000000
     0.384642     1.373756     0.000000
     0.410278     1.373756     0.000000
     0.435912     1.373755     0.000000
     0.461548     1.373755     0.000000
     0.487182     1.373754     0.000000
     0.512818     1.373754     0.000000
     0.538452     1.373753     0.000000
     0.564088     1.373753     0.000000
     0.589722     1.373752     0.000000
     0.615358     1.373752     0.000000
     0.640992     1.373751     0.000000
     0.666628     1.373751     0.000000
     0.692262     1.373750     0.000000
     0.717897     1.373749     0.000000
     0.743531     1.373748     0.000000
     0.769165     1.373747     0.000000
     0.794798     1.373744     0.000000
     0.820431     1.373743     0.000000
     0.846063     1.373739     0.000000
     0.871694     1.373737     0.000000
     0.897325     1.373730     0.000000
     0.922953     1.373724     0.000000
     0.948581     1.373713     0.000000
     0.974205     1.373701     0.000000
     0.999833     1.373684     0.000000
     0.000145     1.399146     0.000000
     0.025770     1.399171     0.000000
     0.051398     1.399182     0.000000
     0.077028     1.399193     0.000000
     0.102658     1.399195     0.000000
     0.128290     1.399200     0.000000
     0.153923     1.399200     0.000000
     0.179557     1.399203     0.000000
     0.205191     1.399201     0.000000
     0.230826     1.399202     0.000000
     0.256461     1.399200     0.000000
     0.282097     1.399201     0.000000
     0.307732     1.399199     0.000000
     0.333368     1.399200     0.000000
     0.359003     1.399197     0.000000
     0.384639     1.399198     0.000000
     0.410274     1.399196     0.000000
     0.435911     1.399197     0.000000
     0.461546     1.399195     0.000000
     0.487183     1.399196     0.000000
     0.512817     1.399194     0.000000
     0.538454     1.399195     0.000000
     0.564089     1.399193     0.000000
     0.589726     1.399194     0.000000
     0.615361     1.399193     0.000000
     0.640997     1.399193     0.000000
     0.666632     1.399192     0.000000
     0.692268     1.399192     0.000000
     0.717902     1.399191     0.000000
     0.743538     1.399190     0.000000
     0.769172     1.399189     0.000000
     0.794807     1.399188     0.000000
     0.820440     1.399186     0.000000
     0.846074     1.399183     0.000000
     0.871704     1.399181     0.000000
     0.897336     1.399175     0.000000
     0.922964     1.399170     0.000000
     0.948592     1.399157     0.000000
     0.974216     1.399145     0.000000
     0.999839     1.399117     0.000000
     0.000100     1.424624     0.000000
     0.025729     1.424646     0.000000
     0.051358     1.424649     0.000000
     0.076991     1.424659     0.000000
     0.102624     1.424659     0.000000
     0.128260     1.424663     0.000000
     0.153896     1.424662     0.000000
     0.179533     1.424663     0.000000
     0.205170     1.424663     0.000000
     0.230808     1.424663     0.000000
     0.256445     1.424663     0.000000
     0.282082     1.424663     0.000000
     0.307719     1.424663     0.000000
     0.333357     1.424662     0.000000
     0.358994     1.424662     0.000000
     0.384632     1.424662     0.000000
     0.410269     1.424662     0.000000
     0.435907     1.424661     0.000000
     0.461545     1.424661     0.000000
     0.487182     1.424660     0.000000
     0.512820     1.424660     0.000000
     0.538457     1.424660     0.000000
     0.564095     1.424660     0.000000
     0.589732     1.424659     0.000000
     0.615370     1.424659     0.000000
     0.641007     1.424659     0.000000
     0.666645     1.424659     0.000000
     0.692282     1.424658     0.000000
     0.717920     1.424658     0.000000
     0.743557     1.424657     0.000000
     0.769194     1.424657     0.000000
     0.794831     1.424656     0.000000
     0.820467     1.424656     0.000000
     0.846103     1.424653     0.000000
     0.871738     1.424653     0.000000
     0.897372     1.424648     0.000000
     0.923004     1.424647     0.000000
     0.948635     1.424635     0.000000
     0.974262     1.424630     0.000000
     0.999887     1.424607     0.000000
     0.000090     1.450060     0.000000
     0.025714     1.450089     0.000000
     0.051342     1.450094     0.000000
     0.076977     1.450100     0.000000
     0.102612     1.450101     0.000000
     0.128248     1.450103     0.000000
     0.153886     1.450103     0.000000
     0.179522     1.450103     0.000000
     0.205161     1.450103     0.000000
     0.230798     1.450103     0.000000
     0.256437     1.450102     0.000000
     0.282075     1.450102     0.000000
     0.307713     1.450101     0.000000
     0.333351     1.450102     0.000000
     0.358990     1.450101     0.000000
     0.384628     1.450101     0.000000
     0.410266     1.450100     0.000000
     0.435905     1.450100     0.000000
     0.461543     1.450099     0.000000
     0.487182     1.450100     0.000000
     0.512820     1.450099     0.000000
     0.538458     1.450099     0.000000
     0.564096     1.450099     0.000000
     0.589735     1.450099     0.000000
     0.615373     1.450098     0.000000
     0.641012     1.450098     0.000000
     0.666650     1.450098     0.000000
     0.692288     1.450098     0.000000
     0.717926     1.450097     0.000000
     0.743564     1.450097     0.000000
     0.769202     1.450097     0.000000
     0.794839     1.450096     0.000000
     0.820477     1.450096     0.000000
     0.846114     1.450095     0.000000
     0.871750     1.450094     0.000000
     0.897386     1.450091     0.000000
     0.923019     1.450090     0.000000
     0.948653     1.450082     0.000000
     0.974278     1.450077     0.000000
     0.999900     1.450044     0.000000
     0.000029     1.475547     0.000000
     0.025651     1.475571     0.000000
     0.051300     1.475559     0.000000
     0.076933     1.475565     0.000000
     0.102578     1.475563     0.000000
     0.128215     1.475564     0.000000
     0.153857     1.475564     0.000000
     0.179496     1.475564     0.000000
     0.205137     1.475564     0.000000
     0.230777     1.475564     0.000000
     0.256418     1.475564     0.000000
     0.282058     1.475564     0.000000
     0.307698     1.475564     0.000000
     0.333338     1.475564     0.000000
     0.358979     1.475564     0.000000
     0.384619     1.475563     0.000000
     0.410259     1.475563     0.000000
     0.435899     1.475563     0.000000
     0.461540     1.475563     0.000000
     0.487180     1.475563     0.000000
     0.512821     1.475563     0.000000
     0.538461     1.475563     0.000000
     0.564101     1.475563     0.000000
     0.589741     1.475563     0.000000
     0.615382     1.475563     0.000000
     0.641022     1.475563     0.000000
     0.666663     1.475563     0.000000
     0.692303     1.475563     0.000000
     0.717943     1.475563     0.000000
     0.743583     1.475563     0.000000
     0.769224     1.475563     0.000000
     0.794863     1.475563     0.000000
     0.820505     1.475563     0.000000
     0.846143     1.475562     0.000000
     0.871786     1.475562     0.000000
     0.897422     1.475561     0.000000
     0.923067     1.475563     0.000000
     0.948698     1.475556     0.000000
     0.974348     1.475569     0.000000
     0.999966     1.475543     0.000000
     0.000000     1.501000     0.000000
     0.025641     1.501000     0.000000
     0.051282     1.501000     0.000000
     0.076923     1.501000     0.000000
     0.102564     1.501000     0.000000
     0.128205     1.501000     0.000000
     0.153846     1.501000     0.000000
     0.179487     1.501000     0.000000
     0.205128     1.501000     0.000000
     0.230769     1.501000     0.000000
     0.256410     1.501000     0.000000
     0.282051     1.501000     0.000000
     0.307692     1.501000     0.000000
     0.333333     1.501000     0.000000
     0.358974     1.501000     0.000000
     0.384615     1.501000     0.000000
     0.410256     1.501000     0.000000
     0.435897     1.501000     0.000000
     0.461538     1.501000     0.000000
     0.487179     1.501000     0.000000
     0.512821     1.501000     0.000000
     0.538462     1.501000     0.000000
     0.564103     1.501000     0.000000
     0.589744     1.501000     0.000000
     0.615385     1.501000     0.000000
     0.641026     1.501000     0.000000
     0.666667     1.501000     0.000000
     0.692308     1.501000     0.000000
     0.717949     1.501000     0.000000
     0.743590     1.501000     0.000000
     0.769231     1.501000     0.000000
     0.794872     1.501000     0.000000
     0.820513     1.501000     0.000000
     0.846154     1.501000     0.000000
     0.871795     1.501000     0.000000
     0.897436     1.501000     0.000000
     0.923077     1.501000     0.000000
     0.948718     1.501000     0.000000
     0.974359     1.501000     0.000000
     1.000000     1.501000     0.000000
