                 6.885808                 0.000000
                 7.029291                 0.000001
                 7.264711                 0.000001
                 7.590415                 0.000002
                 8.009674                 0.000004
                 8.523792                 0.000005
                 9.129777                 0.000007
                 9.826952                 0.000009
                10.620418                 0.000012
                11.511536                 0.000015
                12.495761                 0.000018
                13.570336                 0.000021
                14.736991                 0.000025
                15.996899                 0.000029
                17.350389                 0.000033
                18.795915                 0.000038
                20.334878                 0.000043
                21.971093                 0.000048
                23.701571                 0.000053
                25.524049                 0.000059
                27.436774                 0.000065
                29.444059                 0.000072
                31.543775                 0.000078
                33.735050                 0.000085
                36.018217                 0.000092
                38.397456                 0.000100
                40.873901                 0.000108
                43.444058                 0.000116
                46.101763                 0.000124
                48.851611                 0.000133
                51.694678                 0.000142
                54.631960                 0.000151
                57.659612                 0.000161
                60.781374                 0.000171
                63.997297                 0.000181
                67.310945                 0.000192
                70.714437                 0.000202
                74.206404                 0.000214
                77.789986                 0.000225
                81.467689                 0.000237
                85.238500                 0.000249
                89.101062                 0.000261
                93.057013                 0.000273
                97.107365                 0.000286
               101.251800                 0.000299
               105.485154                 0.000313
               109.808056                 0.000326
               114.223622                 0.000340
               118.732986                 0.000355
               123.332303                 0.000369
               128.025192                 0.000384
               132.810303                 0.000399
               137.691312                 0.000415
               142.662399                 0.000431
               147.722162                 0.000447
               152.871072                 0.000463
               158.113774                 0.000480
               163.448361                 0.000497
               168.873389                 0.000514
               174.390871                 0.000531
               180.002323                 0.000549
               185.706310                 0.000567
               191.499924                 0.000586
               197.378809                 0.000604
               203.349880                 0.000623
               209.413671                 0.000643
               215.568816                 0.000662
               221.814257                 0.000682
               228.151500                 0.000702
               234.581977                 0.000722
               241.103035                 0.000743
               247.710714                 0.000764
               254.405185                 0.000785
               261.192086                 0.000807
               268.071379                 0.000829
               275.041181                 0.000851
               282.099573                 0.000873
               289.250336                 0.000896
               296.491112                 0.000919
               303.822323                 0.000942
               311.237992                 0.000966
               318.742846                 0.000990
               326.337832                 0.001014
               334.025638                 0.001039
               341.801149                 0.001063
               349.666427                 0.001088
               357.622007                 0.001114
               365.293112                 0.001139
               371.156399                 0.001165
               376.596050                 0.001191
               381.456433                 0.001218
               386.020156                 0.001244
               390.491614                 0.001271
               394.676213                 0.001299
               398.985151                 0.001326
               403.145428                 0.001354
               407.559292                 0.001382
               411.454152                 0.001411
               415.821074                 0.001439
               419.924410                 0.001468
               424.279254                 0.001498
               428.334261                 0.001527
               432.820639                 0.001557
               436.870628                 0.001587
               441.272286                 0.001617
               445.306047                 0.001648
               449.778007                 0.001679
               453.856016                 0.001710
               458.322990                 0.001742
               462.409016                 0.001774
               466.748118                 0.001806
               470.856401                 0.001838
               475.388149                 0.001871
               479.431866                 0.001903
               483.897968                 0.001937
               487.892821                 0.001970
               492.359154                 0.002004
               496.488913                 0.002038
               500.878147                 0.002072
               504.940506                 0.002107
               509.244385                 0.002142
               513.393445                 0.002177
               517.741399                 0.002212
               521.854917                 0.002248
               526.115739                 0.002284
               530.111437                 0.002320
               534.475733                 0.002356
               538.534123                 0.002393
               542.788362                 0.002430
               546.715118                 0.002467
               550.966181                 0.002505
               554.867673                 0.002543
               559.114475                 0.002581
               562.984567                 0.002619
               567.034227                 0.002658
               571.024168                 0.002697
               574.973439                 0.002736
               579.063906                 0.002775
               582.866776                 0.002815
               586.862272                 0.002855
               590.447352                 0.002895
               594.075079                 0.002936
               597.832196                 0.002977
               601.686215                 0.003018
               605.326090                 0.003059
               608.674430                 0.003101
               611.902984                 0.003143
               615.581262                 0.003185
               618.556669                 0.003227
               621.696920                 0.003270
               624.878904                 0.003313
               627.688171                 0.003356
               630.976704                 0.003399
               633.409898                 0.003443
               636.116069                 0.003487
               639.039441                 0.003531
               641.765467                 0.003576
               644.472868                 0.003620
               647.061971                 0.003665
               649.702095                 0.003711
               651.757192                 0.003756
               654.643647                 0.003802
               656.619012                 0.003848
               658.882789                 0.003894
               661.612201                 0.003941
               663.236573                 0.003988
               665.578660                 0.004035
               667.291357                 0.004082
               669.506776                 0.004130
               671.657419                 0.004178
               673.446014                 0.004226
               675.245500                 0.004274
               676.877107                 0.004323
               678.696320                 0.004372
               680.035750                 0.004421
               681.531848                 0.004470
               683.249289                 0.004520
               684.843903                 0.004570
               685.726829                 0.004620
               687.250232                 0.004670
               688.590336                 0.004721
               689.634689                 0.004772
               690.878077                 0.004823
               692.187638                 0.004874
               693.165993                 0.004926
               693.915947                 0.004978
               694.994271                 0.005030
               695.788533                 0.005082
               696.576214                 0.005135
               697.283489                 0.005188
               697.848729                 0.005241
               698.669847                 0.005294
               699.120410                 0.005348
               699.518037                 0.005401
               699.905298                 0.005455
               700.374049                 0.005510
               700.444956                 0.005564
               700.613504                 0.005619
               700.662343                 0.005674
               700.852597                 0.005729
               700.488672                 0.005785
               700.328862                 0.005841
               700.195941                 0.005897
               699.469481                 0.005953
               698.744213                 0.006009
               698.133875                 0.006066
               697.108087                 0.006123
               695.952681                 0.006180
               694.718338                 0.006238
               693.140725                 0.006295
               691.414222                 0.006353
               689.624257                 0.006411
               687.586259                 0.006470
               685.355166                 0.006528
               677.725239                 0.006587
               677.194219                 0.006646
               678.357295                 0.006705
               672.500613                 0.006765
               669.622420                 0.006825
               670.599894                 0.006885
               662.040859                 0.006945
               658.037800                 0.007005
               658.099215                 0.007066
               651.142092                 0.007127
               646.300520                 0.007188
               646.250600                 0.007249
               639.321648                 0.007311
               633.748511                 0.007372
               632.784987                 0.007434
               626.508803                 0.007497
               620.525650                 0.007559
               619.598979                 0.007622
               613.507610                 0.007685
               606.359088                 0.007748
               604.467061                 0.007811
               599.456060                 0.007875
               592.558298                 0.007938
               590.444550                 0.008002
               584.975839                 0.008066
               577.062831                 0.008131
               573.531632                 0.008196
               569.806761                 0.008260
               562.126628                 0.008325
               557.625085                 0.008391
               554.154917                 0.008456
               546.183189                 0.008522
               540.598473                 0.008588
               538.380106                 0.008654
               530.952478                 0.008720
               524.938749                 0.008787
               521.878442                 0.008853
               515.792344                 0.008920
               508.793955                 0.008988
               505.291613                 0.009055
               499.802378                 0.009123
               492.513250                 0.009190
               488.625789                 0.009258
               484.105155                 0.009327
               477.087199                 0.009395
               472.718396                 0.009464
               468.695852                 0.009532
               461.265339                 0.009601
               456.507188                 0.009671
               452.688033                 0.009740
               446.508314                 0.009810
               440.239463                 0.009879
               437.005208                 0.009949
               431.008835                 0.010020
               425.020006                 0.010090
               421.122264                 0.010161
               414.912707                 0.010231
               407.834582                 0.010302
               405.544730                 0.010374
               400.796468                 0.010445
               394.467085                 0.010516
               389.126730                 0.010588
               386.624430                 0.010660
               378.559409                 0.010732
               373.866581                 0.010805
               371.018960                 0.010877
               365.359947                 0.010950
               360.190178                 0.011023
               357.197393                 0.011096
               351.305904                 0.011169
               345.277741                 0.011243
               342.449786                 0.011316
               335.912483                 0.011390
               329.562155                 0.011464
               327.605937                 0.011538
               323.912273                 0.011613
               316.706580                 0.011687
               312.284029                 0.011762
               310.098582                 0.011837
               304.810537                 0.011912
               299.859963                 0.011987
               296.730485                 0.012063
               292.906074                 0.012138
               286.634575                 0.012214
               284.936687                 0.012290
               279.747332                 0.012366
               274.502047                 0.012443
               272.113684                 0.012519
               268.530240                 0.012596
               262.642199                 0.012673
               258.792147                 0.012750
               256.587747                 0.012827
               251.236825                 0.012904
               247.858806                 0.012982
               244.771565                 0.013060
               240.555470                 0.013137
               237.138515                 0.013215
               233.596141                 0.013294
               229.727225                 0.013372
               225.653724                 0.013451
               222.727885                 0.013529
               218.775517                 0.013608
               215.750385                 0.013687
               211.474945                 0.013766
               208.617042                 0.013846
               205.015598                 0.013925
               201.273830                 0.014005
               198.571151                 0.014085
               194.736130                 0.014165
               191.909905                 0.014245
               188.959316                 0.014325
               186.177972                 0.014405
               182.687087                 0.014486
               179.745578                 0.014567
               177.599436                 0.014648
               173.666000                 0.014729
               170.684550                 0.014810
               168.350416                 0.014891
               165.248613                 0.014973
               162.186415                 0.015054
               159.895623                 0.015136
               157.340387                 0.015218
               154.707708                 0.015300
               152.082168                 0.015382
               149.715591                 0.015465
               146.702338                 0.015547
               144.261532                 0.015630
               141.719768                 0.015713
               139.072298                 0.015796
               137.251125                 0.015879
               134.537115                 0.015962
               132.057514                 0.016045
               129.681498                 0.016129
               126.160808                 0.016213
               124.556067                 0.016296
               122.001301                 0.016380
               121.077967                 0.016464
               118.272835                 0.016548
               116.318844                 0.016633
               114.182309                 0.016717
               111.230669                 0.016802
               109.672195                 0.016886
               108.660954                 0.016971
               106.704894                 0.017056
               104.164343                 0.017141
               102.428205                 0.017227
               101.092812                 0.017312
                98.939636                 0.017397
                96.961602                 0.017483
                94.716668                 0.017569
                93.069336                 0.017654
                91.688430                 0.017740
                89.693660                 0.017827
                87.764533                 0.017913
                85.935733                 0.017999
                84.248884                 0.018085
                81.007099                 0.018172
                79.749620                 0.018259
                78.659929                 0.018345
                78.849155                 0.018432
                76.315301                 0.018519
                73.056734                 0.018607
                73.241190                 0.018694
                73.743053                 0.018781
                70.112867                 0.018869
                68.201365                 0.018956
                67.864645                 0.019044
                66.313483                 0.019132
                66.443990                 0.019220
                64.863019                 0.019308
                63.594125                 0.019396
                62.923878                 0.019484
                61.179730                 0.019572
                60.210942                 0.019661
                58.906132                 0.019749
                56.773558                 0.019838
                55.601009                 0.019927
                53.880823                 0.020015
                54.317610                 0.020104
                51.972249                 0.020193
                52.330602                 0.020282
                51.218993                 0.020372
                50.572911                 0.020461
                46.807623                 0.020550
                46.662097                 0.020640
                48.307760                 0.020729
                43.652959                 0.020819
                45.231327                 0.020909
                44.285510                 0.020999
                42.022809                 0.021089
                43.153723                 0.021179
                41.558366                 0.021269
                41.438126                 0.021359
                41.246527                 0.021449
                38.559061                 0.021540
                40.469878                 0.021630
                38.838179                 0.021721
                38.378572                 0.021811
                36.930800                 0.021902
                37.201939                 0.021993
                34.534142                 0.022084
                33.560401                 0.022175
                34.639927                 0.022266
                33.352636                 0.022357
                33.577522                 0.022448
                32.190656                 0.022539
                31.704633                 0.022631
                31.297842                 0.022722
                30.650743                 0.022813
                29.593595                 0.022905
                29.446119                 0.022997
                28.496710                 0.023088
                29.545811                 0.023180
                27.829848                 0.023272
                26.821988                 0.023364
                26.667235                 0.023456
                25.952371                 0.023548
                25.554535                 0.023640
                25.518361                 0.023732
                25.350987                 0.023824
                24.620055                 0.023916
                25.367173                 0.024009
                22.158938                 0.024101
                22.553747                 0.024193
                22.318061                 0.024286
                22.924396                 0.024378
                20.667492                 0.024471
                20.804051                 0.024564
                22.171127                 0.024656
                21.981285                 0.024749
                21.517188                 0.024842
                18.966814                 0.024935
                21.333044                 0.025028
                18.641472                 0.025121
                18.906606                 0.025214
                18.992516                 0.025307
                19.002770                 0.025400
                17.772206                 0.025493
                18.668399                 0.025586
                18.027249                 0.025680
                17.178961                 0.025773
                18.355432                 0.025866
                17.555143                 0.025960
                18.387129                 0.026053
                18.641061                 0.026146
                16.661877                 0.026240
                16.268960                 0.026333
                17.154920                 0.026427
                16.776124                 0.026521
                16.957305                 0.026614
                13.748298                 0.026708
                15.337565                 0.026802
                13.861837                 0.026895
                14.093195                 0.026989
                14.203203                 0.027083
                15.018278                 0.027177
                15.004043                 0.027271
                14.793462                 0.027364
                13.960678                 0.027458
                12.824918                 0.027552
                13.603510                 0.027646
                14.202564                 0.027740
                14.233399                 0.027834
                13.857762                 0.027928
                14.179213                 0.028022
                13.859949                 0.028116
                14.316975                 0.028210
                12.799454                 0.028304
                13.768383                 0.028398
                12.232817                 0.028493
                13.662301                 0.028587
                12.774748                 0.028681
                11.888389                 0.028775
                12.691752                 0.028869
                11.940437                 0.028963
                12.178031                 0.029058
                12.048849                 0.029152
                11.357085                 0.029246
                11.590011                 0.029340
                12.406545                 0.029434
                11.397453                 0.029529
                11.360804                 0.029623
                10.776603                 0.029717
                12.019295                 0.029811
                11.186988                 0.029906
                12.161770                 0.030000
