     0.000000    -0.000930     0.000000
     0.052632    -0.001034     0.000000
     0.105263    -0.001027     0.000000
     0.157895    -0.001074     0.000000
     0.210526    -0.001066     0.000000
     0.263158    -0.001088     0.000000
     0.315789    -0.001082     0.000000
     0.368421    -0.001089     0.000000
     0.421053    -0.001084     0.000000
     0.473684    -0.001083     0.000000
     0.526316    -0.001079     0.000000
     0.578947    -0.001071     0.000000
     0.631579    -0.001068     0.000000
     0.684211    -0.001050     0.000000
     0.736842    -0.001048     0.000000
     0.789474    -0.001017     0.000000
     0.842105    -0.001015     0.000000
     0.894737    -0.000959     0.000000
     0.947368    -0.000958     0.000000
     1.000000    -0.000844     0.000000
     0.000105     0.050820     0.000000
     0.052707     0.050729     0.000000
     0.105307     0.050724     0.000000
     0.157937     0.050685     0.000000
     0.210548     0.050687     0.000000
     0.263182     0.050668     0.000000
     0.315799     0.050672     0.000000
     0.368432     0.050666     0.000000
     0.421052     0.050670     0.000000
     0.473685     0.050671     0.000000
     0.526306     0.050675     0.000000
     0.578939     0.050683     0.000000
     0.631560     0.050687     0.000000
     0.684193     0.050703     0.000000
     0.736811     0.050708     0.000000
     0.789445     0.050735     0.000000
     0.842056     0.050742     0.000000
     0.894686     0.050791     0.000000
     0.947285     0.050805     0.000000
     0.999885     0.050905     0.000000
     0.000172     0.102622     0.000000
     0.052781     0.102572     0.000000
     0.105375     0.102541     0.000000
     0.157992     0.102510     0.000000
     0.210593     0.102506     0.000000
     0.263217     0.102490     0.000000
     0.315823     0.102493     0.000000
     0.368449     0.102487     0.000000
     0.421058     0.102490     0.000000
     0.473684     0.102492     0.000000
     0.526294     0.102495     0.000000
     0.578921     0.102504     0.000000
     0.631530     0.102507     0.000000
     0.684156     0.102525     0.000000
     0.736762     0.102530     0.000000
     0.789386     0.102558     0.000000
     0.841987     0.102571     0.000000
     0.894604     0.102614     0.000000
     0.947201     0.102654     0.000000
     0.999811     0.102713     0.000000
     0.000201     0.154374     0.000000
     0.052811     0.154335     0.000000
     0.105414     0.154311     0.000000
     0.158022     0.154282     0.000000
     0.210622     0.154274     0.000000
     0.263236     0.154258     0.000000
     0.315838     0.154258     0.000000
     0.368458     0.154251     0.000000
     0.421061     0.154255     0.000000
     0.473684     0.154255     0.000000
     0.526289     0.154260     0.000000
     0.578911     0.154266     0.000000
     0.631516     0.154273     0.000000
     0.684137     0.154286     0.000000
     0.736741     0.154297     0.000000
     0.789357     0.154319     0.000000
     0.841958     0.154338     0.000000
     0.894567     0.154372     0.000000
     0.947166     0.154407     0.000000
     0.999774     0.154454     0.000000
     0.000240     0.206172     0.000000
     0.052845     0.206145     0.000000
     0.105440     0.206122     0.000000
     0.158046     0.206105     0.000000
     0.210644     0.206094     0.000000
     0.263252     0.206087     0.000000
     0.315852     0.206083     0.000000
     0.368463     0.206081     0.000000
     0.421065     0.206080     0.000000
     0.473677     0.206084     0.000000
     0.526280     0.206085     0.000000
     0.578892     0.206095     0.000000
     0.631494     0.206098     0.000000
     0.684106     0.206115     0.000000
     0.736705     0.206124     0.000000
     0.789315     0.206148     0.000000
     0.841913     0.206167     0.000000
     0.894519     0.206201     0.000000
     0.947118     0.206234     0.000000
     0.999725     0.206270     0.000000
     0.000251     0.257935     0.000000
     0.052862     0.257920     0.000000
     0.105468     0.257902     0.000000
     0.158069     0.257881     0.000000
     0.210666     0.257872     0.000000
     0.263269     0.257858     0.000000
     0.315864     0.257858     0.000000
     0.368471     0.257850     0.000000
     0.421067     0.257853     0.000000
     0.473677     0.257852     0.000000
     0.526275     0.257857     0.000000
     0.578885     0.257862     0.000000
     0.631484     0.257871     0.000000
     0.684093     0.257881     0.000000
     0.736692     0.257895     0.000000
     0.789298     0.257912     0.000000
     0.841898     0.257934     0.000000
     0.894502     0.257956     0.000000
     0.947103     0.257987     0.000000
     0.999711     0.258011     0.000000
     0.000268     0.309725     0.000000
     0.052872     0.309709     0.000000
     0.105469     0.309700     0.000000
     0.158070     0.309698     0.000000
     0.210669     0.309690     0.000000
     0.263268     0.309691     0.000000
     0.315868     0.309684     0.000000
     0.368467     0.309686     0.000000
     0.421067     0.309681     0.000000
     0.473667     0.309687     0.000000
     0.526267     0.309686     0.000000
     0.578869     0.309695     0.000000
     0.631468     0.309699     0.000000
     0.684070     0.309713     0.000000
     0.736668     0.309722     0.000000
     0.789270     0.309743     0.000000
     0.841869     0.309760     0.000000
     0.894471     0.309786     0.000000
     0.947072     0.309808     0.000000
     0.999677     0.309833     0.000000
     0.000280     0.361501     0.000000
     0.052889     0.361499     0.000000
     0.105494     0.361494     0.000000
     0.158092     0.361477     0.000000
     0.210684     0.361476     0.000000
     0.263282     0.361462     0.000000
     0.315872     0.361464     0.000000
     0.368473     0.361457     0.000000
     0.421065     0.361460     0.000000
     0.473668     0.361458     0.000000
     0.526261     0.361462     0.000000
     0.578865     0.361466     0.000000
     0.631460     0.361473     0.000000
     0.684064     0.361482     0.000000
     0.736660     0.361494     0.000000
     0.789263     0.361507     0.000000
     0.841861     0.361525     0.000000
     0.894465     0.361540     0.000000
     0.947066     0.361563     0.000000
     0.999673     0.361574     0.000000
     0.000273     0.413279     0.000000
     0.052880     0.413271     0.000000
     0.105478     0.413279     0.000000
     0.158076     0.413294     0.000000
     0.210676     0.413291     0.000000
     0.263269     0.413300     0.000000
     0.315869     0.413291     0.000000
     0.368462     0.413297     0.000000
     0.421061     0.413288     0.000000
     0.473657     0.413296     0.000000
     0.526255     0.413291     0.000000
     0.578852     0.413301     0.000000
     0.631449     0.413302     0.000000
     0.684047     0.413315     0.000000
     0.736645     0.413321     0.000000
     0.789244     0.413339     0.000000
     0.841843     0.413350     0.000000
     0.894444     0.413370     0.000000
     0.947046     0.413382     0.000000
     0.999650     0.413401     0.000000
     0.000298     0.465067     0.000000
     0.052906     0.465075     0.000000
     0.105500     0.465090     0.000000
     0.158098     0.465074     0.000000
     0.210680     0.465084     0.000000
     0.263280     0.465070     0.000000
     0.315864     0.465074     0.000000
     0.368468     0.465067     0.000000
     0.421054     0.465068     0.000000
     0.473658     0.465067     0.000000
     0.526247     0.465069     0.000000
     0.578851     0.465073     0.000000
     0.631442     0.465077     0.000000
     0.684046     0.465085     0.000000
     0.736639     0.465093     0.000000
     0.789242     0.465102     0.000000
     0.841839     0.465115     0.000000
     0.894443     0.465124     0.000000
     0.947044     0.465140     0.000000
     0.999650     0.465144     0.000000
     0.000263     0.516825     0.000000
     0.052875     0.516836     0.000000
     0.105471     0.516866     0.000000
     0.158067     0.516900     0.000001
     0.210665     0.516897     0.000000
     0.263259     0.516913     0.000000
     0.315856     0.516899     0.000000
     0.368454     0.516909     0.000000
     0.421049     0.516897     0.000000
     0.473648     0.516905     0.000000
     0.526242     0.516898     0.000000
     0.578841     0.516908     0.000000
     0.631435     0.516905     0.000000
     0.684035     0.516917     0.000000
     0.736630     0.516919     0.000000
     0.789231     0.516933     0.000000
     0.841829     0.516938     0.000000
     0.894430     0.516954     0.000000
     0.947032     0.516960     0.000000
     0.999636     0.516973     0.000000
     0.000307     0.568618     0.000000
     0.052914     0.568657     0.000000
     0.105473     0.568702     0.000001
     0.158084     0.568678     0.000002
     0.210645     0.568694     0.000001
     0.263269     0.568679     0.000000
     0.315841     0.568682     0.000000
     0.368460     0.568675     0.000000
     0.421037     0.568676     0.000000
     0.473651     0.568675     0.000000
     0.526233     0.568675     0.000000
     0.578842     0.568678     0.000000
     0.631429     0.568680     0.000000
     0.684035     0.568686     0.000000
     0.736626     0.568690     0.000000
     0.789231     0.568696     0.000000
     0.841826     0.568704     0.000000
     0.894431     0.568708     0.000000
     0.947031     0.568718     0.000000
     0.999636     0.568717     0.000000
     0.000215     0.620335     0.000008
     0.052833     0.620443     0.000014
     0.105427     0.620467     0.000006
     0.158037     0.620527     0.000001
     0.210634     0.620502     0.000000
     0.263246     0.620522     0.000000
     0.315836     0.620505     0.000000
     0.368448     0.620515     0.000000
     0.421035     0.620504     0.000000
     0.473644     0.620511     0.000000
     0.526230     0.620505     0.000000
     0.578837     0.620511     0.000000
     0.631425     0.620509     0.000000
     0.684030     0.620516     0.000000
     0.736621     0.620517     0.000000
     0.789225     0.620526     0.000000
     0.841821     0.620527     0.000000
     0.894424     0.620537     0.000000
     0.947025     0.620539     0.000000
     0.999628     0.620548     0.000000
     0.052829     0.672267     0.000049
     0.105380     0.672325     0.000019
     0.158043     0.672282     0.000000
     0.210610     0.672297     0.000000
     0.263253     0.672281     0.000000
     0.315824     0.672285     0.000000
     0.368452     0.672279     0.000000
     0.421027     0.672281     0.000000
     0.473646     0.672279     0.000000
     0.526226     0.672281     0.000000
     0.578838     0.672281     0.000000
     0.631422     0.672284     0.000000
     0.684030     0.672284     0.000000
     0.736620     0.672288     0.000000
     0.789225     0.672288     0.000000
     0.841820     0.672293     0.000000
     0.894425     0.672292     0.000000
     0.947025     0.672298     0.000000
     0.999629     0.672294     0.000000
     0.052831     0.724138     0.000050
     0.105378     0.724079     0.000019
     0.158045     0.724120     0.000000
     0.210609     0.724102     0.000000
     0.263254     0.724116     0.000000
     0.315823     0.724109     0.000000
     0.368453     0.724114     0.000000
     0.421027     0.724111     0.000000
     0.473646     0.724112     0.000000
     0.526225     0.724111     0.000000
     0.578838     0.724112     0.000000
     0.631422     0.724112     0.000000
     0.684030     0.724114     0.000000
     0.736619     0.724114     0.000000
     0.789224     0.724117     0.000000
     0.841819     0.724117     0.000000
     0.894423     0.724121     0.000000
     0.947024     0.724119     0.000000
     0.999627     0.724126     0.000000
     0.000214     0.776076     0.000009
     0.052829     0.775966     0.000015
     0.105426     0.775938     0.000006
     0.158035     0.775874     0.000001
     0.210633     0.775897     0.000000
     0.263245     0.775874     0.000000
     0.315836     0.775889     0.000000
     0.368447     0.775878     0.000000
     0.421034     0.775888     0.000000
     0.473642     0.775881     0.000000
     0.526229     0.775888     0.000000
     0.578835     0.775882     0.000000
     0.631424     0.775887     0.000000
     0.684028     0.775882     0.000000
     0.736620     0.775885     0.000000
     0.789224     0.775879     0.000000
     0.841820     0.775883     0.000000
     0.894423     0.775876     0.000000
     0.947024     0.775879     0.000000
     0.999627     0.775871     0.000000
     0.000310     0.827791     0.000000
     0.052917     0.827750     0.000000
     0.105475     0.827701     0.000001
     0.158086     0.827723     0.000002
     0.210645     0.827703     0.000001
     0.263270     0.827718     0.000000
     0.315840     0.827711     0.000000
     0.368460     0.827717     0.000000
     0.421036     0.827716     0.000000
     0.473650     0.827717     0.000000
     0.526231     0.827717     0.000000
     0.578841     0.827715     0.000000
     0.631426     0.827715     0.000000
     0.684032     0.827712     0.000000
     0.736623     0.827711     0.000000
     0.789227     0.827709     0.000000
     0.841822     0.827706     0.000000
     0.894427     0.827706     0.000000
     0.947027     0.827700     0.000000
     0.999631     0.827704     0.000000
     0.000263     0.879589     0.000000
     0.052875     0.879574     0.000000
     0.105470     0.879540     0.000000
     0.158066     0.879503     0.000001
     0.210665     0.879502     0.000000
     0.263259     0.879483     0.000000
     0.315856     0.879495     0.000000
     0.368452     0.879483     0.000000
     0.421048     0.879495     0.000000
     0.473645     0.879486     0.000000
     0.526239     0.879494     0.000000
     0.578837     0.879485     0.000000
     0.631431     0.879490     0.000000
     0.684030     0.879481     0.000000
     0.736626     0.879483     0.000000
     0.789226     0.879472     0.000000
     0.841824     0.879472     0.000000
     0.894426     0.879460     0.000000
     0.947027     0.879460     0.000000
     0.999630     0.879449     0.000000
     0.000305     0.931345     0.000000
     0.052911     0.931333     0.000000
     0.105505     0.931313     0.000000
     0.158102     0.931327     0.000000
     0.210683     0.931314     0.000000
     0.263283     0.931326     0.000000
     0.315866     0.931318     0.000000
     0.368469     0.931326     0.000000
     0.421053     0.931323     0.000000
     0.473657     0.931325     0.000000
     0.526244     0.931323     0.000000
     0.578847     0.931321     0.000000
     0.631436     0.931318     0.000000
     0.684039     0.931313     0.000000
     0.736632     0.931308     0.000000
     0.789234     0.931302     0.000000
     0.841831     0.931295     0.000000
     0.894434     0.931291     0.000000
     0.947035     0.931280     0.000000
     0.999639     0.931280     0.000000
     0.000277     0.983138     0.000000
     0.052884     0.983142     0.000000
     0.105482     0.983129     0.000000
     0.158079     0.983110     0.000000
     0.210680     0.983108     0.000000
     0.263272     0.983095     0.000000
     0.315871     0.983104     0.000000
     0.368462     0.983095     0.000000
     0.421061     0.983104     0.000000
     0.473653     0.983095     0.000000
     0.526251     0.983101     0.000000
     0.578845     0.983092     0.000000
     0.631442     0.983094     0.000000
     0.684038     0.983082     0.000000
     0.736635     0.983080     0.000000
     0.789233     0.983066     0.000000
     0.841833     0.983061     0.000000
     0.894433     0.983045     0.000000
     0.947035     0.983039     0.000000
     0.999638     0.983025     0.000000
     0.000294     1.034915     0.000000
     0.052901     1.034911     0.000000
     0.105505     1.034911     0.000000
     0.158103     1.034924     0.000000
     0.210694     1.034921     0.000000
     0.263290     1.034932     0.000000
     0.315879     1.034928     0.000000
     0.368477     1.034936     0.000000
     0.421066     1.034932     0.000000
     0.473666     1.034934     0.000000
     0.526257     1.034930     0.000000
     0.578857     1.034928     0.000000
     0.631450     1.034921     0.000000
     0.684050     1.034916     0.000000
     0.736645     1.034906     0.000000
     0.789246     1.034897     0.000000
     0.841844     1.034884     0.000000
     0.894447     1.034876     0.000000
     0.947048     1.034859     0.000000
     0.999653     1.034855     0.000000
     0.000280     1.086698     0.000000
     0.052884     1.086708     0.000000
     0.105482     1.086710     0.000000
     0.158082     1.086705     0.000000
     0.210681     1.086709     0.000000
     0.263277     1.086704     0.000000
     0.315876     1.086711     0.000000
     0.368470     1.086706     0.000000
     0.421069     1.086713     0.000000
     0.473663     1.086706     0.000000
     0.526262     1.086709     0.000000
     0.578857     1.086699     0.000000
     0.631455     1.086698     0.000000
     0.684051     1.086685     0.000000
     0.736650     1.086678     0.000000
     0.789248     1.086661     0.000000
     0.841848     1.086650     0.000000
     0.894448     1.086630     0.000000
     0.947050     1.086617     0.000000
     0.999654     1.086599     0.000000
     0.000278     1.138487     0.000000
     0.052887     1.138491     0.000000
     0.105493     1.138503     0.000000
     0.158093     1.138517     0.000000
     0.210689     1.138524     0.000000
     0.263287     1.138536     0.000000
     0.315880     1.138537     0.000000
     0.368480     1.138544     0.000000
     0.421073     1.138541     0.000000
     0.473674     1.138543     0.000000
     0.526269     1.138538     0.000000
     0.578871     1.138535     0.000000
     0.631466     1.138526     0.000000
     0.684069     1.138518     0.000000
     0.736665     1.138505     0.000000
     0.789267     1.138493     0.000000
     0.841865     1.138474     0.000000
     0.894469     1.138460     0.000000
     0.947070     1.138436     0.000000
     0.999677     1.138425     0.000000
     0.000271     1.190258     0.000000
     0.052875     1.190275     0.000000
     0.105472     1.190289     0.000000
     0.158074     1.190297     0.000000
     0.210672     1.190307     0.000000
     0.263273     1.190309     0.000000
     0.315871     1.190317     0.000000
     0.368472     1.190315     0.000000
     0.421071     1.190319     0.000000
     0.473672     1.190314     0.000000
     0.526272     1.190315     0.000000
     0.578873     1.190306     0.000000
     0.631473     1.190302     0.000000
     0.684074     1.190287     0.000000
     0.736672     1.190278     0.000000
     0.789274     1.190257     0.000000
     0.841872     1.190240     0.000000
     0.894474     1.190214     0.000000
     0.947076     1.190192     0.000000
     0.999680     1.190168     0.000000
     0.000251     1.242055     0.000000
     0.052861     1.242071     0.000000
     0.105466     1.242093     0.000000
     0.158069     1.242112     0.000000
     0.210668     1.242125     0.000000
     0.263271     1.242139     0.000000
     0.315868     1.242142     0.000000
     0.368475     1.242149     0.000000
     0.421072     1.242147     0.000000
     0.473681     1.242148     0.000000
     0.526280     1.242143     0.000000
     0.578890     1.242139     0.000000
     0.631489     1.242130     0.000000
     0.684097     1.242120     0.000000
     0.736696     1.242105     0.000000
     0.789302     1.242089     0.000000
     0.841901     1.242066     0.000000
     0.894505     1.242045     0.000000
     0.947106     1.242013     0.000000
     0.999714     1.241990     0.000000
     0.000242     1.293815     0.000000
     0.052846     1.293843     0.000000
     0.105442     1.293868     0.000000
     0.158048     1.293889     0.000000
     0.210645     1.293901     0.000000
     0.263254     1.293911     0.000000
     0.315854     1.293916     0.000000
     0.368466     1.293919     0.000000
     0.421068     1.293920     0.000000
     0.473681     1.293917     0.000000
     0.526283     1.293916     0.000000
     0.578896     1.293906     0.000000
     0.631497     1.293902     0.000000
     0.684109     1.293886     0.000000
     0.736708     1.293877     0.000000
     0.789317     1.293852     0.000000
     0.841915     1.293833     0.000000
     0.894521     1.293800     0.000000
     0.947121     1.293766     0.000000
     0.999727     1.293731     0.000000
     0.000202     1.345617     0.000000
     0.052811     1.345656     0.000000
     0.105413     1.345683     0.000000
     0.158021     1.345711     0.000000
     0.210623     1.345722     0.000000
     0.263237     1.345738     0.000000
     0.315840     1.345740     0.000000
     0.368460     1.345747     0.000000
     0.421064     1.345745     0.000000
     0.473686     1.345745     0.000000
     0.526291     1.345741     0.000000
     0.578914     1.345734     0.000000
     0.631519     1.345728     0.000000
     0.684140     1.345715     0.000000
     0.736743     1.345704     0.000000
     0.789360     1.345682     0.000000
     0.841961     1.345663     0.000000
     0.894569     1.345629     0.000000
     0.947168     1.345594     0.000000
     0.999776     1.345547     0.000000
     0.000173     1.397368     0.000000
     0.052781     1.397418     0.000000
     0.105376     1.397451     0.000000
     0.157993     1.397483     0.000000
     0.210594     1.397489     0.000000
     0.263218     1.397506     0.000000
     0.315824     1.397505     0.000000
     0.368450     1.397512     0.000000
     0.421059     1.397509     0.000000
     0.473686     1.397508     0.000000
     0.526295     1.397506     0.000000
     0.578923     1.397496     0.000000
     0.631531     1.397494     0.000000
     0.684158     1.397476     0.000000
     0.736763     1.397471     0.000000
     0.789387     1.397442     0.000000
     0.841988     1.397430     0.000000
     0.894605     1.397387     0.000000
     0.947202     1.397347     0.000000
     0.999812     1.397289     0.000000
     0.000106     1.449171     0.000000
     0.052707     1.449262     0.000000
     0.105307     1.449268     0.000000
     0.157937     1.449309     0.000000
     0.210549     1.449308     0.000000
     0.263182     1.449327     0.000000
     0.315799     1.449325     0.000000
     0.368432     1.449332     0.000000
     0.421053     1.449329     0.000000
     0.473685     1.449329     0.000000
     0.526307     1.449325     0.000000
     0.578940     1.449318     0.000000
     0.631560     1.449313     0.000000
     0.684194     1.449298     0.000000
     0.736811     1.449292     0.000000
     0.789445     1.449265     0.000000
     0.842056     1.449258     0.000000
     0.894686     1.449210     0.000000
     0.947285     1.449196     0.000000
     0.999885     1.449097     0.000000
     0.000000     1.500921     0.000000
     0.052632     1.501026     0.000000
     0.105263     1.501019     0.000000
     0.157895     1.501067     0.000000
     0.210526     1.501061     0.000000
     0.263158     1.501083     0.000000
     0.315789     1.501079     0.000000
     0.368421     1.501087     0.000000
     0.421053     1.501084     0.000000
     0.473684     1.501083     0.000000
     0.526316     1.501080     0.000000
     0.578947     1.501071     0.000000
     0.631579     1.501068     0.000000
     0.684211     1.501051     0.000000
     0.736842     1.501048     0.000000
     0.789474     1.501018     0.000000
     0.842105     1.501016     0.000000
     0.894737     1.500960     0.000000
     0.947368     1.500959     0.000000
     1.000000     1.500845     0.000000
