                 0.000000                 0.000639
                 0.051724                 0.000844
                 0.103448                 0.001069
                 0.155172                 0.001355
                 0.206897                 0.001689
                 0.258621                 0.001987
                 0.310345                 0.004669
                 0.362069                 0.025200
                 0.413793                 0.084949
                 0.465517                 0.170682
                 0.517241                 0.235993
                 0.568966                 0.246469
                 0.620690                 0.192910
                 0.672414                 0.103071
                 0.724138                 0.036985
                 0.775862                 0.036809
                 0.827586                 0.102770
                 0.879310                 0.192943
                 0.931034                 0.246914
                 0.982759                 0.236536
                 1.034483                 0.170961
                 1.086207                 0.084898
                 1.137931                 0.025010
                 1.189655                 0.004511
                 1.241379                 0.001924
                 1.293103                 0.001689
                 1.344828                 0.001381
                 1.396552                 0.001102
                 1.448276                 0.000876
                 1.500000                 0.000673
