1.000E-02 4.000E+00 0.400E+00 8.076E+04  1.750E+05 3.000E+04 1.000E+02 1.000E-00 3.350E+02 1.000E-06 1202  
  418       0.4358974397182465       0.2542372941970825
  419       0.4615384638309479       0.2542372941970825
  420       0.4871794879436493       0.2542372941970825
  421       0.5128205418586731       0.2542372941970825
  422       0.5384615659713745       0.2542372941970825
  423       0.5641025900840759       0.2542372941970825
  454       0.3333333432674408       0.2796610146760941
  455       0.3589743673801422       0.2796610146760941
  456       0.3846153914928436       0.2796610146760941
  457       0.4102564156055450       0.2796610146760941
  458       0.4358974397182465       0.2796610146760941
  459       0.4615384638309479       0.2796610146760941
  460       0.4871794879436493       0.2796610146760941
  461       0.5128205418586731       0.2796610146760941
  462       0.5384615659713745       0.2796610146760941
  463       0.5641025900840759       0.2796610146760941
  464       0.5897436141967773       0.2796610146760941
  465       0.6153846383094788       0.2796610146760941
  466       0.6410256624221802       0.2796610146760941
  467       0.6666666865348816       0.2796610146760941
  492       0.2820512950420380       0.3050847351551056
  493       0.3076923191547394       0.3050847351551056
  494       0.3333333432674408       0.3050847351551056
  495       0.3589743673801422       0.3050847351551056
  496       0.3846153914928436       0.3050847351551056
  497       0.4102564156055450       0.3050847351551056
  498       0.4358974397182465       0.3050847351551056
  499       0.4615384638309479       0.3050847351551056
  500       0.4871794879436493       0.3050847351551056
  501       0.5128205418586731       0.3050847351551056
  502       0.5384615659713745       0.3050847351551056
  503       0.5641025900840759       0.3050847351551056
  504       0.5897436141967773       0.3050847351551056
  505       0.6153846383094788       0.3050847351551056
  506       0.6410256624221802       0.3050847351551056
  507       0.6666666865348816       0.3050847351551056
  508       0.6923077106475830       0.3050847351551056
  509       0.7179487347602844       0.3050847351551056
  530       0.2307692319154739       0.3305084779858589
  531       0.2564102709293365       0.3305084779858589
  532       0.2820512950420380       0.3305084779858589
  533       0.3076923191547394       0.3305084779858589
  534       0.3333333432674408       0.3305084779858589
  535       0.3589743673801422       0.3305084779858589
  536       0.3846153914928436       0.3305084779858589
  537       0.4102564156055450       0.3305084779858589
  538       0.4358974397182465       0.3305084779858589
  539       0.4615384638309479       0.3305084779858589
  540       0.4871794879436493       0.3305084779858589
  541       0.5128205418586731       0.3305084779858589
  542       0.5384615659713745       0.3305084779858589
  543       0.5641025900840759       0.3305084779858589
  544       0.5897436141967773       0.3305084779858589
  545       0.6153846383094788       0.3305084779858589
  546       0.6410256624221802       0.3305084779858589
  547       0.6666666865348816       0.3305084779858589
  548       0.6923077106475830       0.3305084779858589
  549       0.7179487347602844       0.3305084779858589
  550       0.7435897588729858       0.3305084779858589
  551       0.7692307829856873       0.3305084779858589
  569       0.2051282078027725       0.3559321984648705
  570       0.2307692319154739       0.3559321984648705
  571       0.2564102709293365       0.3559321984648705
  572       0.2820512950420380       0.3559321984648705
  573       0.3076923191547394       0.3559321984648705
  574       0.3333333432674408       0.3559321984648705
  575       0.3589743673801422       0.3559321984648705
  576       0.3846153914928436       0.3559321984648705
  577       0.4102564156055450       0.3559321984648705
  578       0.4358974397182465       0.3559321984648705
  579       0.4615384638309479       0.3559321984648705
  580       0.4871794879436493       0.3559321984648705
  581       0.5128205418586731       0.3559321984648705
  582       0.5384615659713745       0.3559321984648705
  583       0.5641025900840759       0.3559321984648705
  584       0.5897436141967773       0.3559321984648705
  585       0.6153846383094788       0.3559321984648705
  586       0.6410256624221802       0.3559321984648705
  587       0.6666666865348816       0.3559321984648705
  588       0.6923077106475830       0.3559321984648705
  589       0.7179487347602844       0.3559321984648705
  590       0.7435897588729858       0.3559321984648705
  591       0.7692307829856873       0.3559321984648705
  592       0.7948718070983887       0.3559321984648705
  608       0.1794871836900711       0.3813559412956238
  609       0.2051282078027725       0.3813559412956238
  610       0.2307692319154739       0.3813559412956238
  611       0.2564102709293365       0.3813559412956238
  612       0.2820512950420380       0.3813559412956238
  613       0.3076923191547394       0.3813559412956238
  614       0.3333333432674408       0.3813559412956238
  615       0.3589743673801422       0.3813559412956238
  616       0.3846153914928436       0.3813559412956238
  617       0.4102564156055450       0.3813559412956238
  618       0.4358974397182465       0.3813559412956238
  619       0.4615384638309479       0.3813559412956238
  620       0.4871794879436493       0.3813559412956238
  621       0.5128205418586731       0.3813559412956238
  622       0.5384615659713745       0.3813559412956238
  623       0.5641025900840759       0.3813559412956238
  624       0.5897436141967773       0.3813559412956238
  625       0.6153846383094788       0.3813559412956238
  626       0.6410256624221802       0.3813559412956238
  627       0.6666666865348816       0.3813559412956238
  628       0.6923077106475830       0.3813559412956238
  629       0.7179487347602844       0.3813559412956238
  630       0.7435897588729858       0.3813559412956238
  631       0.7692307829856873       0.3813559412956238
  632       0.7948718070983887       0.3813559412956238
  633       0.8205128312110901       0.3813559412956238
  647       0.1538461595773697       0.4067796617746353
  648       0.1794871836900711       0.4067796617746353
  649       0.2051282078027725       0.4067796617746353
  650       0.2307692319154739       0.4067796617746353
  651       0.2564102709293365       0.4067796617746353
  652       0.2820512950420380       0.4067796617746353
  653       0.3076923191547394       0.4067796617746353
  654       0.3333333432674408       0.4067796617746353
  655       0.3589743673801422       0.4067796617746353
  656       0.3846153914928436       0.4067796617746353
  657       0.4102564156055450       0.4067796617746353
  658       0.4358974397182465       0.4067796617746353
  659       0.4615384638309479       0.4067796617746353
  660       0.4871794879436493       0.4067796617746353
  661       0.5128205418586731       0.4067796617746353
  662       0.5384615659713745       0.4067796617746353
  663       0.5641025900840759       0.4067796617746353
  664       0.5897436141967773       0.4067796617746353
  665       0.6153846383094788       0.4067796617746353
  666       0.6410256624221802       0.4067796617746353
  667       0.6666666865348816       0.4067796617746353
  668       0.6923077106475830       0.4067796617746353
  669       0.7179487347602844       0.4067796617746353
  670       0.7435897588729858       0.4067796617746353
  671       0.7692307829856873       0.4067796617746353
  672       0.7948718070983887       0.4067796617746353
  673       0.8205128312110901       0.4067796617746353
  674       0.8461538553237915       0.4067796617746353
  686       0.1282051354646683       0.4322033822536469
  687       0.1538461595773697       0.4322033822536469
  688       0.1794871836900711       0.4322033822536469
  689       0.2051282078027725       0.4322033822536469
  690       0.2307692319154739       0.4322033822536469
  691       0.2564102709293365       0.4322033822536469
  692       0.2820512950420380       0.4322033822536469
  693       0.3076923191547394       0.4322033822536469
  694       0.3333333432674408       0.4322033822536469
  695       0.3589743673801422       0.4322033822536469
  696       0.3846153914928436       0.4322033822536469
  697       0.4102564156055450       0.4322033822536469
  698       0.4358974397182465       0.4322033822536469
  699       0.4615384638309479       0.4322033822536469
  700       0.4871794879436493       0.4322033822536469
  701       0.5128205418586731       0.4322033822536469
  702       0.5384615659713745       0.4322033822536469
  703       0.5641025900840759       0.4322033822536469
  704       0.5897436141967773       0.4322033822536469
  705       0.6153846383094788       0.4322033822536469
  706       0.6410256624221802       0.4322033822536469
  707       0.6666666865348816       0.4322033822536469
  708       0.6923077106475830       0.4322033822536469
  709       0.7179487347602844       0.4322033822536469
  710       0.7435897588729858       0.4322033822536469
  711       0.7692307829856873       0.4322033822536469
  712       0.7948718070983887       0.4322033822536469
  713       0.8205128312110901       0.4322033822536469
  714       0.8461538553237915       0.4322033822536469
  715       0.8717948794364929       0.4322033822536469
  725       0.1025641039013863       0.4576271027326584
  726       0.1282051354646683       0.4576271027326584
  727       0.1538461595773697       0.4576271027326584
  728       0.1794871836900711       0.4576271027326584
  729       0.2051282078027725       0.4576271027326584
  730       0.2307692319154739       0.4576271027326584
  731       0.2564102709293365       0.4576271027326584
  732       0.2820512950420380       0.4576271027326584
  733       0.3076923191547394       0.4576271027326584
  734       0.3333333432674408       0.4576271027326584
  735       0.3589743673801422       0.4576271027326584
  736       0.3846153914928436       0.4576271027326584
  737       0.4102564156055450       0.4576271027326584
  738       0.4358974397182465       0.4576271027326584
  739       0.4615384638309479       0.4576271027326584
  740       0.4871794879436493       0.4576271027326584
  741       0.5128205418586731       0.4576271027326584
  742       0.5384615659713745       0.4576271027326584
  743       0.5641025900840759       0.4576271027326584
  744       0.5897436141967773       0.4576271027326584
  745       0.6153846383094788       0.4576271027326584
  746       0.6410256624221802       0.4576271027326584
  747       0.6666666865348816       0.4576271027326584
  748       0.6923077106475830       0.4576271027326584
  749       0.7179487347602844       0.4576271027326584
  750       0.7435897588729858       0.4576271027326584
  751       0.7692307829856873       0.4576271027326584
  752       0.7948718070983887       0.4576271027326584
  753       0.8205128312110901       0.4576271027326584
  754       0.8461538553237915       0.4576271027326584
  755       0.8717948794364929       0.4576271027326584
  756       0.8974359035491943       0.4576271027326584
  765       0.1025641039013863       0.4830508679151535
  766       0.1282051354646683       0.4830508679151535
  767       0.1538461595773697       0.4830508679151535
  768       0.1794871836900711       0.4830508679151535
  769       0.2051282078027725       0.4830508679151535
  770       0.2307692319154739       0.4830508679151535
  771       0.2564102709293365       0.4830508679151535
  772       0.2820512950420380       0.4830508679151535
  773       0.3076923191547394       0.4830508679151535
  774       0.3333333432674408       0.4830508679151535
  775       0.3589743673801422       0.4830508679151535
  776       0.3846153914928436       0.4830508679151535
  777       0.4102564156055450       0.4830508679151535
  778       0.4358974397182465       0.4830508679151535
  779       0.4615384638309479       0.4830508679151535
  780       0.4871794879436493       0.4830508679151535
  781       0.5128205418586731       0.4830508679151535
  782       0.5384615659713745       0.4830508679151535
  783       0.5641025900840759       0.4830508679151535
  784       0.5897436141967773       0.4830508679151535
  785       0.6153846383094788       0.4830508679151535
  786       0.6410256624221802       0.4830508679151535
  787       0.6666666865348816       0.4830508679151535
  788       0.6923077106475830       0.4830508679151535
  789       0.7179487347602844       0.4830508679151535
  790       0.7435897588729858       0.4830508679151535
  791       0.7692307829856873       0.4830508679151535
  792       0.7948718070983887       0.4830508679151535
  793       0.8205128312110901       0.4830508679151535
  794       0.8461538553237915       0.4830508679151535
  795       0.8717948794364929       0.4830508679151535
  796       0.8974359035491943       0.4830508679151535
  804       0.0769230797886848       0.5084745883941650
  805       0.1025641039013863       0.5084745883941650
  806       0.1282051354646683       0.5084745883941650
  807       0.1538461595773697       0.5084745883941650
  808       0.1794871836900711       0.5084745883941650
  809       0.2051282078027725       0.5084745883941650
  810       0.2307692319154739       0.5084745883941650
  811       0.2564102709293365       0.5084745883941650
  812       0.2820512950420380       0.5084745883941650
  813       0.3076923191547394       0.5084745883941650
  814       0.3333333432674408       0.5084745883941650
  815       0.3589743673801422       0.5084745883941650
  816       0.3846153914928436       0.5084745883941650
  817       0.4102564156055450       0.5084745883941650
  818       0.4358974397182465       0.5084745883941650
  819       0.4615384638309479       0.5084745883941650
  820       0.4871794879436493       0.5084745883941650
  821       0.5128205418586731       0.5084745883941650
  822       0.5384615659713745       0.5084745883941650
  823       0.5641025900840759       0.5084745883941650
  824       0.5897436141967773       0.5084745883941650
  825       0.6153846383094788       0.5084745883941650
  826       0.6410256624221802       0.5084745883941650
  827       0.6666666865348816       0.5084745883941650
  828       0.6923077106475830       0.5084745883941650
  829       0.7179487347602844       0.5084745883941650
  830       0.7435897588729858       0.5084745883941650
  831       0.7692307829856873       0.5084745883941650
  832       0.7948718070983887       0.5084745883941650
  833       0.8205128312110901       0.5084745883941650
  834       0.8461538553237915       0.5084745883941650
  835       0.8717948794364929       0.5084745883941650
  836       0.8974359035491943       0.5084745883941650
  837       0.9230769276618958       0.5084745883941650
  843       0.0512820519506931       0.5338983088731766
  844       0.0769230797886848       0.5338983088731766
  845       0.1025641039013863       0.5338983088731766
  846       0.1282051354646683       0.5338983088731766
  847       0.1538461595773697       0.5338983088731766
  848       0.1794871836900711       0.5338983088731766
  849       0.2051282078027725       0.5338983088731766
  850       0.2307692319154739       0.5338983088731766
  851       0.2564102709293365       0.5338983088731766
  852       0.2820512950420380       0.5338983088731766
  853       0.3076923191547394       0.5338983088731766
  854       0.3333333432674408       0.5338983088731766
  855       0.3589743673801422       0.5338983088731766
  856       0.3846153914928436       0.5338983088731766
  857       0.4102564156055450       0.5338983088731766
  858       0.4358974397182465       0.5338983088731766
  859       0.4615384638309479       0.5338983088731766
  860       0.4871794879436493       0.5338983088731766
  861       0.5128205418586731       0.5338983088731766
  862       0.5384615659713745       0.5338983088731766
  863       0.5641025900840759       0.5338983088731766
  864       0.5897436141967773       0.5338983088731766
  865       0.6153846383094788       0.5338983088731766
  866       0.6410256624221802       0.5338983088731766
  867       0.6666666865348816       0.5338983088731766
  868       0.6923077106475830       0.5338983088731766
  869       0.7179487347602844       0.5338983088731766
  870       0.7435897588729858       0.5338983088731766
  871       0.7692307829856873       0.5338983088731766
  872       0.7948718070983887       0.5338983088731766
  873       0.8205128312110901       0.5338983088731766
  874       0.8461538553237915       0.5338983088731766
  875       0.8717948794364929       0.5338983088731766
  876       0.8974359035491943       0.5338983088731766
  877       0.9230769276618958       0.5338983088731766
  878       0.9487179517745972       0.5338983088731766
  883       0.0512820519506931       0.5593220293521881
  884       0.0769230797886848       0.5593220293521881
  885       0.1025641039013863       0.5593220293521881
  886       0.1282051354646683       0.5593220293521881
  887       0.1538461595773697       0.5593220293521881
  888       0.1794871836900711       0.5593220293521881
  889       0.2051282078027725       0.5593220293521881
  890       0.2307692319154739       0.5593220293521881
  891       0.2564102709293365       0.5593220293521881
  892       0.2820512950420380       0.5593220293521881
  893       0.3076923191547394       0.5593220293521881
  894       0.3333333432674408       0.5593220293521881
  895       0.3589743673801422       0.5593220293521881
  896       0.3846153914928436       0.5593220293521881
  897       0.4102564156055450       0.5593220293521881
  898       0.4358974397182465       0.5593220293521881
  899       0.4615384638309479       0.5593220293521881
  900       0.4871794879436493       0.5593220293521881
  901       0.5128205418586731       0.5593220293521881
  902       0.5384615659713745       0.5593220293521881
  903       0.5641025900840759       0.5593220293521881
  904       0.5897436141967773       0.5593220293521881
  905       0.6153846383094788       0.5593220293521881
  906       0.6410256624221802       0.5593220293521881
  907       0.6666666865348816       0.5593220293521881
  908       0.6923077106475830       0.5593220293521881
  909       0.7179487347602844       0.5593220293521881
  910       0.7435897588729858       0.5593220293521881
  911       0.7692307829856873       0.5593220293521881
  912       0.7948718070983887       0.5593220293521881
  913       0.8205128312110901       0.5593220293521881
  914       0.8461538553237915       0.5593220293521881
  915       0.8717948794364929       0.5593220293521881
  916       0.8974359035491943       0.5593220293521881
  917       0.9230769276618958       0.5593220293521881
  918       0.9487179517745972       0.5593220293521881
  923       0.0512820519506931       0.5847457498311996
  924       0.0769230797886848       0.5847457498311996
  925       0.1025641039013863       0.5847457498311996
  926       0.1282051354646683       0.5847457498311996
  927       0.1538461595773697       0.5847457498311996
  928       0.1794871836900711       0.5847457498311996
  929       0.2051282078027725       0.5847457498311996
  930       0.2307692319154739       0.5847457498311996
  931       0.2564102709293365       0.5847457498311996
  932       0.2820512950420380       0.5847457498311996
  933       0.3076923191547394       0.5847457498311996
  934       0.3333333432674408       0.5847457498311996
  935       0.3589743673801422       0.5847457498311996
  936       0.3846153914928436       0.5847457498311996
  937       0.4102564156055450       0.5847457498311996
  938       0.4358974397182465       0.5847457498311996
  939       0.4615384638309479       0.5847457498311996
  940       0.4871794879436493       0.5847457498311996
  941       0.5128205418586731       0.5847457498311996
  942       0.5384615659713745       0.5847457498311996
  943       0.5641025900840759       0.5847457498311996
  944       0.5897436141967773       0.5847457498311996
  945       0.6153846383094788       0.5847457498311996
  946       0.6410256624221802       0.5847457498311996
  947       0.6666666865348816       0.5847457498311996
  948       0.6923077106475830       0.5847457498311996
  949       0.7179487347602844       0.5847457498311996
  950       0.7435897588729858       0.5847457498311996
  951       0.7692307829856873       0.5847457498311996
  952       0.7948718070983887       0.5847457498311996
  953       0.8205128312110901       0.5847457498311996
  954       0.8461538553237915       0.5847457498311996
  955       0.8717948794364929       0.5847457498311996
  956       0.8974359035491943       0.5847457498311996
  957       0.9230769276618958       0.5847457498311996
  958       0.9487179517745972       0.5847457498311996
  962       0.0256410259753466       0.6101694703102112
  963       0.0512820519506931       0.6101694703102112
  964       0.0769230797886848       0.6101694703102112
  965       0.1025641039013863       0.6101694703102112
  966       0.1282051354646683       0.6101694703102112
  967       0.1538461595773697       0.6101694703102112
  968       0.1794871836900711       0.6101694703102112
  969       0.2051282078027725       0.6101694703102112
  970       0.2307692319154739       0.6101694703102112
  971       0.2564102709293365       0.6101694703102112
  972       0.2820512950420380       0.6101694703102112
  973       0.3076923191547394       0.6101694703102112
  974       0.3333333432674408       0.6101694703102112
  975       0.3589743673801422       0.6101694703102112
  976       0.3846153914928436       0.6101694703102112
  977       0.4102564156055450       0.6101694703102112
  978       0.4358974397182465       0.6101694703102112
  979       0.4615384638309479       0.6101694703102112
  980       0.4871794879436493       0.6101694703102112
  981       0.5128205418586731       0.6101694703102112
  982       0.5384615659713745       0.6101694703102112
  983       0.5641025900840759       0.6101694703102112
  984       0.5897436141967773       0.6101694703102112
  985       0.6153846383094788       0.6101694703102112
  986       0.6410256624221802       0.6101694703102112
  987       0.6666666865348816       0.6101694703102112
  988       0.6923077106475830       0.6101694703102112
  989       0.7179487347602844       0.6101694703102112
  990       0.7435897588729858       0.6101694703102112
  991       0.7692307829856873       0.6101694703102112
  992       0.7948718070983887       0.6101694703102112
  993       0.8205128312110901       0.6101694703102112
  994       0.8461538553237915       0.6101694703102112
  995       0.8717948794364929       0.6101694703102112
  996       0.8974359035491943       0.6101694703102112
  997       0.9230769276618958       0.6101694703102112
  998       0.9487179517745972       0.6101694703102112
  999       0.9743589758872986       0.6101694703102112
 1002       0.0256410259753466       0.6355932354927063
 1003       0.0512820519506931       0.6355932354927063
 1004       0.0769230797886848       0.6355932354927063
 1005       0.1025641039013863       0.6355932354927063
 1006       0.1282051354646683       0.6355932354927063
 1007       0.1538461595773697       0.6355932354927063
 1008       0.1794871836900711       0.6355932354927063
 1009       0.2051282078027725       0.6355932354927063
 1010       0.2307692319154739       0.6355932354927063
 1011       0.2564102709293365       0.6355932354927063
 1012       0.2820512950420380       0.6355932354927063
 1013       0.3076923191547394       0.6355932354927063
 1014       0.3333333432674408       0.6355932354927063
 1015       0.3589743673801422       0.6355932354927063
 1016       0.3846153914928436       0.6355932354927063
 1017       0.4102564156055450       0.6355932354927063
 1018       0.4358974397182465       0.6355932354927063
 1019       0.4615384638309479       0.6355932354927063
 1020       0.4871794879436493       0.6355932354927063
 1021       0.5128205418586731       0.6355932354927063
 1022       0.5384615659713745       0.6355932354927063
 1023       0.5641025900840759       0.6355932354927063
 1024       0.5897436141967773       0.6355932354927063
 1025       0.6153846383094788       0.6355932354927063
 1026       0.6410256624221802       0.6355932354927063
 1027       0.6666666865348816       0.6355932354927063
 1028       0.6923077106475830       0.6355932354927063
 1029       0.7179487347602844       0.6355932354927063
 1030       0.7435897588729858       0.6355932354927063
 1031       0.7692307829856873       0.6355932354927063
 1032       0.7948718070983887       0.6355932354927063
 1033       0.8205128312110901       0.6355932354927063
 1034       0.8461538553237915       0.6355932354927063
 1035       0.8717948794364929       0.6355932354927063
 1036       0.8974359035491943       0.6355932354927063
 1037       0.9230769276618958       0.6355932354927063
 1038       0.9487179517745972       0.6355932354927063
 1039       0.9743589758872986       0.6355932354927063
 1042       0.0256410259753466       0.6610169559717178
 1043       0.0512820519506931       0.6610169559717178
 1044       0.0769230797886848       0.6610169559717178
 1045       0.1025641039013863       0.6610169559717178
 1046       0.1282051354646683       0.6610169559717178
 1047       0.1538461595773697       0.6610169559717178
 1048       0.1794871836900711       0.6610169559717178
 1049       0.2051282078027725       0.6610169559717178
 1050       0.2307692319154739       0.6610169559717178
 1051       0.2564102709293365       0.6610169559717178
 1052       0.2820512950420380       0.6610169559717178
 1053       0.3076923191547394       0.6610169559717178
 1054       0.3333333432674408       0.6610169559717178
 1055       0.3589743673801422       0.6610169559717178
 1056       0.3846153914928436       0.6610169559717178
 1057       0.4102564156055450       0.6610169559717178
 1058       0.4358974397182465       0.6610169559717178
 1059       0.4615384638309479       0.6610169559717178
 1060       0.4871794879436493       0.6610169559717178
 1061       0.5128205418586731       0.6610169559717178
 1062       0.5384615659713745       0.6610169559717178
 1063       0.5641025900840759       0.6610169559717178
 1064       0.5897436141967773       0.6610169559717178
 1065       0.6153846383094788       0.6610169559717178
 1066       0.6410256624221802       0.6610169559717178
 1067       0.6666666865348816       0.6610169559717178
 1068       0.6923077106475830       0.6610169559717178
 1069       0.7179487347602844       0.6610169559717178
 1070       0.7435897588729858       0.6610169559717178
 1071       0.7692307829856873       0.6610169559717178
 1072       0.7948718070983887       0.6610169559717178
 1073       0.8205128312110901       0.6610169559717178
 1074       0.8461538553237915       0.6610169559717178
 1075       0.8717948794364929       0.6610169559717178
 1076       0.8974359035491943       0.6610169559717178
 1077       0.9230769276618958       0.6610169559717178
 1078       0.9487179517745972       0.6610169559717178
 1079       0.9743589758872986       0.6610169559717178
 1083       0.0512820519506931       0.6864406764507294
 1084       0.0769230797886848       0.6864406764507294
 1085       0.1025641039013863       0.6864406764507294
 1086       0.1282051354646683       0.6864406764507294
 1087       0.1538461595773697       0.6864406764507294
 1088       0.1794871836900711       0.6864406764507294
 1089       0.2051282078027725       0.6864406764507294
 1090       0.2307692319154739       0.6864406764507294
 1091       0.2564102709293365       0.6864406764507294
 1092       0.2820512950420380       0.6864406764507294
 1093       0.3076923191547394       0.6864406764507294
 1094       0.3333333432674408       0.6864406764507294
 1095       0.3589743673801422       0.6864406764507294
 1096       0.3846153914928436       0.6864406764507294
 1097       0.4102564156055450       0.6864406764507294
 1098       0.4358974397182465       0.6864406764507294
 1099       0.4615384638309479       0.6864406764507294
 1100       0.4871794879436493       0.6864406764507294
 1101       0.5128205418586731       0.6864406764507294
 1102       0.5384615659713745       0.6864406764507294
 1103       0.5641025900840759       0.6864406764507294
 1104       0.5897436141967773       0.6864406764507294
 1105       0.6153846383094788       0.6864406764507294
 1106       0.6410256624221802       0.6864406764507294
 1107       0.6666666865348816       0.6864406764507294
 1108       0.6923077106475830       0.6864406764507294
 1109       0.7179487347602844       0.6864406764507294
 1110       0.7435897588729858       0.6864406764507294
 1111       0.7692307829856873       0.6864406764507294
 1112       0.7948718070983887       0.6864406764507294
 1113       0.8205128312110901       0.6864406764507294
 1114       0.8461538553237915       0.6864406764507294
 1115       0.8717948794364929       0.6864406764507294
 1116       0.8974359035491943       0.6864406764507294
 1117       0.9230769276618958       0.6864406764507294
 1118       0.9487179517745972       0.6864406764507294
 1119       0.9743589758872986       0.6864406764507294
 1123       0.0512820519506931       0.7118643969297409
 1124       0.0769230797886848       0.7118643969297409
 1125       0.1025641039013863       0.7118643969297409
 1126       0.1282051354646683       0.7118643969297409
 1127       0.1538461595773697       0.7118643969297409
 1128       0.1794871836900711       0.7118643969297409
 1129       0.2051282078027725       0.7118643969297409
 1130       0.2307692319154739       0.7118643969297409
 1131       0.2564102709293365       0.7118643969297409
 1132       0.2820512950420380       0.7118643969297409
 1133       0.3076923191547394       0.7118643969297409
 1134       0.3333333432674408       0.7118643969297409
 1135       0.3589743673801422       0.7118643969297409
 1136       0.3846153914928436       0.7118643969297409
 1137       0.4102564156055450       0.7118643969297409
 1138       0.4358974397182465       0.7118643969297409
 1139       0.4615384638309479       0.7118643969297409
 1140       0.4871794879436493       0.7118643969297409
 1141       0.5128205418586731       0.7118643969297409
 1142       0.5384615659713745       0.7118643969297409
 1143       0.5641025900840759       0.7118643969297409
 1144       0.5897436141967773       0.7118643969297409
 1145       0.6153846383094788       0.7118643969297409
 1146       0.6410256624221802       0.7118643969297409
 1147       0.6666666865348816       0.7118643969297409
 1148       0.6923077106475830       0.7118643969297409
 1149       0.7179487347602844       0.7118643969297409
 1150       0.7435897588729858       0.7118643969297409
 1151       0.7692307829856873       0.7118643969297409
 1152       0.7948718070983887       0.7118643969297409
 1153       0.8205128312110901       0.7118643969297409
 1154       0.8461538553237915       0.7118643969297409
 1155       0.8717948794364929       0.7118643969297409
 1156       0.8974359035491943       0.7118643969297409
 1157       0.9230769276618958       0.7118643969297409
 1158       0.9487179517745972       0.7118643969297409
 1159       0.9743589758872986       0.7118643969297409
 1162       0.0256410259753466       0.7372881174087524
 1163       0.0512820519506931       0.7372881174087524
 1164       0.0769230797886848       0.7372881174087524
 1165       0.1025641039013863       0.7372881174087524
 1166       0.1282051354646683       0.7372881174087524
 1167       0.1538461595773697       0.7372881174087524
 1168       0.1794871836900711       0.7372881174087524
 1169       0.2051282078027725       0.7372881174087524
 1170       0.2307692319154739       0.7372881174087524
 1171       0.2564102709293365       0.7372881174087524
 1172       0.2820512950420380       0.7372881174087524
 1173       0.3076923191547394       0.7372881174087524
 1174       0.3333333432674408       0.7372881174087524
 1175       0.3589743673801422       0.7372881174087524
 1176       0.3846153914928436       0.7372881174087524
 1177       0.4102564156055450       0.7372881174087524
 1178       0.4358974397182465       0.7372881174087524
 1179       0.4615384638309479       0.7372881174087524
 1180       0.4871794879436493       0.7372881174087524
 1181       0.5128205418586731       0.7372881174087524
 1182       0.5384615659713745       0.7372881174087524
 1183       0.5641025900840759       0.7372881174087524
 1184       0.5897436141967773       0.7372881174087524
 1185       0.6153846383094788       0.7372881174087524
 1186       0.6410256624221802       0.7372881174087524
 1187       0.6666666865348816       0.7372881174087524
 1188       0.6923077106475830       0.7372881174087524
 1189       0.7179487347602844       0.7372881174087524
 1190       0.7435897588729858       0.7372881174087524
 1191       0.7692307829856873       0.7372881174087524
 1192       0.7948718070983887       0.7372881174087524
 1193       0.8205128312110901       0.7372881174087524
 1194       0.8461538553237915       0.7372881174087524
 1195       0.8717948794364929       0.7372881174087524
 1196       0.8974359035491943       0.7372881174087524
 1197       0.9230769276618958       0.7372881174087524
 1198       0.9487179517745972       0.7372881174087524
 1199       0.9743589758872986       0.7372881174087524
 1202       0.0256410259753466       0.7627118825912476
 1203       0.0512820519506931       0.7627118825912476
 1204       0.0769230797886848       0.7627118825912476
 1205       0.1025641039013863       0.7627118825912476
 1206       0.1282051354646683       0.7627118825912476
 1207       0.1538461595773697       0.7627118825912476
 1208       0.1794871836900711       0.7627118825912476
 1209       0.2051282078027725       0.7627118825912476
 1210       0.2307692319154739       0.7627118825912476
 1211       0.2564102709293365       0.7627118825912476
 1212       0.2820512950420380       0.7627118825912476
 1213       0.3076923191547394       0.7627118825912476
 1214       0.3333333432674408       0.7627118825912476
 1215       0.3589743673801422       0.7627118825912476
 1216       0.3846153914928436       0.7627118825912476
 1217       0.4102564156055450       0.7627118825912476
 1218       0.4358974397182465       0.7627118825912476
 1219       0.4615384638309479       0.7627118825912476
 1220       0.4871794879436493       0.7627118825912476
 1221       0.5128205418586731       0.7627118825912476
 1222       0.5384615659713745       0.7627118825912476
 1223       0.5641025900840759       0.7627118825912476
 1224       0.5897436141967773       0.7627118825912476
 1225       0.6153846383094788       0.7627118825912476
 1226       0.6410256624221802       0.7627118825912476
 1227       0.6666666865348816       0.7627118825912476
 1228       0.6923077106475830       0.7627118825912476
 1229       0.7179487347602844       0.7627118825912476
 1230       0.7435897588729858       0.7627118825912476
 1231       0.7692307829856873       0.7627118825912476
 1232       0.7948718070983887       0.7627118825912476
 1233       0.8205128312110901       0.7627118825912476
 1234       0.8461538553237915       0.7627118825912476
 1235       0.8717948794364929       0.7627118825912476
 1236       0.8974359035491943       0.7627118825912476
 1237       0.9230769276618958       0.7627118825912476
 1238       0.9487179517745972       0.7627118825912476
 1239       0.9743589758872986       0.7627118825912476
 1242       0.0256410259753466       0.7881355583667755
 1243       0.0512820519506931       0.7881355583667755
 1244       0.0769230797886848       0.7881355583667755
 1245       0.1025641039013863       0.7881355583667755
 1246       0.1282051354646683       0.7881355583667755
 1247       0.1538461595773697       0.7881355583667755
 1248       0.1794871836900711       0.7881355583667755
 1249       0.2051282078027725       0.7881355583667755
 1250       0.2307692319154739       0.7881355583667755
 1251       0.2564102709293365       0.7881355583667755
 1252       0.2820512950420380       0.7881355583667755
 1253       0.3076923191547394       0.7881355583667755
 1254       0.3333333432674408       0.7881355583667755
 1255       0.3589743673801422       0.7881355583667755
 1256       0.3846153914928436       0.7881355583667755
 1257       0.4102564156055450       0.7881355583667755
 1258       0.4358974397182465       0.7881355583667755
 1259       0.4615384638309479       0.7881355583667755
 1260       0.4871794879436493       0.7881355583667755
 1261       0.5128205418586731       0.7881355583667755
 1262       0.5384615659713745       0.7881355583667755
 1263       0.5641025900840759       0.7881355583667755
 1264       0.5897436141967773       0.7881355583667755
 1265       0.6153846383094788       0.7881355583667755
 1266       0.6410256624221802       0.7881355583667755
 1267       0.6666666865348816       0.7881355583667755
 1268       0.6923077106475830       0.7881355583667755
 1269       0.7179487347602844       0.7881355583667755
 1270       0.7435897588729858       0.7881355583667755
 1271       0.7692307829856873       0.7881355583667755
 1272       0.7948718070983887       0.7881355583667755
 1273       0.8205128312110901       0.7881355583667755
 1274       0.8461538553237915       0.7881355583667755
 1275       0.8717948794364929       0.7881355583667755
 1276       0.8974359035491943       0.7881355583667755
 1277       0.9230769276618958       0.7881355583667755
 1278       0.9487179517745972       0.7881355583667755
 1279       0.9743589758872986       0.7881355583667755
 1282       0.0256410259753466       0.8135593235492706
 1283       0.0512820519506931       0.8135593235492706
 1284       0.0769230797886848       0.8135593235492706
 1285       0.1025641039013863       0.8135593235492706
 1286       0.1282051354646683       0.8135593235492706
 1287       0.1538461595773697       0.8135593235492706
 1288       0.1794871836900711       0.8135593235492706
 1289       0.2051282078027725       0.8135593235492706
 1290       0.2307692319154739       0.8135593235492706
 1291       0.2564102709293365       0.8135593235492706
 1292       0.2820512950420380       0.8135593235492706
 1293       0.3076923191547394       0.8135593235492706
 1294       0.3333333432674408       0.8135593235492706
 1295       0.3589743673801422       0.8135593235492706
 1296       0.3846153914928436       0.8135593235492706
 1297       0.4102564156055450       0.8135593235492706
 1298       0.4358974397182465       0.8135593235492706
 1299       0.4615384638309479       0.8135593235492706
 1300       0.4871794879436493       0.8135593235492706
 1301       0.5128205418586731       0.8135593235492706
 1302       0.5384615659713745       0.8135593235492706
 1303       0.5641025900840759       0.8135593235492706
 1304       0.5897436141967773       0.8135593235492706
 1305       0.6153846383094788       0.8135593235492706
 1306       0.6410256624221802       0.8135593235492706
 1307       0.6666666865348816       0.8135593235492706
 1308       0.6923077106475830       0.8135593235492706
 1309       0.7179487347602844       0.8135593235492706
 1310       0.7435897588729858       0.8135593235492706
 1311       0.7692307829856873       0.8135593235492706
 1312       0.7948718070983887       0.8135593235492706
 1313       0.8205128312110901       0.8135593235492706
 1314       0.8461538553237915       0.8135593235492706
 1315       0.8717948794364929       0.8135593235492706
 1316       0.8974359035491943       0.8135593235492706
 1317       0.9230769276618958       0.8135593235492706
 1318       0.9487179517745972       0.8135593235492706
 1319       0.9743589758872986       0.8135593235492706
 1322       0.0256410259753466       0.8389830887317657
 1323       0.0512820519506931       0.8389830887317657
 1324       0.0769230797886848       0.8389830887317657
 1325       0.1025641039013863       0.8389830887317657
 1326       0.1282051354646683       0.8389830887317657
 1327       0.1538461595773697       0.8389830887317657
 1328       0.1794871836900711       0.8389830887317657
 1329       0.2051282078027725       0.8389830887317657
 1330       0.2307692319154739       0.8389830887317657
 1331       0.2564102709293365       0.8389830887317657
 1332       0.2820512950420380       0.8389830887317657
 1333       0.3076923191547394       0.8389830887317657
 1334       0.3333333432674408       0.8389830887317657
 1335       0.3589743673801422       0.8389830887317657
 1336       0.3846153914928436       0.8389830887317657
 1337       0.4102564156055450       0.8389830887317657
 1338       0.4358974397182465       0.8389830887317657
 1339       0.4615384638309479       0.8389830887317657
 1340       0.4871794879436493       0.8389830887317657
 1341       0.5128205418586731       0.8389830887317657
 1342       0.5384615659713745       0.8389830887317657
 1343       0.5641025900840759       0.8389830887317657
 1344       0.5897436141967773       0.8389830887317657
 1345       0.6153846383094788       0.8389830887317657
 1346       0.6410256624221802       0.8389830887317657
 1347       0.6666666865348816       0.8389830887317657
 1348       0.6923077106475830       0.8389830887317657
 1349       0.7179487347602844       0.8389830887317657
 1350       0.7435897588729858       0.8389830887317657
 1351       0.7692307829856873       0.8389830887317657
 1352       0.7948718070983887       0.8389830887317657
 1353       0.8205128312110901       0.8389830887317657
 1354       0.8461538553237915       0.8389830887317657
 1355       0.8717948794364929       0.8389830887317657
 1356       0.8974359035491943       0.8389830887317657
 1357       0.9230769276618958       0.8389830887317657
 1358       0.9487179517745972       0.8389830887317657
 1359       0.9743589758872986       0.8389830887317657
 1362       0.0256410259753466       0.8644067645072937
 1363       0.0512820519506931       0.8644067645072937
 1364       0.0769230797886848       0.8644067645072937
 1365       0.1025641039013863       0.8644067645072937
 1366       0.1282051354646683       0.8644067645072937
 1367       0.1538461595773697       0.8644067645072937
 1368       0.1794871836900711       0.8644067645072937
 1369       0.2051282078027725       0.8644067645072937
 1370       0.2307692319154739       0.8644067645072937
 1371       0.2564102709293365       0.8644067645072937
 1372       0.2820512950420380       0.8644067645072937
 1373       0.3076923191547394       0.8644067645072937
 1374       0.3333333432674408       0.8644067645072937
 1375       0.3589743673801422       0.8644067645072937
 1376       0.3846153914928436       0.8644067645072937
 1377       0.4102564156055450       0.8644067645072937
 1378       0.4358974397182465       0.8644067645072937
 1379       0.4615384638309479       0.8644067645072937
 1380       0.4871794879436493       0.8644067645072937
 1381       0.5128205418586731       0.8644067645072937
 1382       0.5384615659713745       0.8644067645072937
 1383       0.5641025900840759       0.8644067645072937
 1384       0.5897436141967773       0.8644067645072937
 1385       0.6153846383094788       0.8644067645072937
 1386       0.6410256624221802       0.8644067645072937
 1387       0.6666666865348816       0.8644067645072937
 1388       0.6923077106475830       0.8644067645072937
 1389       0.7179487347602844       0.8644067645072937
 1390       0.7435897588729858       0.8644067645072937
 1391       0.7692307829856873       0.8644067645072937
 1392       0.7948718070983887       0.8644067645072937
 1393       0.8205128312110901       0.8644067645072937
 1394       0.8461538553237915       0.8644067645072937
 1395       0.8717948794364929       0.8644067645072937
 1396       0.8974359035491943       0.8644067645072937
 1397       0.9230769276618958       0.8644067645072937
 1398       0.9487179517745972       0.8644067645072937
 1399       0.9743589758872986       0.8644067645072937
 1402       0.0256410259753466       0.8898305296897888
 1403       0.0512820519506931       0.8898305296897888
 1404       0.0769230797886848       0.8898305296897888
 1405       0.1025641039013863       0.8898305296897888
 1406       0.1282051354646683       0.8898305296897888
 1407       0.1538461595773697       0.8898305296897888
 1408       0.1794871836900711       0.8898305296897888
 1409       0.2051282078027725       0.8898305296897888
 1410       0.2307692319154739       0.8898305296897888
 1411       0.2564102709293365       0.8898305296897888
 1412       0.2820512950420380       0.8898305296897888
 1413       0.3076923191547394       0.8898305296897888
 1414       0.3333333432674408       0.8898305296897888
 1415       0.3589743673801422       0.8898305296897888
 1416       0.3846153914928436       0.8898305296897888
 1417       0.4102564156055450       0.8898305296897888
 1418       0.4358974397182465       0.8898305296897888
 1419       0.4615384638309479       0.8898305296897888
 1420       0.4871794879436493       0.8898305296897888
 1421       0.5128205418586731       0.8898305296897888
 1422       0.5384615659713745       0.8898305296897888
 1423       0.5641025900840759       0.8898305296897888
 1424       0.5897436141967773       0.8898305296897888
 1425       0.6153846383094788       0.8898305296897888
 1426       0.6410256624221802       0.8898305296897888
 1427       0.6666666865348816       0.8898305296897888
 1428       0.6923077106475830       0.8898305296897888
 1429       0.7179487347602844       0.8898305296897888
 1430       0.7435897588729858       0.8898305296897888
 1431       0.7692307829856873       0.8898305296897888
 1432       0.7948718070983887       0.8898305296897888
 1433       0.8205128312110901       0.8898305296897888
 1434       0.8461538553237915       0.8898305296897888
 1435       0.8717948794364929       0.8898305296897888
 1436       0.8974359035491943       0.8898305296897888
 1437       0.9230769276618958       0.8898305296897888
 1438       0.9487179517745972       0.8898305296897888
 1439       0.9743589758872986       0.8898305296897888
 1443       0.0512820519506931       0.9152542054653168
 1444       0.0769230797886848       0.9152542054653168
 1445       0.1025641039013863       0.9152542054653168
 1446       0.1282051354646683       0.9152542054653168
 1447       0.1538461595773697       0.9152542054653168
 1448       0.1794871836900711       0.9152542054653168
 1449       0.2051282078027725       0.9152542054653168
 1450       0.2307692319154739       0.9152542054653168
 1451       0.2564102709293365       0.9152542054653168
 1452       0.2820512950420380       0.9152542054653168
 1453       0.3076923191547394       0.9152542054653168
 1454       0.3333333432674408       0.9152542054653168
 1455       0.3589743673801422       0.9152542054653168
 1456       0.3846153914928436       0.9152542054653168
 1457       0.4102564156055450       0.9152542054653168
 1458       0.4358974397182465       0.9152542054653168
 1459       0.4615384638309479       0.9152542054653168
 1460       0.4871794879436493       0.9152542054653168
 1461       0.5128205418586731       0.9152542054653168
 1462       0.5384615659713745       0.9152542054653168
 1463       0.5641025900840759       0.9152542054653168
 1464       0.5897436141967773       0.9152542054653168
 1465       0.6153846383094788       0.9152542054653168
 1466       0.6410256624221802       0.9152542054653168
 1467       0.6666666865348816       0.9152542054653168
 1468       0.6923077106475830       0.9152542054653168
 1469       0.7179487347602844       0.9152542054653168
 1470       0.7435897588729858       0.9152542054653168
 1471       0.7692307829856873       0.9152542054653168
 1472       0.7948718070983887       0.9152542054653168
 1473       0.8205128312110901       0.9152542054653168
 1474       0.8461538553237915       0.9152542054653168
 1475       0.8717948794364929       0.9152542054653168
 1476       0.8974359035491943       0.9152542054653168
 1477       0.9230769276618958       0.9152542054653168
 1478       0.9487179517745972       0.9152542054653168
 1483       0.0512820519506931       0.9406779706478119
 1484       0.0769230797886848       0.9406779706478119
 1485       0.1025641039013863       0.9406779706478119
 1486       0.1282051354646683       0.9406779706478119
 1487       0.1538461595773697       0.9406779706478119
 1488       0.1794871836900711       0.9406779706478119
 1489       0.2051282078027725       0.9406779706478119
 1490       0.2307692319154739       0.9406779706478119
 1491       0.2564102709293365       0.9406779706478119
 1492       0.2820512950420380       0.9406779706478119
 1493       0.3076923191547394       0.9406779706478119
 1494       0.3333333432674408       0.9406779706478119
 1495       0.3589743673801422       0.9406779706478119
 1496       0.3846153914928436       0.9406779706478119
 1497       0.4102564156055450       0.9406779706478119
 1498       0.4358974397182465       0.9406779706478119
 1499       0.4615384638309479       0.9406779706478119
 1500       0.4871794879436493       0.9406779706478119
 1501       0.5128205418586731       0.9406779706478119
 1502       0.5384615659713745       0.9406779706478119
 1503       0.5641025900840759       0.9406779706478119
 1504       0.5897436141967773       0.9406779706478119
 1505       0.6153846383094788       0.9406779706478119
 1506       0.6410256624221802       0.9406779706478119
 1507       0.6666666865348816       0.9406779706478119
 1508       0.6923077106475830       0.9406779706478119
 1509       0.7179487347602844       0.9406779706478119
 1510       0.7435897588729858       0.9406779706478119
 1511       0.7692307829856873       0.9406779706478119
 1512       0.7948718070983887       0.9406779706478119
 1513       0.8205128312110901       0.9406779706478119
 1514       0.8461538553237915       0.9406779706478119
 1515       0.8717948794364929       0.9406779706478119
 1516       0.8974359035491943       0.9406779706478119
 1517       0.9230769276618958       0.9406779706478119
 1518       0.9487179517745972       0.9406779706478119
 1523       0.0512820519506931       0.9661017358303070
 1524       0.0769230797886848       0.9661017358303070
 1525       0.1025641039013863       0.9661017358303070
 1526       0.1282051354646683       0.9661017358303070
 1527       0.1538461595773697       0.9661017358303070
 1528       0.1794871836900711       0.9661017358303070
 1529       0.2051282078027725       0.9661017358303070
 1530       0.2307692319154739       0.9661017358303070
 1531       0.2564102709293365       0.9661017358303070
 1532       0.2820512950420380       0.9661017358303070
 1533       0.3076923191547394       0.9661017358303070
 1534       0.3333333432674408       0.9661017358303070
 1535       0.3589743673801422       0.9661017358303070
 1536       0.3846153914928436       0.9661017358303070
 1537       0.4102564156055450       0.9661017358303070
 1538       0.4358974397182465       0.9661017358303070
 1539       0.4615384638309479       0.9661017358303070
 1540       0.4871794879436493       0.9661017358303070
 1541       0.5128205418586731       0.9661017358303070
 1542       0.5384615659713745       0.9661017358303070
 1543       0.5641025900840759       0.9661017358303070
 1544       0.5897436141967773       0.9661017358303070
 1545       0.6153846383094788       0.9661017358303070
 1546       0.6410256624221802       0.9661017358303070
 1547       0.6666666865348816       0.9661017358303070
 1548       0.6923077106475830       0.9661017358303070
 1549       0.7179487347602844       0.9661017358303070
 1550       0.7435897588729858       0.9661017358303070
 1551       0.7692307829856873       0.9661017358303070
 1552       0.7948718070983887       0.9661017358303070
 1553       0.8205128312110901       0.9661017358303070
 1554       0.8461538553237915       0.9661017358303070
 1555       0.8717948794364929       0.9661017358303070
 1556       0.8974359035491943       0.9661017358303070
 1557       0.9230769276618958       0.9661017358303070
 1558       0.9487179517745972       0.9661017358303070
 1564       0.0769230797886848       0.9915254116058350
 1565       0.1025641039013863       0.9915254116058350
 1566       0.1282051354646683       0.9915254116058350
 1567       0.1538461595773697       0.9915254116058350
 1568       0.1794871836900711       0.9915254116058350
 1569       0.2051282078027725       0.9915254116058350
 1570       0.2307692319154739       0.9915254116058350
 1571       0.2564102709293365       0.9915254116058350
 1572       0.2820512950420380       0.9915254116058350
 1573       0.3076923191547394       0.9915254116058350
 1574       0.3333333432674408       0.9915254116058350
 1575       0.3589743673801422       0.9915254116058350
 1576       0.3846153914928436       0.9915254116058350
 1577       0.4102564156055450       0.9915254116058350
 1578       0.4358974397182465       0.9915254116058350
 1579       0.4615384638309479       0.9915254116058350
 1580       0.4871794879436493       0.9915254116058350
 1581       0.5128205418586731       0.9915254116058350
 1582       0.5384615659713745       0.9915254116058350
 1583       0.5641025900840759       0.9915254116058350
 1584       0.5897436141967773       0.9915254116058350
 1585       0.6153846383094788       0.9915254116058350
 1586       0.6410256624221802       0.9915254116058350
 1587       0.6666666865348816       0.9915254116058350
 1588       0.6923077106475830       0.9915254116058350
 1589       0.7179487347602844       0.9915254116058350
 1590       0.7435897588729858       0.9915254116058350
 1591       0.7692307829856873       0.9915254116058350
 1592       0.7948718070983887       0.9915254116058350
 1593       0.8205128312110901       0.9915254116058350
 1594       0.8461538553237915       0.9915254116058350
 1595       0.8717948794364929       0.9915254116058350
 1596       0.8974359035491943       0.9915254116058350
 1597       0.9230769276618958       0.9915254116058350
 1605       0.1025641039013863       1.0169491767883301
 1606       0.1282051354646683       1.0169491767883301
 1607       0.1538461595773697       1.0169491767883301
 1608       0.1794871836900711       1.0169491767883301
 1609       0.2051282078027725       1.0169491767883301
 1610       0.2307692319154739       1.0169491767883301
 1611       0.2564102709293365       1.0169491767883301
 1612       0.2820512950420380       1.0169491767883301
 1613       0.3076923191547394       1.0169491767883301
 1614       0.3333333432674408       1.0169491767883301
 1615       0.3589743673801422       1.0169491767883301
 1616       0.3846153914928436       1.0169491767883301
 1617       0.4102564156055450       1.0169491767883301
 1618       0.4358974397182465       1.0169491767883301
 1619       0.4615384638309479       1.0169491767883301
 1620       0.4871794879436493       1.0169491767883301
 1621       0.5128205418586731       1.0169491767883301
 1622       0.5384615659713745       1.0169491767883301
 1623       0.5641025900840759       1.0169491767883301
 1624       0.5897436141967773       1.0169491767883301
 1625       0.6153846383094788       1.0169491767883301
 1626       0.6410256624221802       1.0169491767883301
 1627       0.6666666865348816       1.0169491767883301
 1628       0.6923077106475830       1.0169491767883301
 1629       0.7179487347602844       1.0169491767883301
 1630       0.7435897588729858       1.0169491767883301
 1631       0.7692307829856873       1.0169491767883301
 1632       0.7948718070983887       1.0169491767883301
 1633       0.8205128312110901       1.0169491767883301
 1634       0.8461538553237915       1.0169491767883301
 1635       0.8717948794364929       1.0169491767883301
 1636       0.8974359035491943       1.0169491767883301
 1645       0.1025641039013863       1.0423728525638580
 1646       0.1282051354646683       1.0423728525638580
 1647       0.1538461595773697       1.0423728525638580
 1648       0.1794871836900711       1.0423728525638580
 1649       0.2051282078027725       1.0423728525638580
 1650       0.2307692319154739       1.0423728525638580
 1651       0.2564102709293365       1.0423728525638580
 1652       0.2820512950420380       1.0423728525638580
 1653       0.3076923191547394       1.0423728525638580
 1654       0.3333333432674408       1.0423728525638580
 1655       0.3589743673801422       1.0423728525638580
 1656       0.3846153914928436       1.0423728525638580
 1657       0.4102564156055450       1.0423728525638580
 1658       0.4358974397182465       1.0423728525638580
 1659       0.4615384638309479       1.0423728525638580
 1660       0.4871794879436493       1.0423728525638580
 1661       0.5128205418586731       1.0423728525638580
 1662       0.5384615659713745       1.0423728525638580
 1663       0.5641025900840759       1.0423728525638580
 1664       0.5897436141967773       1.0423728525638580
 1665       0.6153846383094788       1.0423728525638580
 1666       0.6410256624221802       1.0423728525638580
 1667       0.6666666865348816       1.0423728525638580
 1668       0.6923077106475830       1.0423728525638580
 1669       0.7179487347602844       1.0423728525638580
 1670       0.7435897588729858       1.0423728525638580
 1671       0.7692307829856873       1.0423728525638580
 1672       0.7948718070983887       1.0423728525638580
 1673       0.8205128312110901       1.0423728525638580
 1674       0.8461538553237915       1.0423728525638580
 1675       0.8717948794364929       1.0423728525638580
 1676       0.8974359035491943       1.0423728525638580
 1686       0.1282051354646683       1.0677966177463531
 1687       0.1538461595773697       1.0677966177463531
 1688       0.1794871836900711       1.0677966177463531
 1689       0.2051282078027725       1.0677966177463531
 1690       0.2307692319154739       1.0677966177463531
 1691       0.2564102709293365       1.0677966177463531
 1692       0.2820512950420380       1.0677966177463531
 1693       0.3076923191547394       1.0677966177463531
 1694       0.3333333432674408       1.0677966177463531
 1695       0.3589743673801422       1.0677966177463531
 1696       0.3846153914928436       1.0677966177463531
 1697       0.4102564156055450       1.0677966177463531
 1698       0.4358974397182465       1.0677966177463531
 1699       0.4615384638309479       1.0677966177463531
 1700       0.4871794879436493       1.0677966177463531
 1701       0.5128205418586731       1.0677966177463531
 1702       0.5384615659713745       1.0677966177463531
 1703       0.5641025900840759       1.0677966177463531
 1704       0.5897436141967773       1.0677966177463531
 1705       0.6153846383094788       1.0677966177463531
 1706       0.6410256624221802       1.0677966177463531
 1707       0.6666666865348816       1.0677966177463531
 1708       0.6923077106475830       1.0677966177463531
 1709       0.7179487347602844       1.0677966177463531
 1710       0.7435897588729858       1.0677966177463531
 1711       0.7692307829856873       1.0677966177463531
 1712       0.7948718070983887       1.0677966177463531
 1713       0.8205128312110901       1.0677966177463531
 1714       0.8461538553237915       1.0677966177463531
 1715       0.8717948794364929       1.0677966177463531
 1727       0.1538461595773697       1.0932203829288483
 1728       0.1794871836900711       1.0932203829288483
 1729       0.2051282078027725       1.0932203829288483
 1730       0.2307692319154739       1.0932203829288483
 1731       0.2564102709293365       1.0932203829288483
 1732       0.2820512950420380       1.0932203829288483
 1733       0.3076923191547394       1.0932203829288483
 1734       0.3333333432674408       1.0932203829288483
 1735       0.3589743673801422       1.0932203829288483
 1736       0.3846153914928436       1.0932203829288483
 1737       0.4102564156055450       1.0932203829288483
 1738       0.4358974397182465       1.0932203829288483
 1739       0.4615384638309479       1.0932203829288483
 1740       0.4871794879436493       1.0932203829288483
 1741       0.5128205418586731       1.0932203829288483
 1742       0.5384615659713745       1.0932203829288483
 1743       0.5641025900840759       1.0932203829288483
 1744       0.5897436141967773       1.0932203829288483
 1745       0.6153846383094788       1.0932203829288483
 1746       0.6410256624221802       1.0932203829288483
 1747       0.6666666865348816       1.0932203829288483
 1748       0.6923077106475830       1.0932203829288483
 1749       0.7179487347602844       1.0932203829288483
 1750       0.7435897588729858       1.0932203829288483
 1751       0.7692307829856873       1.0932203829288483
 1752       0.7948718070983887       1.0932203829288483
 1753       0.8205128312110901       1.0932203829288483
 1754       0.8461538553237915       1.0932203829288483
 1768       0.1794871836900711       1.1186440587043762
 1769       0.2051282078027725       1.1186440587043762
 1770       0.2307692319154739       1.1186440587043762
 1771       0.2564102709293365       1.1186440587043762
 1772       0.2820512950420380       1.1186440587043762
 1773       0.3076923191547394       1.1186440587043762
 1774       0.3333333432674408       1.1186440587043762
 1775       0.3589743673801422       1.1186440587043762
 1776       0.3846153914928436       1.1186440587043762
 1777       0.4102564156055450       1.1186440587043762
 1778       0.4358974397182465       1.1186440587043762
 1779       0.4615384638309479       1.1186440587043762
 1780       0.4871794879436493       1.1186440587043762
 1781       0.5128205418586731       1.1186440587043762
 1782       0.5384615659713745       1.1186440587043762
 1783       0.5641025900840759       1.1186440587043762
 1784       0.5897436141967773       1.1186440587043762
 1785       0.6153846383094788       1.1186440587043762
 1786       0.6410256624221802       1.1186440587043762
 1787       0.6666666865348816       1.1186440587043762
 1788       0.6923077106475830       1.1186440587043762
 1789       0.7179487347602844       1.1186440587043762
 1790       0.7435897588729858       1.1186440587043762
 1791       0.7692307829856873       1.1186440587043762
 1792       0.7948718070983887       1.1186440587043762
 1793       0.8205128312110901       1.1186440587043762
 1809       0.2051282078027725       1.1440678238868713
 1810       0.2307692319154739       1.1440678238868713
 1811       0.2564102709293365       1.1440678238868713
 1812       0.2820512950420380       1.1440678238868713
 1813       0.3076923191547394       1.1440678238868713
 1814       0.3333333432674408       1.1440678238868713
 1815       0.3589743673801422       1.1440678238868713
 1816       0.3846153914928436       1.1440678238868713
 1817       0.4102564156055450       1.1440678238868713
 1818       0.4358974397182465       1.1440678238868713
 1819       0.4615384638309479       1.1440678238868713
 1820       0.4871794879436493       1.1440678238868713
 1821       0.5128205418586731       1.1440678238868713
 1822       0.5384615659713745       1.1440678238868713
 1823       0.5641025900840759       1.1440678238868713
 1824       0.5897436141967773       1.1440678238868713
 1825       0.6153846383094788       1.1440678238868713
 1826       0.6410256624221802       1.1440678238868713
 1827       0.6666666865348816       1.1440678238868713
 1828       0.6923077106475830       1.1440678238868713
 1829       0.7179487347602844       1.1440678238868713
 1830       0.7435897588729858       1.1440678238868713
 1831       0.7692307829856873       1.1440678238868713
 1832       0.7948718070983887       1.1440678238868713
 1850       0.2307692319154739       1.1694914996623993
 1851       0.2564102709293365       1.1694914996623993
 1852       0.2820512950420380       1.1694914996623993
 1853       0.3076923191547394       1.1694914996623993
 1854       0.3333333432674408       1.1694914996623993
 1855       0.3589743673801422       1.1694914996623993
 1856       0.3846153914928436       1.1694914996623993
 1857       0.4102564156055450       1.1694914996623993
 1858       0.4358974397182465       1.1694914996623993
 1859       0.4615384638309479       1.1694914996623993
 1860       0.4871794879436493       1.1694914996623993
 1861       0.5128205418586731       1.1694914996623993
 1862       0.5384615659713745       1.1694914996623993
 1863       0.5641025900840759       1.1694914996623993
 1864       0.5897436141967773       1.1694914996623993
 1865       0.6153846383094788       1.1694914996623993
 1866       0.6410256624221802       1.1694914996623993
 1867       0.6666666865348816       1.1694914996623993
 1868       0.6923077106475830       1.1694914996623993
 1869       0.7179487347602844       1.1694914996623993
 1870       0.7435897588729858       1.1694914996623993
 1871       0.7692307829856873       1.1694914996623993
 1892       0.2820512950420380       1.1949152648448944
 1893       0.3076923191547394       1.1949152648448944
 1894       0.3333333432674408       1.1949152648448944
 1895       0.3589743673801422       1.1949152648448944
 1896       0.3846153914928436       1.1949152648448944
 1897       0.4102564156055450       1.1949152648448944
 1898       0.4358974397182465       1.1949152648448944
 1899       0.4615384638309479       1.1949152648448944
 1900       0.4871794879436493       1.1949152648448944
 1901       0.5128205418586731       1.1949152648448944
 1902       0.5384615659713745       1.1949152648448944
 1903       0.5641025900840759       1.1949152648448944
 1904       0.5897436141967773       1.1949152648448944
 1905       0.6153846383094788       1.1949152648448944
 1906       0.6410256624221802       1.1949152648448944
 1907       0.6666666865348816       1.1949152648448944
 1908       0.6923077106475830       1.1949152648448944
 1909       0.7179487347602844       1.1949152648448944
 1934       0.3333333432674408       1.2203389406204224
 1935       0.3589743673801422       1.2203389406204224
 1936       0.3846153914928436       1.2203389406204224
 1937       0.4102564156055450       1.2203389406204224
 1938       0.4358974397182465       1.2203389406204224
 1939       0.4615384638309479       1.2203389406204224
 1940       0.4871794879436493       1.2203389406204224
 1941       0.5128205418586731       1.2203389406204224
 1942       0.5384615659713745       1.2203389406204224
 1943       0.5641025900840759       1.2203389406204224
 1944       0.5897436141967773       1.2203389406204224
 1945       0.6153846383094788       1.2203389406204224
 1946       0.6410256624221802       1.2203389406204224
 1947       0.6666666865348816       1.2203389406204224
 1978       0.4358974397182465       1.2457627058029175
 1979       0.4615384638309479       1.2457627058029175
 1980       0.4871794879436493       1.2457627058029175
 1981       0.5128205418586731       1.2457627058029175
 1982       0.5384615659713745       1.2457627058029175
 1983       0.5641025900840759       1.2457627058029175
