                 7.921940                 0.000015
                21.754982                 0.000059
                44.796264                 0.000133
                77.016493                 0.000236
               118.373345                 0.000368
               168.814015                 0.000530
               228.273438                 0.000721
               296.674755                 0.000940
               364.666475                 0.001189
               401.842531                 0.001465
               446.467775                 0.001770
               481.634786                 0.002102
               522.034546                 0.002462
               562.971179                 0.002849
               589.288105                 0.003263
               610.790046                 0.003703
               628.226693                 0.004169
               644.121812                 0.004661
               645.817799                 0.005177
               628.170544                 0.005718
               578.739514                 0.006283
               524.119771                 0.006871
               464.383117                 0.007482
               419.091964                 0.008115
               380.100121                 0.008769
               332.854828                 0.009445
               299.952268                 0.010141
               264.963135                 0.010856
               236.436969                 0.011590
               220.077857                 0.012343
               191.728057                 0.013113
               161.555411                 0.013899
               151.212548                 0.014701
               140.798238                 0.015518
               118.304196                 0.016350
               110.129907                 0.017195
               100.208067                 0.018053
                83.704179                 0.018922
                80.149562                 0.019802
                78.005365                 0.020693
                58.322104                 0.021592
                60.549714                 0.022500
                55.390598                 0.023415
                41.741402                 0.024337
                45.428855                 0.025264
                39.180083                 0.026196
                41.899830                 0.027132
                37.567508                 0.028070
                30.014017                 0.029011
                37.425429                 0.029952
