                39.758663                 0.000123
               154.279224                 0.000493
               343.190791                 0.001109
               403.819255                 0.001971
               446.616712                 0.003078
               483.652647                 0.004428
               512.869960                 0.006021
               531.833784                 0.007854
               539.155213                 0.009926
               534.390290                 0.012236
               517.181816                 0.014780
               494.224002                 0.017556
               472.976333                 0.020561
               455.061646                 0.023793
               440.419688                 0.027248
               428.357330                 0.030923
               418.263017                 0.034814
               409.856824                 0.038918
               402.868638                 0.043229
               397.207581                 0.047745
               392.488450                 0.052461
               388.559792                 0.057371
               385.071003                 0.062472
               381.847147                 0.067757
               378.613281                 0.073223
               374.990896                 0.078863
               371.054881                 0.084671
               366.654842                 0.090643
               361.969174                 0.096773
