                33.029938                 0.000086
                62.527370                 0.000170
                92.276594                 0.000258
               121.605548                 0.000340
               151.137073                 0.000427
               180.331458                 0.000511
               209.259707                 0.000593
               238.347293                 0.000680
               266.763232                 0.000759
               295.291913                 0.000849
               323.226771                 0.000935
               351.104475                 0.001106
               378.532268                 0.001442
               405.813170                 0.001885
               432.789322                 0.002421
               459.764058                 0.003074
               486.682011                 0.003901
               513.129946                 0.005106
               540.234260                 0.007879
            115703.900781                 0.097665
                      NaN                      NaN
                      NaN                      NaN
                      NaN                      NaN
                      NaN                      NaN
                      NaN                      NaN
                      NaN                      NaN
