 0    0.000000000000e+000  0.000000000000e+000
 1    7.710588761256e-006  1.193403527141e-001
 2    3.084187846980e-005  4.748281836510e-001
 3    6.939244485693e-005  1.068882822990e+000
 4    1.233599032275e-004  1.898891210556e+000
 5    1.927409466589e-004  2.967124938965e+000
 6    2.775312459562e-004  4.270925045013e+000
 7    3.777256351896e-004  5.812383174896e+000
 8    4.933179006912e-004  7.588826656342e+000
 9    6.243009120226e-004  9.602136611938e+000
 10    7.706665783189e-004  1.184965801239e+001
 11    9.324058773927e-004  1.433303356171e+001
 12    1.109508797526e-003  1.704965591431e+001
 13    1.301964512095e-003  1.961135292053e+001
 14    1.509761088528e-003  2.159428024292e+001
 15    1.732885721140e-003  2.320560836792e+001
 16    1.971324672922e-003  2.419132804871e+001
 17    2.225063042715e-003  2.489495086670e+001
 18    2.494085580111e-003  2.550272560120e+001
 19    2.778375288472e-003  2.606637954712e+001
 20    3.077914938331e-003  2.661528396606e+001
 21    3.392685670406e-003  2.715333366394e+001
 22    3.722668392584e-003  2.768853378296e+001
 23    4.067842848599e-003  2.821015739441e+001
 24    4.428187385201e-003  2.872706222534e+001
 25    4.803679883480e-003  2.922533988953e+001
 26    5.194297526032e-003  2.971640968323e+001
 27    5.600015632808e-003  3.018425750732e+001
 28    6.020809523761e-003  3.064227485657e+001
 29    6.456653121859e-003  3.107312011719e+001
 30    6.907519884408e-003  3.149153327942e+001
 31    7.373381406069e-003  3.187969398499e+001
 32    7.854209281504e-003  3.225295639038e+001
 33    8.349974639714e-003  3.259390258789e+001
 34    8.860645815730e-003  3.291790771484e+001
 35    9.386191144586e-003  3.320866012573e+001
 36    9.926578961313e-003  3.348085784912e+001
 37    1.048177480698e-002  3.371998977661e+001
 38    1.105174608529e-002  3.393959045410e+001
 39    1.163645647466e-002  3.412732696533e+001
 40    1.223587058485e-002  3.429518508911e+001
 41    1.284995116293e-002  3.443328857422e+001
 42    1.347866002470e-002  3.455177688599e+001
 43    1.412195898592e-002  3.464331436157e+001
 44    1.477980799973e-002  3.471607208252e+001
 45    1.545216608793e-002  3.476517486572e+001
 46    1.613899320364e-002  3.479680252075e+001
 47    1.684024371207e-002  3.485246658325e+001
 48    1.755587942898e-002  3.489834594727e+001
 49    1.828585192561e-002  3.480929946899e+001
 50    1.903011649847e-002  3.477931213379e+001
 51    1.978863030672e-002  3.473731613159e+001
 52    2.056134305894e-002  3.473799133301e+001
 53    2.134821005166e-002  3.472720718384e+001
 54    2.214918099344e-002  3.456187438965e+001
 55    2.296420745552e-002  3.443032455444e+001
 56    2.379323728383e-002  3.443220520020e+001
 57    2.463622018695e-002  3.435682678223e+001
 58    2.549310587347e-002  3.423080062866e+001
 59    2.636384032667e-002  3.415953826904e+001
 60    2.724836952984e-002  3.391456604004e+001
 61    2.814663760364e-002  3.390544891357e+001
 62    2.905859239399e-002  3.392681884766e+001
 63    2.998417615891e-002  3.358249664307e+001
 64    3.092332929373e-002  3.363275146484e+001
 65    3.187599778175e-002  3.354288864136e+001
 66    3.284212201834e-002  3.350726318359e+001
 67    3.382163867354e-002  3.320547485352e+001
 68    3.481449186802e-002  3.321248626709e+001
 69    3.582062199712e-002  3.295487213135e+001
 70    3.683995828032e-002  3.289538574219e+001
 71    3.787244483829e-002  3.274495315552e+001
 72    3.891801834106e-002  3.278456497192e+001
 73    3.997661173344e-002  3.243305587769e+001
 74    4.104815796018e-002  3.245061492920e+001
 75    4.213259741664e-002  3.221288681030e+001
 76    4.322985559702e-002  3.250481796265e+001
 77    4.433986917138e-002  3.220461273193e+001
 78    4.546257108450e-002  3.233776855469e+001
 79    4.659788683057e-002  3.186500358582e+001
 80    4.774575307965e-002  3.182509422302e+001
 81    4.890609160066e-002  3.187164497375e+001
 82    5.007883533835e-002  3.175135231018e+001
 83    5.126391351223e-002  3.168321228027e+001
 84    5.246124789119e-002  3.145622634888e+001
 85    5.367076769471e-002  3.133284568787e+001
 86    5.489239841700e-002  3.142870140076e+001
 87    5.612606555223e-002  3.116467094421e+001
 88    5.737169086933e-002  3.103481292725e+001
 89    5.862919613719e-002  3.127846145630e+001
 90    5.989850685000e-002  3.100934600830e+001
 91    6.117954850197e-002  3.079367446899e+001
 92    6.247223168612e-002  3.079057312012e+001
 93    6.377648562193e-002  3.089451408386e+001
 94    6.509222835302e-002  3.075990295410e+001
 95    6.641937047243e-002  3.064854812622e+001
 96    6.775784492493e-002  3.058762931824e+001
 97    6.910755485296e-002  3.045193672180e+001
 98    7.046842575073e-002  3.047568130493e+001
 99    7.184036821127e-002  3.014120101929e+001
 100    7.322330772877e-002  3.029780006409e+001
 101    7.461713999510e-002  3.018688964844e+001
 102    7.602179795504e-002  3.008176040649e+001
 103    7.743719220161e-002  3.005363082886e+001
 104    7.886322587729e-002  2.992589950562e+001
 105    8.029981702566e-002  2.975303268433e+001
 106    8.174686878920e-002  2.988462448120e+001
 107    8.320430666208e-002  2.968588829041e+001
 108    8.467203378677e-002  2.970579338074e+001
 109    8.614996075630e-002  2.975438690186e+001
 110    8.763799071312e-002  2.955413246155e+001
 111    8.913603425026e-002  2.963457298279e+001
 112    9.064400196075e-002  2.934329223633e+001
 113    9.216180443764e-002  2.941487503052e+001
 114    9.368933737278e-002  2.934649276733e+001
 115    9.522651135921e-002  2.925450515747e+001
 116    9.677323698997e-002  2.916353416443e+001
 117    9.832940995693e-002  2.927936935425e+001
 118    9.989494085312e-002  2.898981475830e+001
 119    1.014697328210e-001  2.900193023682e+001
 120    1.030536890030e-001  2.881180763245e+001
 121    1.046467050910e-001  2.894266319275e+001
 122    1.062486842275e-001  2.861099433899e+001
 123    1.078595370054e-001  2.871915245056e+001
 124    1.094791591167e-001  2.878723335266e+001
 125    1.111074388027e-001  2.857227897644e+001
 126    1.127442941070e-001  2.879409599304e+001
 127    1.143896132708e-001  2.863390541077e+001
 128    1.160432994366e-001  2.825374984741e+001
 129    1.177052482963e-001  2.818632888794e+001
 130    1.193753555417e-001  2.832893180847e+001
 131    1.210535243154e-001  2.818366241455e+001
 132    1.227396428585e-001  2.823365211487e+001
 133    1.244336143136e-001  2.808830642700e+001
 134    1.261353343725e-001  2.793052673340e+001
 135    1.278446912766e-001  2.789490890503e+001
 136    1.295615881681e-001  2.807713317871e+001
 137    1.312859058380e-001  2.791719055176e+001
 138    1.330175399780e-001  2.769639205933e+001
 139    1.347564011812e-001  2.776450920105e+001
 140    1.365023702383e-001  2.787566566467e+001
 141    1.382553428411e-001  2.773758888245e+001
 142    1.400152146816e-001  2.752779769897e+001
 143    1.417818516493e-001  2.759505081177e+001
 144    1.435551792383e-001  2.759692764282e+001
 145    1.453350633383e-001  2.743010330200e+001
 146    1.471214145422e-001  2.774391746521e+001
 147    1.489140987396e-001  2.732072257996e+001
 148    1.507130265236e-001  2.714637374878e+001
 149    1.525180786848e-001  2.699248123169e+001
 150    1.543291360140e-001  2.801302719116e+001
 151    1.561461091042e-001  2.745237350464e+001
 152    1.579688638449e-001  2.700599861145e+001
 153    1.597972959280e-001  2.685867309570e+001
 154    1.616312861443e-001  2.695637130737e+001
 155    1.634707301855e-001  2.684990119934e+001
 156    1.653155237436e-001  2.682488250732e+001
 157    1.671655327082e-001  2.682558822632e+001
 158    1.690206527710e-001  2.635660171509e+001
 159    1.708807647228e-001  2.692031288147e+001
 160    1.727457493544e-001  2.682411766052e+001
 161    1.746155172586e-001  2.649316406250e+001
 162    1.764899194241e-001  2.646161651611e+001
 163    1.783688664436e-001  2.663768959045e+001
 164    1.802522242069e-001  2.638076019287e+001
 165    1.821398884058e-001  2.669808578491e+001
 166    1.840317398310e-001  2.626921653748e+001
 167    1.859276592731e-001  2.592171287537e+001
 168    1.878275275230e-001  2.578824234009e+001
 169    1.897312402725e-001  2.580191802979e+001
 170    1.916386634111e-001  2.567597579956e+001
 171    1.935496777296e-001  2.612841987610e+001
 172    1.954641938210e-001  2.572247886658e+001
 173    1.973820626736e-001  2.583969497681e+001
 174    1.993031799793e-001  2.558176994324e+001
 175    2.012274265289e-001  2.548290252686e+001
 176    2.031546682119e-001  2.543715667725e+001
 177    2.050848156214e-001  2.523902511597e+001
 178    2.070177197456e-001  2.508871650696e+001
 179    2.089532911777e-001  2.521890640259e+001
 180    2.108913809061e-001  2.516354751587e+001
 181    2.128318846226e-001  2.520803642273e+001
 182    2.147746980190e-001  2.489184379578e+001
 183    2.167196720839e-001  2.504698371887e+001
 184    2.186666876078e-001  2.500528907776e+001
 185    2.206156551838e-001  2.485988044739e+001
 186    2.225664258003e-001  2.466865921021e+001
 187    2.245188802481e-001  2.494172859192e+001
 188    2.264729291201e-001  2.467845535278e+001
 189    2.284284085035e-001  2.470608329773e+001
 190    2.303852289915e-001  2.438529396057e+001
 191    2.323432564735e-001  2.455568504333e+001
 192    2.343023717403e-001  2.437658691406e+001
 193    2.362624555826e-001  2.422722053528e+001
 194    2.382233887911e-001  2.424164581299e+001
 195    2.401850521564e-001  2.400288200378e+001
 196    2.421473115683e-001  2.421526336670e+001
 197    2.441100627184e-001  2.363547134399e+001
 198    2.460731714964e-001  2.383408164978e+001
 199    2.480365186930e-001  2.366011810303e+001
 200    2.500000000000e-001  2.400897789001e+001
