                -0.000000                 0.000010
                -0.000000                 0.000039
                -0.000000                 0.000089
                -0.000000                 0.000158
                -0.000000                 0.000246
                -0.000000                 0.000354
                -0.000000                 0.000481
                -0.000000                 0.000628
                -0.000000                 0.000793
                 0.009518                 0.000978
                 0.012484                 0.001181
                 0.012484                 0.001403
                 0.012484                 0.001643
                 0.018769                 0.001902
                -0.041619                 0.002178
                -0.155698                 0.002471
                -0.224368                 0.002782
                -0.354395                 0.003110
                -0.529149                 0.003455
                -0.661313                 0.003816
                -0.881075                 0.004193
                -1.013133                 0.004585
                 1.619903                 0.004993
                 2.261657                 0.005415
                 2.493950                 0.005852
                 2.554233                 0.006303
                 2.554233                 0.006767
                 2.554233                 0.007245
                 2.554233                 0.007735
                 2.554233                 0.008237
                 2.554233                 0.008750
                 2.554233                 0.009275
                 2.554233                 0.009810
                 2.554233                 0.010356
                 2.554233                 0.010910
                 2.554233                 0.011474
                 2.554233                 0.012046
                 2.554233                 0.012626
                 2.554233                 0.013214
                 2.554233                 0.013808
                 2.554233                 0.014408
                 2.554233                 0.015013
                 2.554233                 0.015624
                 2.554233                 0.016239
                 2.554233                 0.016857
                 2.554233                 0.017479
                 2.554233                 0.018103
                 2.554233                 0.018729
                 2.554233                 0.019356
                 2.554233                 0.019984
