     0.000000    -0.000000     0.001150
     0.052632    -0.000000     0.001510
     0.105263    -0.000000     0.001674
     0.157895    -0.000000     0.001563
     0.210160     0.001275     0.001153
     0.262753     0.000284     0.000552
     0.315250     0.000803     0.000121
     0.367913     0.000099     0.000006
     0.420475     0.000495     0.000000
     0.473125    -0.000061     0.000000
     0.525734     0.000282     0.000000
     0.578352    -0.000239     0.000000
     0.631023     0.000077     0.000002
     0.683618    -0.000482     0.000104
     0.736401    -0.000164     0.000556
     0.789037    -0.000704     0.001268
     0.842105     0.000000     0.001837
     0.894737     0.000000     0.002099
     0.947368     0.000000     0.002030
     1.000000     0.000000     0.001699
     0.000134     0.051942     0.001126
     0.053009     0.051663     0.001393
     0.105518     0.051620     0.001497
     0.157321     0.051651     0.001382
     0.209902     0.053019     0.001028
     0.262935     0.052120     0.000521
     0.315261     0.052473     0.000128
     0.368086     0.051888     0.000006
     0.420524     0.052177     0.000000
     0.473240     0.051706     0.000000
     0.525799     0.051971     0.000000
     0.578456     0.051521     0.000000
     0.631112     0.051761     0.000002
     0.683712     0.051259     0.000118
     0.736390     0.051508     0.000542
     0.788895     0.050923     0.001151
     0.841446     0.051774     0.001640
     0.895016     0.051878     0.001876
     0.947783     0.051768     0.001851
     1.000091     0.051501     0.001610
    -0.000030     0.103303     0.000880
     0.053083     0.103350     0.001087
     0.105399     0.104461     0.001171
     0.157680     0.103974     0.001077
     0.209976     0.104407     0.000788
     0.262960     0.103668     0.000381
     0.315276     0.104245     0.000084
     0.368137     0.103527     0.000004
     0.420539     0.104009     0.000000
     0.473321     0.103376     0.000000
     0.525832     0.103771     0.000000
     0.578491     0.103184     0.000000
     0.631105     0.103561     0.000001
     0.683646     0.102997     0.000077
     0.736355     0.103402     0.000398
     0.788697     0.102774     0.000887
     0.841458     0.103038     0.001279
     0.894457     0.102597     0.001465
     0.947266     0.103525     0.001435
     0.999516     0.103723     0.001235
    -0.000658     0.154897     0.000506
     0.051906     0.155107     0.000647
     0.104351     0.155672     0.000720
     0.157586     0.155830     0.000659
     0.209944     0.155997     0.000456
     0.262881     0.155573     0.000182
     0.315295     0.155849     0.000024
     0.368147     0.155335     0.000000
     0.420619     0.155635     0.000000
     0.473332     0.155115     0.000000
     0.525904     0.155480     0.000000
     0.578536     0.154963     0.000000
     0.631213     0.155288     0.000000
     0.683729     0.154756     0.000019
     0.736473     0.155065     0.000186
     0.788953     0.154651     0.000510
     0.841771     0.154724     0.000778
     0.893913     0.154691     0.000896
     0.946702     0.155208     0.000848
     0.999420     0.155273     0.000689
    -0.000177     0.207088     0.000173
     0.052342     0.207149     0.000207
     0.105083     0.207551     0.000245
     0.157509     0.207204     0.000225
     0.210288     0.207647     0.000130
     0.262832     0.207086     0.000033
     0.315481     0.207575     0.000002
     0.368084     0.206954     0.000000
     0.420672     0.207470     0.000000
     0.473351     0.206838     0.000000
     0.525904     0.207246     0.000000
     0.578579     0.206643     0.000000
     0.631101     0.207058     0.000000
     0.683807     0.206552     0.000001
     0.736318     0.206875     0.000031
     0.789019     0.206376     0.000139
     0.841478     0.206708     0.000262
     0.894227     0.206409     0.000296
     0.946765     0.206743     0.000257
     0.999456     0.206885     0.000207
    -0.000810     0.258626     0.000029
     0.051843     0.258676     0.000027
     0.104432     0.258946     0.000028
     0.157347     0.259086     0.000025
     0.209954     0.259210     0.000012
     0.262769     0.259025     0.000001
     0.315348     0.259175     0.000000
     0.368099     0.258836     0.000000
     0.420689     0.258996     0.000000
     0.473347     0.258594     0.000000
     0.525971     0.258919     0.000000
     0.578584     0.258494     0.000000
     0.631249     0.258756     0.000000
     0.683789     0.258278     0.000000
     0.736468     0.258579     0.000001
     0.788973     0.258236     0.000013
     0.841624     0.258427     0.000029
     0.894060     0.258312     0.000033
     0.946679     0.258575     0.000031
     0.999317     0.258476     0.000027
    -0.000195     0.310762     0.000000
     0.052318     0.310747     0.000000
     0.105046     0.310855     0.000000
     0.157521     0.310509     0.000000
     0.210291     0.310899     0.000000
     0.262806     0.310467     0.000000
     0.315529     0.310900     0.000000
     0.368069     0.310374     0.000000
     0.420726     0.310892     0.000000
     0.473342     0.310327     0.000000
     0.525935     0.310680     0.000000
     0.578597     0.310133     0.000000
     0.631134     0.310529     0.000000
     0.683849     0.310131     0.000000
     0.736344     0.310362     0.000000
     0.789067     0.310021     0.000000
     0.841548     0.310243     0.000001
     0.894280     0.310047     0.000001
     0.946842     0.310115     0.000001
     0.999543     0.310188     0.000000
    -0.000817     0.362254     0.000067
     0.051887     0.362134     0.000065
     0.104562     0.362291     0.000048
     0.157380     0.362423     0.000032
     0.209997     0.362522     0.000025
     0.262749     0.362431     0.000029
     0.315355     0.362549     0.000044
     0.368057     0.362319     0.000066
     0.420690     0.362350     0.000091
     0.473370     0.362057     0.000107
     0.526021     0.362357     0.000108
     0.578604     0.362030     0.000091
     0.631250     0.362227     0.000059
     0.683814     0.361764     0.000029
     0.736496     0.362119     0.000016
     0.789015     0.361759     0.000017
     0.841684     0.362050     0.000017
     0.894149     0.361806     0.000040
     0.946780     0.362037     0.000143
     0.999344     0.361783     0.000246
     0.000022     0.414375     0.000339
     0.052474     0.414234     0.000344
     0.105161     0.414198     0.000318
     0.157554     0.413862     0.000272
     0.210343     0.414260     0.000232
     0.262774     0.413855     0.000248
     0.315567     0.414280     0.000343
     0.368063     0.413773     0.000479
     0.420792     0.414321     0.000601
     0.473271     0.413785     0.000672
     0.525926     0.414126     0.000673
     0.578574     0.413615     0.000596
     0.631207     0.414009     0.000456
     0.683854     0.413682     0.000291
     0.736362     0.413845     0.000160
     0.789128     0.413580     0.000103
     0.841603     0.413741     0.000145
     0.894457     0.413604     0.000437
     0.946996     0.413517     0.000950
     0.999799     0.413584     0.001444
    -0.000702     0.465901     0.000796
     0.052101     0.465438     0.000848
     0.104831     0.465699     0.000902
     0.157490     0.465834     0.000937
     0.210070     0.465956     0.000954
     0.262735     0.465845     0.001033
     0.315399     0.465978     0.001251
     0.367970     0.465805     0.001553
     0.420654     0.465713     0.001806
     0.473417     0.465498     0.001931
     0.526115     0.465812     0.001928
     0.578595     0.465557     0.001785
     0.631185     0.465685     0.001507
     0.683856     0.465224     0.001109
     0.736546     0.465629     0.000706
     0.789095     0.465203     0.000496
     0.841818     0.465635     0.000819
     0.894249     0.465172     0.001949
     0.947036     0.465626     0.003494
     0.999361     0.465075     0.004957
     0.001153     0.518079     0.001620
     0.052930     0.517506     0.002170
     0.105181     0.517695     0.002697
     0.157209     0.517260     0.003142
     0.210430     0.517744     0.003378
     0.262585     0.517268     0.003449
     0.315542     0.517701     0.003406
     0.368204     0.517168     0.003451
     0.421107     0.517754     0.003511
     0.472942     0.517222     0.003552
     0.525712     0.517587     0.003522
     0.578538     0.517101     0.003391
     0.631560     0.517468     0.003123
     0.683749     0.517230     0.002792
     0.736303     0.517275     0.002546
     0.789138     0.517058     0.002788
     0.841406     0.517236     0.004213
     0.894854     0.517034     0.007514
     0.946837     0.517006     0.011935
     1.000809     0.516962     0.016159
     0.002922     0.570657     0.004323
     0.055119     0.569723     0.006899
     0.107122     0.570405     0.009698
     0.158112     0.569758     0.011671
     0.209680     0.569348     0.012061
     0.262884     0.569509     0.011454
     0.315050     0.569444     0.009862
     0.366120     0.569661     0.007579
     0.416133     0.570343     0.005755
     0.467335     0.569766     0.004789
     0.520148     0.568800     0.004622
     0.573527     0.568066     0.004810
     0.628491     0.568179     0.005726
     0.684024     0.568706     0.007389
     0.736743     0.568938     0.009552
     0.788729     0.568906     0.012224
     0.842268     0.568338     0.017140
     0.894614     0.568885     0.026054
     0.947450     0.567374     0.036507
     1.008177     0.564304     0.047298
     0.003844     0.622259     0.012568
     0.056984     0.621681     0.021781
     0.109938     0.622885     0.031347
     0.162755     0.623365     0.038627
     0.212615     0.622401     0.040071
     0.261894     0.620925     0.036149
     0.313598     0.623240     0.028609
     0.362772     0.624204     0.018890
     0.416082     0.624013     0.010728
     0.469519     0.621521     0.006083
     0.521589     0.620472     0.004775
     0.574381     0.618916     0.006827
     0.625681     0.616955     0.012253
     0.680188     0.617720     0.021030
     0.735953     0.620895     0.031504
     0.789939     0.620311     0.042103
     0.841803     0.619775     0.054890
     0.896259     0.620336     0.070944
     0.955958     0.612980     0.086587
     1.009550     0.609289     0.104010
     0.055588     0.673576     0.065616
     0.105876     0.674038     0.091268
     0.157693     0.675069     0.112059
     0.211732     0.678185     0.117271
     0.261954     0.676399     0.101808
     0.311703     0.676857     0.074071
     0.364534     0.676120     0.043943
     0.417467     0.672275     0.021458
     0.470386     0.673360     0.009494
     0.523184     0.672193     0.006346
     0.575642     0.672143     0.011575
     0.628169     0.671372     0.026361
     0.679277     0.667558     0.052896
     0.735043     0.668012     0.087709
     0.790874     0.672072     0.119448
     0.843264     0.671628     0.142624
     0.900028     0.663885     0.156667
     0.955844     0.664240     0.168475
     0.999542     0.667767     0.181146
     0.105170     0.731124     0.195674
     0.153880     0.721885     0.235067
     0.208367     0.730944     0.247979
     0.262989     0.726262     0.211409
     0.312622     0.731385     0.146057
     0.366812     0.726189     0.080844
     0.419301     0.727097     0.037343
     0.471160     0.724384     0.016607
     0.524547     0.724086     0.011863
     0.576428     0.722837     0.020149
     0.629747     0.721452     0.047047
     0.682681     0.720736     0.101568
     0.732234     0.715909     0.178467
     0.793014     0.724520     0.242813
     0.848874     0.714378     0.268969
     0.914308     0.716987     0.267959
     0.941787     0.729111     0.263652
     0.997627     0.732158     0.259996
     0.105802     0.768299     0.201412
     0.153473     0.778097     0.248180
     0.213249     0.769954     0.270032
     0.258360     0.771018     0.239918
     0.305150     0.770742     0.172733
     0.364326     0.776373     0.100031
     0.419221     0.776452     0.049215
     0.472799     0.776522     0.025014
     0.524071     0.775723     0.019567
     0.578035     0.775662     0.029390
     0.629640     0.774931     0.060817
     0.678789     0.775649     0.123865
     0.723880     0.785295     0.207639
     0.794725     0.776393     0.270115
     0.843696     0.784047     0.286076
     0.917823     0.786027     0.276002
     0.940892     0.770667     0.266074
     0.996574     0.767961     0.259931
     0.055717     0.826440     0.067490
     0.105928     0.825884     0.097118
     0.157884     0.824561     0.127146
     0.212066     0.821545     0.144790
     0.262251     0.823692     0.140096
     0.311830     0.823046     0.115280
     0.364616     0.824287     0.077629
     0.418518     0.827586     0.045165
     0.472385     0.828305     0.027666
     0.525676     0.827619     0.023444
     0.577459     0.825743     0.031158
     0.629078     0.828486     0.052846
     0.679262     0.832446     0.089977
     0.735119     0.832056     0.130505
     0.790984     0.827920     0.155445
     0.843489     0.828452     0.165225
     0.900269     0.836261     0.167262
     0.956225     0.835879     0.171400
     1.000046     0.832339     0.180852
     0.004219     0.877582     0.012842
     0.057467     0.878191     0.022526
     0.110428     0.877043     0.033555
     0.163164     0.876478     0.044178
     0.212590     0.877694     0.050814
     0.262022     0.878993     0.052286
     0.313704     0.876829     0.049189
     0.363106     0.875565     0.039678
     0.416435     0.876163     0.029050
     0.469979     0.878510     0.022114
     0.523088     0.879442     0.020434
     0.574968     0.881220     0.023514
     0.625869     0.883057     0.031485
     0.680325     0.882417     0.042202
     0.736176     0.879155     0.051168
     0.790021     0.879774     0.056347
     0.841945     0.880067     0.063866
     0.896392     0.879791     0.075418
     0.956172     0.887161     0.087890
     1.009702     0.890796     0.103755
     0.003125     0.929222     0.004463
     0.055242     0.930251     0.007166
     0.107207     0.929551     0.010338
     0.158126     0.930241     0.013334
     0.209805     0.930596     0.015243
     0.263042     0.930443     0.016183
     0.315197     0.930452     0.016139
     0.366205     0.930330     0.015276
     0.416221     0.929583     0.014189
     0.467693     0.930194     0.013541
     0.520181     0.931042     0.013378
     0.573688     0.931899     0.013555
     0.628587     0.931894     0.014161
     0.684148     0.931335     0.014809
     0.736884     0.931120     0.015129
     0.788973     0.931126     0.016077
     0.842424     0.931725     0.019587
     0.894665     0.931161     0.027201
     0.947627     0.932663     0.036701
     1.008355     0.935753     0.047163
     0.001263     0.981853     0.001682
     0.053004     0.982413     0.002252
     0.105299     0.982308     0.002832
     0.157351     0.982664     0.003413
     0.210568     0.982246     0.003947
     0.262711     0.982652     0.004328
     0.315660     0.982328     0.004476
     0.368374     0.982720     0.004999
     0.421270     0.982191     0.005858
     0.472955     0.982694     0.006662
     0.525921     0.982505     0.006853
     0.578572     0.983040     0.006390
     0.631752     0.982622     0.005322
     0.683891     0.982828     0.004225
     0.736466     0.982726     0.003489
     0.789224     0.982991     0.003464
     0.841542     0.982832     0.004568
     0.894977     0.983027     0.007613
     0.946948     0.983048     0.011931
     1.000930     0.983126     0.016108
    -0.000595     1.034062     0.000827
     0.052215     1.034536     0.000876
     0.104933     1.034226     0.000928
     0.157584     1.034142     0.000961
     0.210169     1.033980     0.000974
     0.262841     1.034130     0.001055
     0.315505     1.033923     0.001295
     0.368090     1.034159     0.001667
     0.420747     1.034281     0.002164
     0.473598     1.034470     0.002574
     0.526158     1.034114     0.002703
     0.578778     1.034384     0.002383
     0.631288     1.034308     0.001811
     0.684000     1.034821     0.001185
     0.736657     1.034441     0.000732
     0.789234     1.034840     0.000512
     0.841935     1.034412     0.000833
     0.894372     1.034877     0.001961
     0.947160     1.034406     0.003497
     0.999483     1.034955     0.004952
     0.000120     1.085551     0.000349
     0.052568     1.085698     0.000351
     0.105266     1.085791     0.000322
     0.157660     1.086074     0.000274
     0.210456     1.085727     0.000235
     0.262878     1.086078     0.000254
     0.315685     1.085725     0.000352
     0.368148     1.086152     0.000494
     0.420911     1.085629     0.000629
     0.473327     1.086180     0.000730
     0.526061     1.085940     0.000745
     0.578620     1.086457     0.000651
     0.631317     1.086067     0.000479
     0.683929     1.086354     0.000300
     0.736480     1.086174     0.000163
     0.789216     1.086460     0.000105
     0.841712     1.086314     0.000148
     0.894560     1.086449     0.000441
     0.947099     1.086547     0.000955
     0.999902     1.086503     0.001450
    -0.000731     1.137719     0.000069
     0.051975     1.137838     0.000066
     0.104640     1.137644     0.000047
     0.157461     1.137551     0.000031
     0.210070     1.137421     0.000025
     0.262834     1.137540     0.000031
     0.315426     1.137383     0.000045
     0.368158     1.137656     0.000066
     0.420748     1.137643     0.000093
     0.473471     1.137918     0.000111
     0.526062     1.137590     0.000112
     0.578723     1.137927     0.000094
     0.631325     1.137756     0.000060
     0.683933     1.138264     0.000030
     0.736576     1.137931     0.000016
     0.789120     1.138284     0.000017
     0.841772     1.137982     0.000017
     0.894249     1.138236     0.000040
     0.946879     1.137993     0.000144
     0.999444     1.138245     0.000247
    -0.000107     1.189162     0.000000
     0.052401     1.189198     0.000000
     0.105135     1.189132     0.000000
     0.157602     1.189439     0.000000
     0.210379     1.189087     0.000000
     0.262882     1.189482     0.000000
     0.315616     1.189095     0.000000
     0.368125     1.189576     0.000000
     0.420815     1.189075     0.000000
     0.473399     1.189654     0.000000
     0.526028     1.189362     0.000000
     0.578637     1.189908     0.000000
     0.631204     1.189526     0.000000
     0.683892     1.189891     0.000000
     0.736423     1.189661     0.000000
     0.789132     1.190004     0.000000
     0.841630     1.189803     0.000001
     0.894357     1.189992     0.000001
     0.946922     1.189945     0.000001
     0.999625     1.189897     0.000000
    -0.000755     1.241361     0.000031
     0.051901     1.241302     0.000029
     0.104481     1.241002     0.000028
     0.157401     1.240893     0.000025
     0.210003     1.240744     0.000012
     0.262828     1.240949     0.000001
     0.315395     1.240779     0.000000
     0.368169     1.241144     0.000000
     0.420726     1.240995     0.000000
     0.473406     1.241386     0.000000
     0.526001     1.241047     0.000000
     0.578660     1.241479     0.000000
     0.631303     1.241230     0.000000
     0.683873     1.241739     0.000000
     0.736522     1.241452     0.000001
     0.789044     1.241798     0.000013
     0.841680     1.241592     0.000029
     0.894125     1.241722     0.000034
     0.946748     1.241447     0.000032
     0.999388     1.241541     0.000029
    -0.000100     1.292838     0.000187
     0.052412     1.292810     0.000216
     0.105151     1.292445     0.000247
     0.157570     1.292753     0.000224
     0.210349     1.292342     0.000129
     0.262883     1.292875     0.000033
     0.315539     1.292415     0.000002
     0.368123     1.293011     0.000000
     0.420733     1.292509     0.000000
     0.473397     1.293148     0.000000
     0.525965     1.292778     0.000000
     0.578609     1.293378     0.000000
     0.631144     1.292978     0.000000
     0.683831     1.293461     0.000001
     0.736366     1.293148     0.000031
     0.789060     1.293637     0.000138
     0.841533     1.293332     0.000261
     0.894278     1.293611     0.000298
     0.946820     1.293302     0.000265
     0.999514     1.293194     0.000221
    -0.000639     1.345110     0.000542
     0.051921     1.344887     0.000668
     0.104370     1.344293     0.000727
     0.157608     1.344157     0.000655
     0.209973     1.343969     0.000450
     0.262914     1.344404     0.000179
     0.315324     1.344120     0.000024
     0.368189     1.344646     0.000000
     0.420642     1.344353     0.000000
     0.473366     1.344869     0.000000
     0.525924     1.344501     0.000000
     0.578581     1.345022     0.000000
     0.631248     1.344708     0.000000
     0.683781     1.345256     0.000019
     0.736503     1.344955     0.000184
     0.788992     1.345374     0.000506
     0.841792     1.345285     0.000776
     0.893941     1.345333     0.000904
     0.946730     1.344799     0.000870
     0.999455     1.344727     0.000726
     0.000020     1.396633     0.000934
     0.053158     1.396623     0.001118
     0.105448     1.395554     0.001182
     0.157728     1.395982     0.001071
     0.210011     1.395582     0.000778
     0.262994     1.396304     0.000375
     0.315308     1.395739     0.000082
     0.368164     1.396448     0.000004
     0.420574     1.395976     0.000000
     0.473353     1.396612     0.000000
     0.525868     1.396238     0.000000
     0.578512     1.396823     0.000000
     0.631129     1.396460     0.000001
     0.683659     1.397013     0.000076
     0.736381     1.396620     0.000394
     0.788719     1.397232     0.000881
     0.841493     1.397006     0.001277
     0.894485     1.397393     0.001479
     0.947311     1.396498     0.001469
     0.999535     1.396346     0.001291
     0.000151     1.448047     0.001192
     0.053000     1.448332     0.001430
     0.105532     1.448379     0.001509
     0.157329     1.448347     0.001374
     0.209903     1.446957     0.001015
     0.262956     1.447858     0.000512
     0.315274     1.447505     0.000126
     0.368110     1.448090     0.000006
     0.420540     1.447812     0.000000
     0.473258     1.448279     0.000000
     0.525815     1.448025     0.000000
     0.578477     1.448474     0.000000
     0.631134     1.448247     0.000002
     0.683731     1.448751     0.000117
     0.736408     1.448509     0.000535
     0.788898     1.449095     0.001142
     0.841447     1.448228     0.001637
     0.895038     1.448119     0.001894
     0.947769     1.448238     0.001893
     1.000108     1.448510     0.001679
     0.000000     1.500000     0.001224
     0.052632     1.500000     0.001550
     0.105263     1.500000     0.001684
     0.157895     1.500000     0.001551
     0.210176     1.498698     0.001137
     0.262764     1.499694     0.000543
     0.315268     1.499176     0.000119
     0.367927     1.499878     0.000006
     0.420491     1.499495     0.000000
     0.473140     1.500046     0.000000
     0.525748     1.499718     0.000000
     0.578366     1.500235     0.000000
     0.631034     1.499934     0.000002
     0.683631     1.500493     0.000102
     0.736409     1.500182     0.000549
     0.789048     1.500725     0.001257
     0.842105     1.500000     0.001831
     0.894737     1.500000     0.002116
     0.947368     1.500000     0.002076
     1.000000     1.500000     0.001776
