     0.000000    -0.000000     0.009133
     0.052632    -0.000000     0.011882
     0.105263    -0.000000     0.013127
     0.157895    -0.000000     0.012290
     0.210160     0.001275     0.009151
     0.262753     0.000284     0.004448
     0.315250     0.000803     0.000987
     0.367913     0.000099     0.000048
     0.420475     0.000495     0.000000
     0.473125    -0.000061     0.000000
     0.525734     0.000282     0.000000
     0.578352    -0.000239     0.000000
     0.631023     0.000077     0.000016
     0.683618    -0.000482     0.000846
     0.736401    -0.000164     0.004479
     0.789037    -0.000704     0.010040
     0.842105     0.000000     0.014347
     0.894737     0.000000     0.016298
     0.947368     0.000000     0.015790
     1.000000     0.000000     0.013312
     0.000134     0.051942     0.008943
     0.053009     0.051663     0.010998
     0.105518     0.051620     0.011786
     0.157321     0.051651     0.010912
     0.209902     0.053019     0.008184
     0.262935     0.052120     0.004198
     0.315261     0.052473     0.001046
     0.368086     0.051888     0.000053
     0.420524     0.052177     0.000000
     0.473240     0.051706     0.000000
     0.525799     0.051971     0.000000
     0.578456     0.051521     0.000000
     0.631112     0.051761     0.000018
     0.683712     0.051259     0.000963
     0.736390     0.051508     0.004364
     0.788895     0.050923     0.009139
     0.841446     0.051774     0.012867
     0.895016     0.051878     0.014640
     0.947783     0.051768     0.014455
     1.000091     0.051501     0.012642
    -0.000030     0.103303     0.007029
     0.053083     0.103350     0.008643
     0.105399     0.104461     0.009295
     0.157680     0.103974     0.008566
     0.209976     0.104407     0.006311
     0.262960     0.103668     0.003080
     0.315276     0.104245     0.000682
     0.368137     0.103527     0.000031
     0.420539     0.104009     0.000000
     0.473321     0.103376     0.000000
     0.525832     0.103771     0.000000
     0.578491     0.103184     0.000000
     0.631105     0.103561     0.000011
     0.683646     0.102997     0.000631
     0.736355     0.103402     0.003221
     0.788697     0.102774     0.007089
     0.841458     0.103038     0.010123
     0.894457     0.102597     0.011541
     0.947266     0.103525     0.011318
     0.999516     0.103723     0.009785
    -0.000658     0.154897     0.004079
     0.051906     0.155107     0.005201
     0.104351     0.155672     0.005779
     0.157586     0.155830     0.005293
     0.209944     0.155997     0.003680
     0.262881     0.155573     0.001480
     0.315295     0.155849     0.000194
     0.368147     0.155335     0.000004
     0.420619     0.155635     0.000000
     0.473332     0.155115     0.000000
     0.525904     0.155480     0.000000
     0.578536     0.154963     0.000000
     0.631213     0.155288     0.000001
     0.683729     0.154756     0.000152
     0.736473     0.155065     0.001511
     0.788953     0.154651     0.004112
     0.841771     0.154724     0.006234
     0.893913     0.154691     0.007155
     0.946702     0.155208     0.006781
     0.999420     0.155273     0.005532
    -0.000177     0.207088     0.001403
     0.052342     0.207149     0.001682
     0.105083     0.207551     0.001990
     0.157509     0.207204     0.001830
     0.210288     0.207647     0.001059
     0.262832     0.207086     0.000272
     0.315481     0.207575     0.000014
     0.368084     0.206954     0.000000
     0.420672     0.207470     0.000000
     0.473351     0.206838     0.000000
     0.525904     0.207246     0.000000
     0.578579     0.206643     0.000000
     0.631101     0.207058     0.000000
     0.683807     0.206552     0.000011
     0.736318     0.206875     0.000254
     0.789019     0.206376     0.001132
     0.841478     0.206708     0.002122
     0.894227     0.206409     0.002398
     0.946765     0.206743     0.002082
     0.999456     0.206885     0.001685
    -0.000810     0.258626     0.000238
     0.051843     0.258676     0.000222
     0.104432     0.258946     0.000225
     0.157347     0.259086     0.000206
     0.209954     0.259210     0.000098
     0.262769     0.259025     0.000012
     0.315348     0.259175     0.000000
     0.368099     0.258836     0.000000
     0.420689     0.258996     0.000000
     0.473347     0.258594     0.000000
     0.525971     0.258919     0.000000
     0.578584     0.258494     0.000000
     0.631249     0.258756     0.000000
     0.683789     0.258278     0.000000
     0.736468     0.258579     0.000012
     0.788973     0.258236     0.000106
     0.841624     0.258427     0.000236
     0.894060     0.258312     0.000271
     0.946679     0.258575     0.000249
     0.999317     0.258476     0.000220
    -0.000195     0.310762     0.000000
     0.052318     0.310747     0.000000
     0.105046     0.310855     0.000000
     0.157521     0.310509     0.000000
     0.210291     0.310899     0.000000
     0.262806     0.310467     0.000000
     0.315529     0.310900     0.000000
     0.368069     0.310374     0.000000
     0.420726     0.310892     0.000000
     0.473342     0.310327     0.000000
     0.525935     0.310680     0.000000
     0.578597     0.310133     0.000000
     0.631134     0.310529     0.000000
     0.683849     0.310131     0.000000
     0.736344     0.310362     0.000000
     0.789067     0.310021     0.000001
     0.841548     0.310243     0.000006
     0.894280     0.310047     0.000010
     0.946842     0.310115     0.000007
     0.999543     0.310188     0.000001
    -0.000817     0.362254     0.000549
     0.051887     0.362134     0.000532
     0.104562     0.362291     0.000393
     0.157380     0.362423     0.000261
     0.209997     0.362522     0.000202
     0.262749     0.362431     0.000240
     0.315355     0.362549     0.000358
     0.368057     0.362319     0.000535
     0.420690     0.362350     0.000742
     0.473370     0.362057     0.000874
     0.526021     0.362357     0.000879
     0.578604     0.362030     0.000740
     0.631250     0.362227     0.000478
     0.683814     0.361764     0.000240
     0.736496     0.362119     0.000131
     0.789015     0.361759     0.000136
     0.841684     0.362050     0.000140
     0.894149     0.361806     0.000328
     0.946780     0.362037     0.001163
     0.999344     0.361783     0.001996
     0.000022     0.414375     0.002744
     0.052474     0.414234     0.002782
     0.105161     0.414198     0.002579
     0.157554     0.413862     0.002203
     0.210343     0.414260     0.001885
     0.262774     0.413855     0.002016
     0.315567     0.414280     0.002777
     0.368063     0.413773     0.003863
     0.420792     0.414321     0.004833
     0.473271     0.413785     0.005393
     0.525926     0.414126     0.005401
     0.578574     0.413615     0.004799
     0.631207     0.414009     0.003683
     0.683854     0.413682     0.002358
     0.736362     0.413845     0.001302
     0.789128     0.413580     0.000837
     0.841603     0.413741     0.001176
     0.894457     0.413604     0.003533
     0.946996     0.413517     0.007581
     0.999799     0.413584     0.011383
    -0.000702     0.465901     0.006372
     0.052101     0.465438     0.006779
     0.104831     0.465699     0.007200
     0.157490     0.465834     0.007473
     0.210070     0.465956     0.007608
     0.262735     0.465845     0.008224
     0.315399     0.465978     0.009909
     0.367970     0.465805     0.012214
     0.420654     0.465713     0.014116
     0.473417     0.465498     0.015054
     0.526115     0.465812     0.015030
     0.578595     0.465557     0.013963
     0.631185     0.465685     0.011862
     0.683856     0.465224     0.008810
     0.736546     0.465629     0.005663
     0.789095     0.465203     0.003999
     0.841818     0.465635     0.006553
     0.894249     0.465172     0.015185
     0.947036     0.465626     0.026296
     0.999361     0.465075     0.036159
     0.001153     0.518079     0.012719
     0.052930     0.517506     0.016822
     0.105181     0.517695     0.020661
     0.157209     0.517260     0.023829
     0.210430     0.517744     0.025487
     0.262585     0.517268     0.025981
     0.315542     0.517701     0.025682
     0.368204     0.517168     0.025995
     0.421107     0.517754     0.026411
     0.472942     0.517222     0.026698
     0.525712     0.517587     0.026487
     0.578538     0.517101     0.025577
     0.631560     0.517468     0.023697
     0.683749     0.517230     0.021341
     0.736303     0.517275     0.019566
     0.789138     0.517058     0.021314
     0.841406     0.517236     0.031214
     0.894854     0.517034     0.052084
     0.946837     0.517006     0.076421
     1.000809     0.516962     0.096706
     0.002922     0.570657     0.031954
     0.055119     0.569723     0.048396
     0.107122     0.570405     0.064560
     0.158112     0.569758     0.075066
     0.209680     0.569348     0.077062
     0.262884     0.569509     0.073939
     0.315050     0.569444     0.065458
     0.366120     0.569661     0.052469
     0.416133     0.570343     0.041299
     0.467335     0.569766     0.035055
     0.520148     0.568800     0.033950
     0.573527     0.568066     0.035193
     0.628491     0.568179     0.041111
     0.684024     0.568706     0.051342
     0.736743     0.568938     0.063753
     0.788729     0.568906     0.077890
     0.842268     0.568338     0.101076
     0.894614     0.568885     0.136206
     0.947450     0.567374     0.169609
     1.008177     0.564304     0.198148
     0.003844     0.622259     0.079625
     0.056984     0.621681     0.120305
     0.109938     0.622885     0.153973
     0.162755     0.623365     0.175624
     0.212615     0.622401     0.179595
     0.261894     0.620925     0.168570
     0.313598     0.623240     0.145024
     0.362772     0.624204     0.108594
     0.416082     0.624013     0.070129
     0.469519     0.621521     0.043363
     0.521589     0.620472     0.034966
     0.574381     0.618916     0.047960
     0.625681     0.616955     0.078038
     0.680188     0.617720     0.117341
     0.735953     0.620895     0.154469
     0.789939     0.620311     0.185028
     0.841803     0.619775     0.215602
     0.896259     0.620336     0.247320
     0.955958     0.612980     0.273239
     1.009550     0.609289     0.297962
     0.055588     0.673576     0.237462
     0.105876     0.674038     0.280258
     0.157693     0.675069     0.308232
     0.211732     0.678185     0.314554
     0.261954     0.676399     0.295037
     0.311703     0.676857     0.252841
     0.364534     0.676120     0.189798
     0.417467     0.672275     0.119038
     0.470386     0.673360     0.063433
     0.523184     0.672193     0.045003
     0.575642     0.672143     0.074571
     0.628169     0.671372     0.137291
     0.679277     0.667558     0.211197
     0.735043     0.668012     0.274949
     0.790874     0.672072     0.317122
     0.843264     0.671628     0.342231
     0.900028     0.663885     0.355756
     0.955844     0.664240     0.366322
     0.999542     0.667767     0.376947
     0.105170     0.731124     0.388337
     0.153880     0.721885     0.415731
     0.208367     0.730944     0.423795
     0.262989     0.726262     0.399834
     0.312622     0.731385     0.345642
     0.366812     0.726189     0.264193
     0.419301     0.727097     0.172008
     0.471160     0.724384     0.098716
     0.524547     0.724086     0.076050
     0.576428     0.722837     0.113800
     0.629747     0.721452     0.197537
     0.682681     0.720736     0.294715
     0.732234     0.715909     0.374757
     0.793014     0.724520     0.420615
     0.848874     0.714378     0.436109
     0.914308     0.716987     0.435538
     0.941787     0.729111     0.433077
     0.997627     0.732158     0.430958
     0.105802     0.768299     0.392624
     0.153473     0.778097     0.423917
     0.213249     0.769954     0.436709
     0.258360     0.771018     0.418806
     0.305150     0.770742     0.369969
     0.364326     0.776373     0.292637
     0.419221     0.776452     0.202734
     0.472799     0.776522     0.132476
     0.524071     0.775723     0.111415
     0.578035     0.775662     0.147626
     0.629640     0.774931     0.228042
     0.678789     0.775649     0.322215
     0.723880     0.785295     0.397152
     0.794725     0.776393     0.436755
     0.843696     0.784047     0.445502
     0.917823     0.786027     0.440037
     0.940892     0.770667     0.434465
     0.996574     0.767961     0.430920
     0.055717     0.826440     0.240998
     0.105928     0.825884     0.288625
     0.157884     0.824561     0.325897
     0.212066     0.821545     0.344391
     0.262251     0.823692     0.339672
     0.311830     0.823046     0.312167
     0.364616     0.824287     0.258903
     0.418518     0.827586     0.192888
     0.472385     0.828305     0.141825
     0.525676     0.827619     0.126678
     0.577459     0.825743     0.153369
     0.629078     0.828486     0.211085
     0.679262     0.832446     0.278351
     0.735119     0.832056     0.329582
     0.790984     0.827920     0.354622
     0.843489     0.828452     0.363481
     0.900269     0.836261     0.365267
     0.956225     0.835879     0.368836
     1.000046     0.832339     0.376708
     0.004219     0.877582     0.080992
     0.057467     0.878191     0.123193
     0.110428     0.877043     0.160848
     0.163164     0.876478     0.190397
     0.212590     0.877694     0.206464
     0.262022     0.878993     0.209824
     0.313704     0.876829     0.202674
     0.363106     0.875565     0.178526
     0.416435     0.876163     0.146497
     0.469979     0.878510     0.121602
     0.523088     0.879442     0.114954
     0.574968     0.881220     0.126941
     0.625869     0.883057     0.154410
     0.680325     0.882417     0.185288
     0.736176     0.879155     0.207278
     0.790021     0.879774     0.218750
     0.841945     0.880067     0.234089
     0.896392     0.879791     0.255163
     0.956172     0.887161     0.275224
     1.009702     0.890796     0.297627
     0.003125     0.929222     0.032895
     0.055242     0.930251     0.050008
     0.107207     0.929551     0.068040
     0.158126     0.930241     0.083419
     0.209805     0.930596     0.092516
     0.263042     0.930443     0.096811
     0.315197     0.930452     0.096613
     0.366205     0.930330     0.092668
     0.416221     0.929583     0.087559
     0.467693     0.930194     0.084430
     0.520181     0.931042     0.083634
     0.573688     0.931899     0.084501
     0.628587     0.931894     0.087424
     0.684148     0.931335     0.090491
     0.736884     0.931120     0.091985
     0.788973     0.931126     0.096336
     0.842424     0.931725     0.111496
     0.894665     0.931161     0.140221
     0.947627     0.932663     0.170168
     1.008355     0.935753     0.197820
     0.001263     0.981853     0.013184
     0.053004     0.982413     0.017426
     0.105299     0.982308     0.021629
     0.157351     0.982664     0.025727
     0.210568     0.982246     0.029412
     0.262711     0.982652     0.031992
     0.315660     0.982328     0.032979
     0.368374     0.982720     0.036430
     0.421270     0.982191     0.041951
     0.472955     0.982694     0.046947
     0.525921     0.982505     0.048115
     0.578572     0.983040     0.045276
     0.631752     0.982622     0.038530
     0.683891     0.982828     0.031299
     0.736466     0.982726     0.026261
     0.789224     0.982991     0.026086
     0.841542     0.982832     0.033590
     0.894977     0.983027     0.052673
     0.946948     0.983048     0.076399
     1.000930     0.983126     0.096476
    -0.000595     1.034062     0.006620
     0.052215     1.034536     0.007001
     0.104933     1.034226     0.007407
     0.157584     1.034142     0.007663
     0.210169     1.033980     0.007767
     0.262841     1.034130     0.008397
     0.315505     1.033923     0.010244
     0.368090     1.034159     0.013073
     0.420747     1.034281     0.016777
     0.473598     1.034470     0.019769
     0.526158     1.034114     0.020700
     0.578778     1.034384     0.018383
     0.631288     1.034308     0.014154
     0.684000     1.034821     0.009397
     0.736657     1.034441     0.005868
     0.789234     1.034840     0.004130
     0.841935     1.034412     0.006663
     0.894372     1.034877     0.015273
     0.947160     1.034406     0.026316
     0.999483     1.034955     0.036126
     0.000120     1.085551     0.002824
     0.052568     1.085698     0.002841
     0.105266     1.085791     0.002611
     0.157660     1.086074     0.002221
     0.210456     1.085727     0.001911
     0.262878     1.086078     0.002061
     0.315685     1.085725     0.002850
     0.368148     1.086152     0.003982
     0.420911     1.085629     0.005059
     0.473327     1.086180     0.005856
     0.526061     1.085940     0.005970
     0.578620     1.086457     0.005228
     0.631317     1.086067     0.003864
     0.683929     1.086354     0.002430
     0.736480     1.086174     0.001328
     0.789216     1.086460     0.000857
     0.841712     1.086314     0.001202
     0.894560     1.086449     0.003561
     0.947099     1.086547     0.007614
     0.999902     1.086503     0.011431
    -0.000731     1.137719     0.000562
     0.051975     1.137838     0.000534
     0.104640     1.137644     0.000387
     0.157461     1.137551     0.000256
     0.210070     1.137421     0.000208
     0.262834     1.137540     0.000252
     0.315426     1.137383     0.000367
     0.368158     1.137656     0.000541
     0.420748     1.137643     0.000757
     0.473471     1.137918     0.000903
     0.526062     1.137590     0.000912
     0.578723     1.137927     0.000766
     0.631325     1.137756     0.000490
     0.683933     1.138264     0.000245
     0.736576     1.137931     0.000134
     0.789120     1.138284     0.000137
     0.841772     1.137982     0.000139
     0.894249     1.138236     0.000330
     0.946879     1.137993     0.001170
     0.999444     1.138245     0.002008
    -0.000107     1.189162     0.000000
     0.052401     1.189198     0.000000
     0.105135     1.189132     0.000000
     0.157602     1.189439     0.000000
     0.210379     1.189087     0.000000
     0.262882     1.189482     0.000000
     0.315616     1.189095     0.000000
     0.368125     1.189576     0.000000
     0.420815     1.189075     0.000000
     0.473399     1.189654     0.000000
     0.526028     1.189362     0.000000
     0.578637     1.189908     0.000000
     0.631204     1.189526     0.000000
     0.683892     1.189891     0.000000
     0.736423     1.189661     0.000000
     0.789132     1.190004     0.000001
     0.841630     1.189803     0.000007
     0.894357     1.189992     0.000010
     0.946922     1.189945     0.000008
     0.999625     1.189897     0.000001
    -0.000755     1.241361     0.000254
     0.051901     1.241302     0.000234
     0.104481     1.241002     0.000230
     0.157401     1.240893     0.000207
     0.210003     1.240744     0.000098
     0.262828     1.240949     0.000012
     0.315395     1.240779     0.000000
     0.368169     1.241144     0.000000
     0.420726     1.240995     0.000000
     0.473406     1.241386     0.000000
     0.526001     1.241047     0.000000
     0.578660     1.241479     0.000000
     0.631303     1.241230     0.000000
     0.683873     1.241739     0.000000
     0.736522     1.241452     0.000012
     0.789044     1.241798     0.000106
     0.841680     1.241592     0.000237
     0.894125     1.241722     0.000275
     0.946748     1.241447     0.000260
     0.999388     1.241541     0.000236
    -0.000100     1.292838     0.001518
     0.052412     1.292810     0.001753
     0.105151     1.292445     0.002007
     0.157570     1.292753     0.001821
     0.210349     1.292342     0.001048
     0.262883     1.292875     0.000271
     0.315539     1.292415     0.000014
     0.368123     1.293011     0.000000
     0.420733     1.292509     0.000000
     0.473397     1.293148     0.000000
     0.525965     1.292778     0.000000
     0.578609     1.293378     0.000000
     0.631144     1.292978     0.000000
     0.683831     1.293461     0.000011
     0.736366     1.293148     0.000253
     0.789060     1.293637     0.001124
     0.841533     1.293332     0.002117
     0.894278     1.293611     0.002419
     0.946820     1.293302     0.002153
     0.999514     1.293194     0.001798
    -0.000639     1.345110     0.004368
     0.051921     1.344887     0.005366
     0.104370     1.344293     0.005827
     0.157608     1.344157     0.005259
     0.209973     1.343969     0.003637
     0.262914     1.344404     0.001457
     0.315324     1.344120     0.000193
     0.368189     1.344646     0.000004
     0.420642     1.344353     0.000000
     0.473366     1.344869     0.000000
     0.525924     1.344501     0.000000
     0.578581     1.345022     0.000000
     0.631248     1.344708     0.000001
     0.683781     1.345256     0.000151
     0.736503     1.344955     0.001494
     0.788992     1.345374     0.004081
     0.841792     1.345285     0.006218
     0.893941     1.345333     0.007220
     0.946730     1.344799     0.006956
     0.999455     1.344727     0.005820
     0.000020     1.396633     0.007451
     0.053158     1.396623     0.008880
     0.105448     1.395554     0.009373
     0.157728     1.395982     0.008521
     0.210011     1.395582     0.006236
     0.262994     1.396304     0.003032
     0.315308     1.395739     0.000670
     0.368164     1.396448     0.000031
     0.420574     1.395976     0.000000
     0.473353     1.396612     0.000000
     0.525868     1.396238     0.000000
     0.578512     1.396823     0.000000
     0.631129     1.396460     0.000011
     0.683659     1.397013     0.000623
     0.736381     1.396620     0.003185
     0.788719     1.397232     0.007036
     0.841493     1.397006     0.010110
     0.894485     1.397393     0.011650
     0.947311     1.396498     0.011577
     0.999535     1.396346     0.010215
     0.000151     1.448047     0.009455
     0.053000     1.448332     0.011281
     0.105532     1.448379     0.011876
     0.157329     1.448347     0.010851
     0.209903     1.446957     0.008082
     0.262956     1.447858     0.004131
     0.315274     1.447505     0.001027
     0.368110     1.448090     0.000053
     0.420540     1.447812     0.000000
     0.473258     1.448279     0.000000
     0.525815     1.448025     0.000000
     0.578477     1.448474     0.000000
     0.631134     1.448247     0.000018
     0.683731     1.448751     0.000949
     0.736408     1.448509     0.004314
     0.788898     1.449095     0.009068
     0.841447     1.448228     0.012850
     0.895038     1.448119     0.014772
     0.947769     1.448238     0.014770
     1.000108     1.448510     0.013167
     0.000000     1.500000     0.009700
     0.052632     1.500000     0.012186
     0.105263     1.500000     0.013203
     0.157895     1.500000     0.012196
     0.210176     1.498698     0.009028
     0.262764     1.499694     0.004374
     0.315268     1.499176     0.000970
     0.367927     1.499878     0.000048
     0.420491     1.499495     0.000000
     0.473140     1.500046     0.000000
     0.525748     1.499718     0.000000
     0.578366     1.500235     0.000000
     0.631034     1.499934     0.000017
     0.683631     1.500493     0.000834
     0.736409     1.500182     0.004422
     0.789048     1.500725     0.009952
     0.842105     1.500000     0.014305
     0.894737     1.500000     0.016424
     0.947368     1.500000     0.016130
     1.000000     1.500000     0.013893
