                 4.512998                 0.000005
                 9.353714                 0.000020
                17.459497                 0.000044
                28.784278                 0.000079
                43.315650                 0.000123
                61.060257                 0.000177
                81.975383                 0.000240
               106.044724                 0.000313
               133.259001                 0.000396
               163.547036                 0.000488
               196.944659                 0.000590
               233.329162                 0.000701
               272.745383                 0.000821
               315.089553                 0.000950
               360.203635                 0.001088
               389.987036                 0.001234
               414.365853                 0.001390
               437.771269                 0.001554
               461.450357                 0.001726
               485.004059                 0.001906
               508.046037                 0.002094
               530.758150                 0.002290
               552.840563                 0.002494
               574.183258                 0.002705
               594.389499                 0.002923
               613.157036                 0.003148
               629.680835                 0.003380
               644.293614                 0.003619
               657.101925                 0.003863
               668.376017                 0.004114
               677.967611                 0.004371
               686.281066                 0.004633
               693.062264                 0.004900
               698.645186                 0.005173
               702.467753                 0.005450
               705.233314                 0.005732
               706.348105                 0.006018
               705.894603                 0.006307
               703.780142                 0.006601
               699.840900                 0.006898
               693.819497                 0.007197
               687.034777                 0.007500
               678.175765                 0.007805
               668.465297                 0.008112
               657.906271                 0.008421
               646.489423                 0.008732
               634.666565                 0.009044
               621.909727                 0.009357
               609.157422                 0.009670
               596.042033                 0.009984
