     0.011640     0.002414     0.000063
     0.036572     0.002414     0.000055
     0.061504     0.002414     0.000046
     0.086436     0.002414     0.000037
     0.111368     0.002414     0.000027
     0.136299     0.002414     0.000018
     0.161231     0.002414     0.000010
     0.186163     0.002414     0.000004
     0.211095     0.002414     0.000001
     0.236027     0.002414     0.000000
     0.260959     0.002414     0.000000
     0.285890     0.002414     0.000000
     0.310822     0.002414     0.000000
     0.335754     0.002414     0.000000
     0.360686     0.002414     0.000000
     0.385618     0.002414     0.000000
     0.410550     0.002414     0.000000
     0.435482     0.002414     0.000000
     0.460413     0.002414     0.000000
     0.485345     0.002414     0.000000
     0.510277     0.002414     0.000000
     0.535209     0.002414     0.000000
     0.560141     0.002414     0.000000
     0.585073     0.002414     0.000000
     0.610004     0.002414     0.000000
     0.634936     0.002414     0.000000
     0.659868     0.002414     0.000000
     0.684800     0.002414     0.000000
     0.709732     0.002414     0.000000
     0.734664     0.002414     0.000000
     0.759595     0.002414     0.000000
     0.784527     0.002414     0.000002
     0.809459     0.002414     0.000007
     0.834391     0.002414     0.000015
     0.859323     0.002414     0.000025
     0.884255     0.002414     0.000035
     0.909187     0.002414     0.000045
     0.934118     0.002414     0.000055
     0.959050     0.002414     0.000065
     0.983982     0.002414     0.000076
     0.007356     0.027340     0.000070
     0.032208     0.027228     0.000062
     0.057169     0.027299     0.000052
     0.082069     0.027269     0.000043
     0.107008     0.027284     0.000033
     0.131930     0.027268     0.000024
     0.156856     0.027275     0.000015
     0.181793     0.027267     0.000007
     0.206713     0.027269     0.000002
     0.231655     0.027265     0.000000
     0.256578     0.027264     0.000000
     0.281513     0.027264     0.000000
     0.306446     0.027261     0.000000
     0.331372     0.027261     0.000000
     0.356312     0.027261     0.000000
     0.381235     0.027258     0.000000
     0.406175     0.027261     0.000000
     0.431101     0.027255     0.000000
     0.456035     0.027262     0.000000
     0.480970     0.027254     0.000000
     0.505894     0.027263     0.000000
     0.530838     0.027254     0.000000
     0.555754     0.027263     0.000000
     0.580705     0.027255     0.000000
     0.605617     0.027263     0.000000
     0.630569     0.027257     0.000000
     0.655482     0.027263     0.000000
     0.680430     0.027260     0.000000
     0.705348     0.027264     0.000000
     0.730289     0.027263     0.000000
     0.755217     0.027266     0.000001
     0.780146     0.027267     0.000003
     0.805088     0.027268     0.000008
     0.830000     0.027271     0.000016
     0.854958     0.027270     0.000024
     0.879845     0.027277     0.000034
     0.904821     0.027273     0.000044
     0.929688     0.027285     0.000054
     0.954680     0.027280     0.000064
     0.979527     0.027282     0.000074
     0.003116     0.052210     0.000078
     0.028140     0.052264     0.000068
     0.052832     0.052207     0.000059
     0.077789     0.052246     0.000049
     0.102670     0.052186     0.000039
     0.127607     0.052226     0.000029
     0.152528     0.052178     0.000019
     0.177446     0.052201     0.000011
     0.202375     0.052171     0.000005
     0.227301     0.052177     0.000001
     0.252219     0.052162     0.000000
     0.277165     0.052163     0.000000
     0.302066     0.052148     0.000000
     0.327029     0.052159     0.000000
     0.351922     0.052132     0.000000
     0.376887     0.052159     0.000000
     0.401787     0.052119     0.000000
     0.426738     0.052160     0.000000
     0.451659     0.052113     0.000000
     0.476587     0.052158     0.000000
     0.501530     0.052115     0.000000
     0.526437     0.052153     0.000000
     0.551397     0.052123     0.000000
     0.576292     0.052148     0.000000
     0.601258     0.052135     0.000000
     0.626150     0.052146     0.000000
     0.651115     0.052149     0.000000
     0.676011     0.052148     0.000000
     0.700970     0.052163     0.000000
     0.725868     0.052153     0.000000
     0.750820     0.052179     0.000001
     0.775720     0.052163     0.000003
     0.800664     0.052199     0.000008
     0.825563     0.052180     0.000015
     0.850508     0.052223     0.000023
     0.875397     0.052205     0.000033
     0.900361     0.052234     0.000043
     0.925219     0.052215     0.000053
     0.950242     0.052231     0.000062
     0.975015     0.052347     0.000072
     0.023480     0.077130     0.000075
     0.048481     0.077241     0.000065
     0.073429     0.077092     0.000054
     0.098304     0.077121     0.000044
     0.123265     0.077054     0.000033
     0.148133     0.077072     0.000023
     0.173092     0.077045     0.000014
     0.197988     0.077036     0.000007
     0.222924     0.077033     0.000002
     0.247857     0.077013     0.000001
     0.272763     0.077012     0.000000
     0.297724     0.077007     0.000000
     0.322616     0.076987     0.000000
     0.347581     0.077011     0.000000
     0.372483     0.076966     0.000000
     0.397427     0.077014     0.000000
     0.422358     0.076955     0.000000
     0.447270     0.077012     0.000000
     0.472233     0.076956     0.000000
     0.497115     0.077005     0.000000
     0.522102     0.076965     0.000000
     0.546969     0.076997     0.000000
     0.571965     0.076977     0.000000
     0.596829     0.076992     0.000000
     0.621822     0.076990     0.000000
     0.646693     0.076992     0.000000
     0.671676     0.077003     0.000000
     0.696557     0.077000     0.000000
     0.721527     0.077020     0.000000
     0.746422     0.077013     0.000001
     0.771378     0.077040     0.000003
     0.796284     0.077029     0.000007
     0.821228     0.077060     0.000014
     0.846135     0.077048     0.000022
     0.871070     0.077077     0.000032
     0.895961     0.077082     0.000041
     0.920884     0.077107     0.000051
     0.945696     0.077093     0.000061
     0.970583     0.077237     0.000070
     0.995470     0.077415     0.000080
     0.019511     0.102221     0.000082
     0.044221     0.101970     0.000070
     0.069127     0.102092     0.000059
     0.094042     0.101982     0.000048
     0.118948     0.102044     0.000038
     0.143852     0.101983     0.000027
     0.168778     0.101987     0.000017
     0.193664     0.101959     0.000009
     0.218626     0.101942     0.000004
     0.243486     0.101924     0.000001
     0.268477     0.101923     0.000000
     0.293326     0.101881     0.000000
     0.318318     0.101921     0.000000
     0.343187     0.101843     0.000000
     0.368150     0.101921     0.000000
     0.393060     0.101819     0.000000
     0.417978     0.101915     0.000000
     0.442933     0.101815     0.000000
     0.467813     0.101902     0.000000
     0.492798     0.101824     0.000000
     0.517657     0.101886     0.000000
     0.542652     0.101842     0.000000
     0.567509     0.101876     0.000000
     0.592497     0.101863     0.000000
     0.617365     0.101875     0.000000
     0.642338     0.101886     0.000000
     0.667220     0.101882     0.000000
     0.692176     0.101912     0.000000
     0.717071     0.101896     0.000000
     0.742010     0.101940     0.000001
     0.766909     0.101920     0.000003
     0.791836     0.101975     0.000006
     0.816731     0.101962     0.000012
     0.841659     0.102018     0.000021
     0.866536     0.102028     0.000030
     0.891476     0.102054     0.000040
     0.916348     0.102104     0.000049
     0.941261     0.102150     0.000059
     0.965995     0.102210     0.000068
     0.990904     0.102208     0.000078
     0.014968     0.127247     0.000087
     0.039900     0.127238     0.000076
     0.064804     0.126934     0.000065
     0.089671     0.126953     0.000053
     0.114577     0.126887     0.000042
     0.139472     0.126880     0.000031
     0.164379     0.126850     0.000020
     0.189318     0.126817     0.000011
     0.214196     0.126809     0.000005
     0.239173     0.126787     0.000002
     0.264034     0.126755     0.000001
     0.289016     0.126782     0.000000
     0.313895     0.126703     0.000000
     0.338844     0.126784     0.000000
     0.363770     0.126671     0.000000
     0.388667     0.126778     0.000000
     0.413646     0.126662     0.000000
     0.438495     0.126760     0.000000
     0.463510     0.126672     0.000000
     0.488336     0.126739     0.000000
     0.513364     0.126693     0.000000
     0.538188     0.126722     0.000000
     0.563210     0.126715     0.000000
     0.588046     0.126715     0.000000
     0.613054     0.126734     0.000000
     0.637904     0.126718     0.000000
     0.662897     0.126755     0.000000
     0.687759     0.126733     0.000000
     0.712741     0.126783     0.000000
     0.737610     0.126760     0.000001
     0.762586     0.126817     0.000002
     0.787457     0.126798     0.000005
     0.812432     0.126849     0.000011
     0.837295     0.126842     0.000019
     0.862268     0.126884     0.000028
     0.887120     0.126898     0.000038
     0.912018     0.126946     0.000048
     0.936837     0.127040     0.000057
     0.961754     0.127135     0.000066
     0.986651     0.127145     0.000075
     0.010850     0.152016     0.000093
     0.035761     0.151827     0.000081
     0.060622     0.151930     0.000070
     0.085436     0.151852     0.000058
     0.110307     0.151879     0.000046
     0.135196     0.151823     0.000035
     0.160135     0.151782     0.000023
     0.184982     0.151763     0.000014
     0.209969     0.151725     0.000007
     0.234792     0.151687     0.000003
     0.259790     0.151708     0.000001
     0.284636     0.151610     0.000000
     0.309596     0.151705     0.000000
     0.334502     0.151554     0.000000
     0.359398     0.151693     0.000000
     0.384371     0.151530     0.000000
     0.409210     0.151668     0.000000
     0.434229     0.151536     0.000000
     0.459039     0.151638     0.000000
     0.484072     0.151555     0.000000
     0.508881     0.151611     0.000000
     0.533903     0.151578     0.000000
     0.558729     0.151599     0.000000
     0.583728     0.151601     0.000000
     0.608577     0.151603     0.000000
     0.633552     0.151628     0.000000
     0.658421     0.151620     0.000000
     0.683374     0.151661     0.000000
     0.708259     0.151645     0.000000
     0.733192     0.151698     0.000000
     0.758085     0.151683     0.000002
     0.782998     0.151746     0.000004
     0.807893     0.151745     0.000010
     0.832790     0.151813     0.000018
     0.857679     0.151832     0.000026
     0.882565     0.151922     0.000036
     0.907463     0.151983     0.000045
     0.932367     0.152021     0.000055
     0.957248     0.152030     0.000064
     0.982151     0.152003     0.000073
     0.006437     0.177089     0.000097
     0.031292     0.177091     0.000086
     0.056171     0.176910     0.000075
     0.081024     0.176912     0.000063
     0.105892     0.176759     0.000051
     0.130842     0.176701     0.000039
     0.155676     0.176674     0.000027
     0.180681     0.176618     0.000016
     0.205492     0.176588     0.000009
     0.230505     0.176591     0.000004
     0.255344     0.176490     0.000001
     0.280307     0.176586     0.000000
     0.305218     0.176415     0.000000
     0.330103     0.176574     0.000000
     0.355092     0.176384     0.000000
     0.379909     0.176545     0.000000
     0.404950     0.176388     0.000000
     0.429734     0.176504     0.000000
     0.454787     0.176411     0.000000
     0.479574     0.176469     0.000000
     0.504613     0.176439     0.000000
     0.529423     0.176447     0.000000
     0.554436     0.176462     0.000000
     0.579274     0.176442     0.000000
     0.604263     0.176483     0.000000
     0.629121     0.176450     0.000000
     0.654094     0.176509     0.000000
     0.678964     0.176471     0.000000
     0.703926     0.176547     0.000000
     0.728802     0.176512     0.000000
     0.753761     0.176595     0.000001
     0.778636     0.176571     0.000004
     0.803598     0.176644     0.000009
     0.828458     0.176638     0.000016
     0.853426     0.176699     0.000024
     0.878258     0.176709     0.000033
     0.903231     0.176749     0.000043
     0.928039     0.176821     0.000052
     0.953046     0.176926     0.000061
     0.977866     0.176963     0.000069
     0.002168     0.201770     0.000100
     0.027211     0.201700     0.000090
     0.051922     0.201803     0.000079
     0.076827     0.201771     0.000067
     0.101745     0.201707     0.000055
     0.126554     0.201686     0.000043
     0.151537     0.201594     0.000031
     0.176327     0.201566     0.000020
     0.201324     0.201543     0.000011
     0.226146     0.201434     0.000006
     0.251094     0.201530     0.000003
     0.276000     0.201329     0.000001
     0.300862     0.201511     0.000001
     0.325860     0.201274     0.000001
     0.350647     0.201468     0.000001
     0.375703     0.201265     0.000001
     0.400456     0.201413     0.000000
     0.425526     0.201286     0.000000
     0.450286     0.201365     0.000000
     0.475337     0.201310     0.000000
     0.500125     0.201333     0.000000
     0.525143     0.201330     0.000000
     0.549960     0.201324     0.000001
     0.574950     0.201349     0.000001
     0.599789     0.201335     0.000001
     0.624759     0.201376     0.000001
     0.649614     0.201359     0.000001
     0.674567     0.201414     0.000001
     0.699434     0.201395     0.000001
     0.724371     0.201458     0.000001
     0.749245     0.201447     0.000001
     0.774166     0.201514     0.000003
     0.799038     0.201529     0.000007
     0.823948     0.201601     0.000014
     0.848814     0.201641     0.000022
     0.873717     0.201728     0.000030
     0.898585     0.201791     0.000039
     0.923489     0.201837     0.000048
     0.948399     0.201793     0.000057
     0.973314     0.201961     0.000065
     0.998246     0.202099     0.000072
     0.022466     0.226973     0.000092
     0.047385     0.226941     0.000081
     0.072388     0.226713     0.000070
     0.097189     0.226681     0.000058
     0.122227     0.226525     0.000047
     0.147010     0.226506     0.000035
     0.172039     0.226452     0.000025
     0.196849     0.226356     0.000016
     0.221816     0.226433     0.000009
     0.246720     0.226219     0.000005
     0.271582     0.226410     0.000004
     0.296592     0.226141     0.000003
     0.321363     0.226362     0.000003
     0.346439     0.226127     0.000003
     0.371172     0.226300     0.000002
     0.396256     0.226148     0.000002
     0.421001     0.226238     0.000002
     0.446055     0.226174     0.000001
     0.470838     0.226198     0.000001
     0.495851     0.226199     0.000002
     0.520674     0.226182     0.000002
     0.545653     0.226216     0.000002
     0.570507     0.226184     0.000002
     0.595463     0.226235     0.000002
     0.620337     0.226194     0.000002
     0.645277     0.226264     0.000002
     0.670167     0.226219     0.000002
     0.695093     0.226308     0.000002
     0.719992     0.226270     0.000002
     0.744914     0.226367     0.000002
     0.769814     0.226349     0.000004
     0.794744     0.226432     0.000007
     0.819632     0.226435     0.000012
     0.844573     0.226504     0.000019
     0.869443     0.226521     0.000028
     0.894396     0.226551     0.000036
     0.919257     0.226599     0.000045
     0.944117     0.226710     0.000053
     0.968843     0.226770     0.000061
     0.993731     0.226852     0.000068
     0.018520     0.251767     0.000093
     0.043338     0.251521     0.000083
     0.068235     0.251620     0.000072
     0.093171     0.251521     0.000062
     0.117987     0.251521     0.000051
     0.142919     0.251442     0.000040
     0.167734     0.251345     0.000030
     0.192656     0.251408     0.000022
     0.217568     0.251163     0.000015
     0.242386     0.251380     0.000011
     0.267411     0.251054     0.000009
     0.292137     0.251318     0.000008
     0.317234     0.251022     0.000008
     0.341927     0.251232     0.000007
     0.367029     0.251034     0.000006
     0.391744     0.251149     0.000005
     0.416808     0.251063     0.000005
     0.441570     0.251095     0.000005
     0.466588     0.251081     0.000004
     0.491392     0.251065     0.000004
     0.516375     0.251091     0.000005
     0.541204     0.251062     0.000005
     0.566167     0.251104     0.000006
     0.591007     0.251074     0.000006
     0.615958     0.251133     0.000006
     0.640809     0.251102     0.000006
     0.665748     0.251174     0.000006
     0.690605     0.251148     0.000006
     0.715541     0.251220     0.000006
     0.740395     0.251213     0.000006
     0.765329     0.251276     0.000006
     0.790172     0.251308     0.000008
     0.815108     0.251375     0.000012
     0.839944     0.251434     0.000018
     0.864878     0.251522     0.000026
     0.889712     0.251593     0.000034
     0.914579     0.251720     0.000041
     0.939480     0.251731     0.000049
     0.964440     0.251850     0.000057
     0.989346     0.251820     0.000064
     0.013978     0.276971     0.000093
     0.038884     0.276909     0.000084
     0.063764     0.276557     0.000075
     0.088533     0.276538     0.000066
     0.113591     0.276374     0.000056
     0.138393     0.276354     0.000047
     0.163376     0.276321     0.000037
     0.188273     0.276112     0.000029
     0.213115     0.276299     0.000024
     0.238147     0.275961     0.000021
     0.262869     0.276232     0.000019
     0.287985     0.275904     0.000018
     0.312661     0.276132     0.000017
     0.337780     0.275911     0.000016
     0.362481     0.276041     0.000014
     0.387550     0.275941     0.000013
     0.412305     0.275973     0.000012
     0.437318     0.275956     0.000011
     0.462122     0.275941     0.000011
     0.487094     0.275966     0.000011
     0.511928     0.275935     0.000011
     0.536878     0.275974     0.000012
     0.561735     0.275941     0.000012
     0.586666     0.275994     0.000013
     0.611546     0.275950     0.000014
     0.636455     0.276026     0.000014
     0.661358     0.275976     0.000014
     0.686255     0.276070     0.000014
     0.711164     0.276034     0.000013
     0.736060     0.276134     0.000012
     0.760970     0.276128     0.000011
     0.785873     0.276214     0.000011
     0.810783     0.276218     0.000014
     0.835691     0.276309     0.000019
     0.860602     0.276308     0.000025
     0.885512     0.276421     0.000031
     0.910429     0.276405     0.000039
     0.935286     0.276501     0.000046
     0.960038     0.276538     0.000053
     0.984938     0.276647     0.000060
     0.009962     0.301607     0.000093
     0.034891     0.301348     0.000086
     0.059767     0.301549     0.000079
     0.084714     0.301387     0.000071
     0.109403     0.301317     0.000063
     0.134291     0.301337     0.000055
     0.159219     0.301079     0.000047
     0.183974     0.301317     0.000040
     0.209051     0.300884     0.000036
     0.233691     0.301238     0.000034
     0.258844     0.300810     0.000034
     0.283458     0.301109     0.000033
     0.308597     0.300811     0.000031
     0.333264     0.300982     0.000030
     0.358333     0.300836     0.000028
     0.383078     0.300889     0.000026
     0.408079     0.300854     0.000024
     0.432883     0.300845     0.000023
     0.457837     0.300859     0.000022
     0.482675     0.300821     0.000021
     0.507610     0.300858     0.000022
     0.532461     0.300817     0.000023
     0.557378     0.300871     0.000024
     0.582240     0.300822     0.000025
     0.607145     0.300904     0.000026
     0.632013     0.300853     0.000027
     0.656915     0.300940     0.000027
     0.681774     0.300908     0.000026
     0.706692     0.300982     0.000024
     0.731538     0.300984     0.000022
     0.756468     0.301038     0.000019
     0.781301     0.301081     0.000018
     0.806233     0.301146     0.000018
     0.831058     0.301210     0.000021
     0.855990     0.301308     0.000025
     0.880809     0.301383     0.000031
     0.905742     0.301535     0.000042
     0.930591     0.301654     0.000054
     0.955574     0.301758     0.000065
     0.980440     0.301601     0.000075
     0.005550     0.326834     0.000148
     0.030360     0.326822     0.000145
     0.055167     0.326450     0.000132
     0.079920     0.326471     0.000112
     0.104943     0.326404     0.000090
     0.129859     0.326110     0.000074
     0.154700     0.326242     0.000064
     0.179773     0.325855     0.000058
     0.204438     0.326172     0.000055
     0.229590     0.325743     0.000054
     0.254220     0.326030     0.000054
     0.279355     0.325722     0.000055
     0.304035     0.325879     0.000054
     0.329094     0.325734     0.000052
     0.353850     0.325783     0.000050
     0.378830     0.325754     0.000047
     0.403639     0.325725     0.000045
     0.428583     0.325749     0.000042
     0.453418     0.325701     0.000041
     0.478355     0.325746     0.000040
     0.503181     0.325701     0.000040
     0.528120     0.325748     0.000041
     0.552957     0.325711     0.000043
     0.577879     0.325767     0.000045
     0.602744     0.325723     0.000046
     0.627640     0.325796     0.000047
     0.652528     0.325748     0.000047
     0.677422     0.325837     0.000045
     0.702308     0.325805     0.000043
     0.727202     0.325901     0.000039
     0.752097     0.325908     0.000034
     0.776981     0.325999     0.000030
     0.801896     0.326000     0.000029
     0.826778     0.326106     0.000031
     0.851708     0.326102     0.000040
     0.876585     0.326224     0.000063
     0.901536     0.326190     0.000099
     0.926392     0.326292     0.000138
     0.951354     0.326300     0.000172
     0.976203     0.326550     0.000193
     0.001360     0.351404     0.000376
     0.026485     0.351253     0.000378
     0.051158     0.351552     0.000350
     0.076186     0.351337     0.000301
     0.100984     0.351058     0.000239
     0.125769     0.351271     0.000179
     0.150795     0.350791     0.000131
     0.175311     0.351224     0.000106
     0.200566     0.350649     0.000093
     0.225065     0.351064     0.000089
     0.250262     0.350627     0.000088
     0.274856     0.350875     0.000089
     0.299943     0.350640     0.000089
     0.324655     0.350730     0.000088
     0.349624     0.350659     0.000086
     0.374432     0.350651     0.000082
     0.399366     0.350649     0.000079
     0.424196     0.350624     0.000076
     0.449116     0.350636     0.000073
     0.473944     0.350606     0.000072
     0.498875     0.350628     0.000071
     0.523721     0.350597     0.000072
     0.548594     0.350651     0.000074
     0.573496     0.350587     0.000076
     0.598305     0.350687     0.000078
     0.623250     0.350620     0.000079
     0.648064     0.350713     0.000079
     0.672946     0.350687     0.000077
     0.697818     0.350747     0.000073
     0.722675     0.350767     0.000068
     0.747562     0.350801     0.000063
     0.772436     0.350860     0.000060
     0.797315     0.350915     0.000065
     0.822161     0.350984     0.000085
     0.847056     0.351084     0.000136
     0.871906     0.351156     0.000216
     0.896808     0.351312     0.000311
     0.921652     0.351440     0.000402
     0.946579     0.351527     0.000475
     0.971454     0.351612     0.000520
     0.996446     0.351738     0.000532
     0.021514     0.376789     0.000862
     0.046467     0.376449     0.000817
     0.071512     0.376179     0.000736
     0.096264     0.376428     0.000626
     0.121487     0.375851     0.000499
     0.146027     0.376279     0.000373
     0.171382     0.375652     0.000271
     0.195829     0.375995     0.000207
     0.221048     0.375644     0.000170
     0.245652     0.375771     0.000153
     0.270739     0.375631     0.000146
     0.295473     0.375594     0.000143
     0.320429     0.375630     0.000142
     0.345225     0.375536     0.000139
     0.370158     0.375581     0.000136
     0.394947     0.375503     0.000132
     0.419884     0.375547     0.000128
     0.444708     0.375480     0.000124
     0.469650     0.375544     0.000122
     0.494449     0.375464     0.000121
     0.519339     0.375573     0.000122
     0.544224     0.375465     0.000123
     0.569072     0.375605     0.000125
     0.593940     0.375504     0.000127
     0.618848     0.375562     0.000128
     0.643648     0.375581     0.000127
     0.668622     0.375606     0.000125
     0.693416     0.375609     0.000122
     0.718327     0.375672     0.000121
     0.743206     0.375690     0.000125
     0.768052     0.375782     0.000143
     0.792968     0.375810     0.000186
     0.817827     0.375916     0.000271
     0.842751     0.375887     0.000409
     0.867635     0.376023     0.000579
     0.892570     0.375987     0.000748
     0.917464     0.376083     0.000898
     0.942399     0.376094     0.001017
     0.967128     0.376247     0.001100
     0.992006     0.376493     0.001141
     0.017980     0.401393     0.001604
     0.042876     0.401180     0.001539
     0.067592     0.401350     0.001429
     0.092678     0.400744     0.001281
     0.117206     0.401189     0.001099
     0.142424     0.400560     0.000893
     0.166807     0.401028     0.000685
     0.192051     0.400601     0.000511
     0.216566     0.400817     0.000391
     0.241704     0.400542     0.000313
     0.266344     0.400614     0.000266
     0.291328     0.400529     0.000239
     0.316044     0.400542     0.000225
     0.340994     0.400483     0.000218
     0.365777     0.400481     0.000212
     0.390703     0.400470     0.000208
     0.415530     0.400425     0.000203
     0.440406     0.400419     0.000199
     0.465225     0.400410     0.000196
     0.490117     0.400464     0.000194
     0.515013     0.400387     0.000194
     0.539797     0.400443     0.000194
     0.564714     0.400428     0.000195
     0.589568     0.400429     0.000196
     0.614435     0.400493     0.000197
     0.639199     0.400473     0.000198
     0.664168     0.400475     0.000201
     0.688877     0.400601     0.000209
     0.713846     0.400533     0.000231
     0.738578     0.400617     0.000275
     0.763523     0.400652     0.000353
     0.788345     0.400682     0.000478
     0.813257     0.400769     0.000670
     0.838109     0.400857     0.000916
     0.862958     0.400922     0.001173
     0.887828     0.401065     0.001411
     0.912698     0.401222     0.001613
     0.937533     0.401402     0.001776
     0.962447     0.401580     0.001900
     0.987337     0.401391     0.001982
     0.013111     0.426711     0.002562
     0.037924     0.426503     0.002472
     0.063178     0.425857     0.002340
     0.087718     0.426372     0.002167
     0.113154     0.425652     0.001950
     0.137502     0.426236     0.001690
     0.162942     0.425619     0.001398
     0.187346     0.425806     0.001103
     0.212554     0.425606     0.000855
     0.237170     0.425512     0.000671
     0.262208     0.425607     0.000538
     0.286915     0.425403     0.000446
     0.311876     0.425574     0.000385
     0.336591     0.425320     0.000347
     0.361543     0.425488     0.000325
     0.386268     0.425252     0.000312
     0.411284     0.425427     0.000305
     0.435972     0.425297     0.000300
     0.460954     0.425424     0.000296
     0.485713     0.425188     0.000293
     0.510613     0.425462     0.000291
     0.535428     0.425291     0.000290
     0.560335     0.425404     0.000290
     0.585120     0.425318     0.000290
     0.609964     0.425464     0.000295
     0.634896     0.425379     0.000307
     0.659677     0.425468     0.000334
     0.684514     0.425448     0.000382
     0.709501     0.425503     0.000461
     0.734188     0.425565     0.000582
     0.759178     0.425529     0.000754
     0.783981     0.425659     0.000990
     0.808821     0.425678     0.001297
     0.833756     0.425738     0.001641
     0.858587     0.425844     0.001970
     0.883554     0.425770     0.002258
     0.908432     0.425880     0.002498
     0.933404     0.425902     0.002693
     0.958318     0.425927     0.002851
     0.983273     0.426335     0.002972
     0.009753     0.451298     0.003642
     0.034919     0.450847     0.003527
     0.059133     0.451321     0.003382
     0.084445     0.450495     0.003200
     0.108533     0.451026     0.002973
     0.134004     0.450450     0.002693
     0.158382     0.450719     0.002356
     0.183587     0.450668     0.001978
     0.208168     0.450527     0.001606
     0.233225     0.450542     0.001293
     0.257812     0.450408     0.001044
     0.282816     0.450482     0.000851
     0.307443     0.450392     0.000705
     0.332508     0.450411     0.000598
     0.357127     0.450334     0.000524
     0.382159     0.450330     0.000476
     0.406760     0.450256     0.000448
     0.431762     0.450324     0.000432
     0.456576     0.450174     0.000424
     0.481394     0.450404     0.000420
     0.506181     0.450190     0.000416
     0.531119     0.450283     0.000413
     0.555927     0.450255     0.000414
     0.580733     0.450351     0.000424
     0.605638     0.450287     0.000449
     0.630389     0.450295     0.000498
     0.655255     0.450449     0.000579
     0.680049     0.450307     0.000699
     0.704895     0.450453     0.000864
     0.729637     0.450494     0.001084
     0.754643     0.450431     0.001362
     0.779197     0.450571     0.001708
     0.804394     0.450522     0.002114
     0.829044     0.450644     0.002532
     0.854093     0.450715     0.002905
     0.878868     0.450763     0.003218
     0.903681     0.451021     0.003473
     0.928568     0.451063     0.003679
     0.953361     0.451495     0.003850
     0.978133     0.451057     0.003996
     0.005008     0.476618     0.004706
     0.029121     0.476522     0.004577
     0.055245     0.475745     0.004431
     0.079156     0.476404     0.004260
     0.105076     0.475765     0.004051
     0.129001     0.475882     0.003785
     0.154426     0.475787     0.003448
     0.178834     0.475482     0.003043
     0.204191     0.475608     0.002595
     0.228661     0.475350     0.002172
     0.253810     0.475643     0.001806
     0.278313     0.475285     0.001500
     0.303421     0.475527     0.001249
     0.327957     0.475145     0.001047
     0.353065     0.475466     0.000888
     0.377637     0.475094     0.000769
     0.402696     0.475462     0.000684
     0.427303     0.474976     0.000629
     0.452248     0.475424     0.000596
     0.476917     0.475042     0.000578
     0.502057     0.475361     0.000571
     0.526573     0.475037     0.000574
     0.551566     0.475424     0.000592
     0.576250     0.475080     0.000634
     0.601254     0.475408     0.000708
     0.625874     0.475253     0.000822
     0.650870     0.475383     0.000981
     0.675641     0.475326     0.001190
     0.700425     0.475457     0.001452
     0.725375     0.475312     0.001771
     0.750190     0.475563     0.002149
     0.775023     0.475402     0.002578
     0.800003     0.475480     0.003049
     0.824545     0.475530     0.003504
     0.849742     0.475584     0.003891
     0.874291     0.475783     0.004199
     0.899317     0.475560     0.004439
     0.924304     0.475788     0.004628
     0.949264     0.475524     0.004782
     0.974831     0.476242     0.004921
     0.027493     0.500513     0.005468
     0.050410     0.501163     0.005344
     0.075979     0.500451     0.005207
     0.100162     0.500610     0.005042
     0.125574     0.500782     0.004824
     0.150080     0.500386     0.004535
     0.175162     0.500569     0.004159
     0.199705     0.500307     0.003702
     0.224681     0.500520     0.003221
     0.249356     0.500345     0.002774
     0.274321     0.500421     0.002372
     0.299004     0.500345     0.002022
     0.323950     0.500313     0.001721
     0.348608     0.500274     0.001468
     0.373513     0.500239     0.001257
     0.398255     0.500196     0.001088
     0.423092     0.500258     0.000957
     0.447888     0.500175     0.000864
     0.472700     0.500125     0.000806
     0.497512     0.500118     0.000786
     0.522269     0.500290     0.000805
     0.547155     0.500114     0.000864
     0.571979     0.500224     0.000966
     0.596717     0.500222     0.001113
     0.621571     0.500225     0.001308
     0.646435     0.500279     0.001553
     0.671033     0.500256     0.001850
     0.696165     0.500408     0.002201
     0.720612     0.500169     0.002602
     0.745749     0.500502     0.003048
     0.770326     0.500195     0.003521
     0.795333     0.500621     0.004009
     0.820027     0.500353     0.004459
     0.845116     0.500579     0.004822
     0.869696     0.500400     0.005091
     0.895315     0.501106     0.005282
     0.918993     0.500039     0.005421
     0.943802     0.503010     0.005530
     0.961980     0.500796     0.005622
     0.985218     0.508919     0.005719
     0.035884     0.533068     0.006047
     0.055682     0.527730     0.005977
     0.076202     0.527512     0.005902
     0.098534     0.526496     0.005804
     0.121859     0.526144     0.005665
     0.146226     0.525860     0.005463
     0.170945     0.525632     0.005170
     0.195807     0.525593     0.004771
     0.220638     0.525490     0.004306
     0.245379     0.525579     0.003839
     0.270172     0.525443     0.003391
     0.294969     0.525469     0.002974
     0.319775     0.525281     0.002594
     0.344549     0.525475     0.002255
     0.369366     0.525174     0.001957
     0.394049     0.525485     0.001697
     0.418896     0.525069     0.001478
     0.443612     0.525423     0.001304
     0.468404     0.525090     0.001189
     0.493119     0.525406     0.001143
     0.517862     0.525067     0.001174
     0.542826     0.525372     0.001278
     0.567284     0.525146     0.001449
     0.592327     0.525485     0.001675
     0.616911     0.525120     0.001951
     0.641818     0.525654     0.002275
     0.666550     0.525093     0.002645
     0.691486     0.525665     0.003060
     0.716123     0.525219     0.003508
     0.741202     0.525596     0.003979
     0.765727     0.525364     0.004447
     0.790890     0.525645     0.004896
     0.815332     0.525042     0.005293
     0.840478     0.526404     0.005589
     0.863979     0.524581     0.005782
     0.887913     0.528431     0.005894
     0.908163     0.524554     0.005953
     0.930017     0.533634     0.005983
     0.948454     0.531871     0.006002
     0.973919     0.530905     0.006017
     0.029711     0.557849     0.006193
     0.055203     0.558977     0.006211
     0.077326     0.556161     0.006222
     0.100640     0.554699     0.006218
     0.122163     0.552773     0.006182
     0.145403     0.551806     0.006093
     0.167913     0.550870     0.005920
     0.192348     0.550730     0.005640
     0.216297     0.550493     0.005272
     0.241394     0.550623     0.004862
     0.265924     0.550353     0.004436
     0.290935     0.550528     0.004009
     0.315507     0.550317     0.003595
     0.340437     0.550450     0.003201
     0.365000     0.550285     0.002835
     0.389963     0.550414     0.002500
     0.414503     0.550230     0.002207
     0.439428     0.550435     0.001972
     0.463981     0.550124     0.001811
     0.488926     0.550458     0.001740
     0.513449     0.550051     0.001766
     0.538363     0.550503     0.001888
     0.562849     0.550146     0.002100
     0.588061     0.550444     0.002385
     0.612292     0.550148     0.002725
     0.637662     0.550492     0.003108
     0.661914     0.550089     0.003522
     0.687080     0.550645     0.003963
     0.711552     0.550010     0.004411
     0.736596     0.550808     0.004853
     0.760938     0.549738     0.005262
     0.786164     0.551587     0.005620
     0.809032     0.549673     0.005913
     0.833666     0.553237     0.006101
     0.854129     0.550806     0.006183
     0.878042     0.556388     0.006187
     0.899019     0.556100     0.006143
     0.921880     0.558080     0.006073
     0.950139     0.558590     0.005993
     0.973800     0.558064     0.005905
     0.026648     0.582702     0.005854
     0.051494     0.581839     0.005986
     0.076980     0.582018     0.006103
     0.100064     0.581290     0.006205
     0.123210     0.580796     0.006285
     0.146047     0.579524     0.006324
     0.168792     0.578467     0.006296
     0.191589     0.577324     0.006179
     0.214282     0.576462     0.005972
     0.238201     0.576085     0.005697
     0.261878     0.575525     0.005370
     0.287059     0.575773     0.005006
     0.311267     0.575235     0.004618
     0.336509     0.575816     0.004222
     0.360831     0.575154     0.003829
     0.385895     0.575833     0.003460
     0.410260     0.575091     0.003136
     0.435308     0.575780     0.002880
     0.459637     0.575091     0.002707
     0.484664     0.575785     0.002626
     0.508968     0.575103     0.002639
     0.533993     0.575789     0.002748
     0.558462     0.574970     0.002951
     0.583404     0.575828     0.003241
     0.607857     0.575082     0.003599
     0.632936     0.575786     0.004002
     0.657247     0.575230     0.004421
     0.682554     0.575768     0.004839
     0.706752     0.575184     0.005235
     0.731775     0.576317     0.005591
     0.755259     0.575310     0.005892
     0.778682     0.577712     0.006114
     0.801313     0.576913     0.006254
     0.823154     0.579666     0.006298
     0.846896     0.580689     0.006246
     0.868358     0.579800     0.006126
     0.893249     0.582947     0.005968
     0.918042     0.580988     0.005791
     0.941575     0.581998     0.005602
     0.966835     0.582428     0.005400
     0.021790     0.607742     0.005061
     0.046643     0.608113     0.005312
     0.070820     0.608252     0.005539
     0.095711     0.608423     0.005751
     0.120351     0.607003     0.005947
     0.144428     0.605810     0.006116
     0.168091     0.604943     0.006243
     0.191634     0.604463     0.006312
     0.214900     0.603669     0.006311
     0.237596     0.602802     0.006226
     0.260710     0.601730     0.006066
     0.283780     0.601080     0.005837
     0.307728     0.600800     0.005548
     0.332211     0.600591     0.005215
     0.356651     0.600540     0.004863
     0.381661     0.600634     0.004525
     0.406116     0.600466     0.004233
     0.430987     0.600747     0.004006
     0.455444     0.600399     0.003854
     0.480262     0.600785     0.003780
     0.504751     0.600383     0.003784
     0.529660     0.600699     0.003867
     0.553968     0.600373     0.004027
     0.578955     0.600718     0.004264
     0.603446     0.600238     0.004568
     0.628460     0.600747     0.004919
     0.652940     0.600106     0.005284
     0.677750     0.601086     0.005625
     0.701081     0.600599     0.005918
     0.724793     0.602169     0.006142
     0.746598     0.602606     0.006290
     0.769851     0.603680     0.006343
     0.792569     0.605640     0.006300
     0.815905     0.604946     0.006171
     0.840333     0.606095     0.005970
     0.864352     0.608428     0.005726
     0.889412     0.606547     0.005460
     0.914326     0.608878     0.005182
     0.939398     0.608181     0.004894
     0.964676     0.607752     0.004590
     0.017541     0.632350     0.003941
     0.042664     0.632266     0.004291
     0.067629     0.632365     0.004613
     0.092657     0.631973     0.004921
     0.117509     0.632138     0.005220
     0.141571     0.632272     0.005509
     0.165231     0.631507     0.005785
     0.189075     0.630749     0.006042
     0.212547     0.630076     0.006257
     0.236934     0.629812     0.006392
     0.260073     0.628676     0.006441
     0.283812     0.628603     0.006402
     0.306369     0.626824     0.006279
     0.329713     0.626896     0.006088
     0.353235     0.625732     0.005860
     0.377486     0.626035     0.005632
     0.401976     0.625517     0.005434
     0.426770     0.626016     0.005280
     0.451266     0.625588     0.005177
     0.475968     0.626109     0.005128
     0.500466     0.625461     0.005131
     0.525080     0.626196     0.005188
     0.549674     0.625411     0.005293
     0.574494     0.625941     0.005446
     0.599003     0.625356     0.005639
     0.623634     0.626053     0.005861
     0.647299     0.626007     0.006089
     0.670351     0.627179     0.006287
     0.693254     0.627879     0.006426
     0.715744     0.629151     0.006482
     0.739809     0.630088     0.006444
     0.763044     0.630145     0.006313
     0.787334     0.630520     0.006082
     0.812167     0.631775     0.005770
     0.834432     0.632058     0.005419
     0.859722     0.631269     0.005059
     0.883855     0.632113     0.004699
     0.908270     0.631251     0.004341
     0.933735     0.631318     0.003979
     0.958006     0.632284     0.003606
     0.983627     0.632719     0.003208
     0.037629     0.657675     0.003113
     0.062221     0.658043     0.003492
     0.087319     0.658047     0.003861
     0.111989     0.657875     0.004233
     0.136995     0.657642     0.004618
     0.162331     0.657135     0.005024
     0.186254     0.657072     0.005451
     0.210479     0.656192     0.005861
     0.233777     0.655375     0.006209
     0.258234     0.654898     0.006480
     0.281788     0.654370     0.006664
     0.305610     0.654400     0.006760
     0.329036     0.653489     0.006780
     0.351809     0.652647     0.006750
     0.375134     0.652027     0.006697
     0.398209     0.651108     0.006640
     0.422566     0.651207     0.006591
     0.446909     0.650863     0.006559
     0.471757     0.651215     0.006548
     0.496108     0.651034     0.006562
     0.520839     0.651108     0.006597
     0.545476     0.650732     0.006650
     0.569958     0.651121     0.006713
     0.593920     0.651090     0.006778
     0.617096     0.652065     0.006832
     0.639846     0.652874     0.006861
     0.663187     0.654000     0.006850
     0.686165     0.654742     0.006776
     0.710434     0.654725     0.006628
     0.733906     0.655117     0.006392
     0.758276     0.656182     0.006071
     0.781557     0.656216     0.005670
     0.804953     0.657287     0.005196
     0.830987     0.657574     0.004707
     0.855260     0.657967     0.004244
     0.880504     0.657759     0.003810
     0.905749     0.657854     0.003400
     0.930161     0.658327     0.003002
     0.955007     0.657597     0.002606
     0.979694     0.657598     0.002201
     0.033834     0.682724     0.002004
     0.058782     0.682144     0.002383
     0.083979     0.681644     0.002770
     0.108847     0.682209     0.003180
     0.133697     0.682016     0.003628
     0.157532     0.682501     0.004129
     0.182020     0.682421     0.004678
     0.206564     0.682270     0.005240
     0.231074     0.681736     0.005773
     0.255200     0.680923     0.006253
     0.278578     0.681099     0.006664
     0.303484     0.679867     0.007002
     0.326776     0.680053     0.007267
     0.351433     0.679616     0.007471
     0.373828     0.679111     0.007621
     0.397446     0.678412     0.007726
     0.419478     0.677275     0.007797
     0.443343     0.676553     0.007847
     0.467028     0.676420     0.007885
     0.492116     0.676300     0.007917
     0.516439     0.676337     0.007940
     0.540980     0.676466     0.007950
     0.564002     0.677074     0.007935
     0.587265     0.678070     0.007883
     0.609400     0.679281     0.007777
     0.633140     0.679522     0.007604
     0.656047     0.680117     0.007362
     0.680767     0.680306     0.007050
     0.704446     0.681183     0.006669
     0.728328     0.681746     0.006223
     0.752491     0.681771     0.005714
     0.776941     0.683166     0.005158
     0.802164     0.681825     0.004569
     0.825901     0.682209     0.003980
     0.850928     0.681615     0.003438
     0.875456     0.681580     0.002953
     0.899439     0.681538     0.002521
     0.924657     0.681245     0.002127
     0.949609     0.682102     0.001757
     0.974605     0.682351     0.001408
     0.029503     0.707535     0.001200
     0.054368     0.707641     0.001517
     0.078561     0.707850     0.001874
     0.103050     0.707679     0.002280
     0.128019     0.708043     0.002747
     0.153307     0.708114     0.003289
     0.178271     0.707847     0.003903
     0.203004     0.707161     0.004567
     0.227455     0.706838     0.005240
     0.251015     0.707115     0.005891
     0.275941     0.706171     0.006500
     0.299184     0.706021     0.007054
     0.323700     0.705886     0.007545
     0.347277     0.705399     0.007964
     0.371872     0.705878     0.008304
     0.395328     0.705197     0.008564
     0.418650     0.705179     0.008750
     0.441196     0.703599     0.008881
     0.463848     0.702529     0.008969
     0.487745     0.701519     0.009024
     0.511767     0.701966     0.009045
     0.535181     0.703010     0.009026
     0.557601     0.704336     0.008954
     0.580272     0.705194     0.008811
     0.603679     0.705587     0.008580
     0.627678     0.705807     0.008251
     0.651778     0.706129     0.007821
     0.675742     0.706027     0.007303
     0.699591     0.706749     0.006711
     0.724273     0.706616     0.006067
     0.748138     0.707343     0.005390
     0.772648     0.706474     0.004699
     0.796885     0.707951     0.004017
     0.821660     0.707759     0.003371
     0.847049     0.707805     0.002789
     0.871491     0.708405     0.002287
     0.897156     0.708110     0.001864
     0.921298     0.708064     0.001506
     0.945766     0.707550     0.001205
     0.970652     0.707252     0.000953
     0.025086     0.732534     0.000811
     0.050014     0.732395     0.001042
     0.075372     0.732288     0.001338
     0.100094     0.732334     0.001706
     0.124683     0.731795     0.002154
     0.148807     0.732157     0.002691
     0.173938     0.732325     0.003319
     0.198787     0.732714     0.004026
     0.222674     0.733389     0.004777
     0.248087     0.732386     0.005533
     0.271501     0.732599     0.006271
     0.296448     0.732070     0.006972
     0.319811     0.731756     0.007619
     0.344270     0.731600     0.008191
     0.367474     0.731277     0.008669
     0.391889     0.731667     0.009044
     0.415612     0.731470     0.009322
     0.439577     0.731329     0.009517
     0.462108     0.730117     0.009647
     0.484613     0.728625     0.009723
     0.506180     0.728722     0.009748
     0.528851     0.730206     0.009715
     0.551210     0.731506     0.009612
     0.575499     0.731651     0.009419
     0.598816     0.731882     0.009115
     0.623188     0.731382     0.008694
     0.646470     0.731900     0.008156
     0.670897     0.732042     0.007513
     0.694705     0.732280     0.006790
     0.719000     0.732844     0.006016
     0.743482     0.732874     0.005224
     0.767943     0.733773     0.004444
     0.792706     0.732545     0.003699
     0.818022     0.732111     0.003015
     0.841843     0.731717     0.002419
     0.866716     0.731482     0.001923
     0.891114     0.731316     0.001525
     0.916145     0.732013     0.001215
     0.941107     0.731908     0.000982
     0.966090     0.732118     0.000812
     0.020919     0.757253     0.000740
     0.045855     0.757252     0.000937
     0.069779     0.757668     0.001201
     0.094603     0.757925     0.001538
     0.119202     0.758492     0.001957
     0.144414     0.758302     0.002464
     0.169413     0.757387     0.003067
     0.193518     0.758163     0.003760
     0.219224     0.757210     0.004514
     0.242999     0.758090     0.005289
     0.267914     0.757622     0.006062
     0.291741     0.757664     0.006812
     0.315921     0.757707     0.007516
     0.339913     0.757628     0.008148
     0.363663     0.757921     0.008685
     0.387695     0.757372     0.009113
     0.411272     0.757485     0.009437
     0.435601     0.757483     0.009666
     0.459071     0.757685     0.009817
     0.481264     0.757922     0.009904
     0.502231     0.757920     0.009934
     0.523805     0.757855     0.009904
     0.547096     0.757553     0.009796
     0.571047     0.757580     0.009594
     0.594865     0.757714     0.009279
     0.618903     0.757920     0.008840
     0.642361     0.758170     0.008283
     0.666829     0.757502     0.007618
     0.690350     0.758376     0.006869
     0.715233     0.757316     0.006072
     0.739136     0.758250     0.005261
     0.764288     0.756915     0.004467
     0.789225     0.757473     0.003717
     0.813129     0.757935     0.003028
     0.838528     0.758492     0.002428
     0.862960     0.758344     0.001934
     0.888117     0.758451     0.001543
     0.912230     0.757826     0.001244
     0.937701     0.757692     0.001022
     0.961836     0.757004     0.000863
     0.016122     0.782225     0.000918
     0.040948     0.782738     0.001154
     0.066160     0.782840     0.001432
     0.090960     0.782520     0.001763
     0.115898     0.781919     0.002157
     0.140879     0.781561     0.002630
     0.164879     0.782824     0.003189
     0.189968     0.782484     0.003828
     0.213924     0.783502     0.004521
     0.239057     0.783410     0.005231
     0.263163     0.783562     0.005942
     0.287594     0.783804     0.006633
     0.311510     0.783633     0.007283
     0.335255     0.783629     0.007871
     0.359338     0.783507     0.008376
     0.383272     0.783603     0.008783
     0.407252     0.783794     0.009094
     0.430719     0.783415     0.009315
     0.453661     0.784907     0.009459
     0.476463     0.785956     0.009542
     0.498852     0.787108     0.009573
     0.521595     0.785563     0.009552
     0.543978     0.784644     0.009464
     0.567004     0.783722     0.009291
     0.590703     0.784101     0.009019
     0.614582     0.783605     0.008637
     0.638827     0.783861     0.008145
     0.662539     0.783746     0.007558
     0.686584     0.783752     0.006895
     0.710725     0.783631     0.006187
     0.735099     0.783627     0.005463
     0.759995     0.783218     0.004748
     0.783833     0.783731     0.004060
     0.809033     0.782472     0.003411
     0.833402     0.781944     0.002830
     0.858217     0.781569     0.002335
     0.882732     0.781632     0.001926
     0.907898     0.781779     0.001593
     0.932660     0.781579     0.001321
     0.957572     0.782655     0.001103
     0.982394     0.782581     0.000926
     0.036570     0.806976     0.001691
     0.061011     0.807368     0.001994
     0.086242     0.807684     0.002318
     0.111098     0.808091     0.002682
     0.135115     0.808956     0.003108
     0.160234     0.807890     0.003606
     0.184394     0.808612     0.004171
     0.209691     0.807586     0.004771
     0.233861     0.808376     0.005366
     0.258526     0.808837     0.005942
     0.282402     0.809020     0.006486
     0.306447     0.809666     0.006987
     0.330722     0.809603     0.007435
     0.354431     0.809811     0.007818
     0.378280     0.809576     0.008129
     0.401605     0.809843     0.008366
     0.424678     0.810998     0.008533
     0.447243     0.811440     0.008639
     0.470831     0.812877     0.008698
     0.494860     0.812989     0.008722
     0.519464     0.813093     0.008711
     0.542270     0.812058     0.008655
     0.565616     0.811200     0.008540
     0.587760     0.810051     0.008352
     0.611851     0.809904     0.008083
     0.634719     0.810006     0.007731
     0.659527     0.809609     0.007304
     0.682880     0.809874     0.006820
     0.707664     0.808797     0.006297
     0.731256     0.808636     0.005748
     0.756118     0.807869     0.005185
     0.780666     0.807711     0.004617
     0.805865     0.807957     0.004049
     0.830023     0.808666     0.003514
     0.854690     0.808839     0.003038
     0.879226     0.808382     0.002625
     0.904126     0.807938     0.002266
     0.928334     0.807816     0.001946
     0.952743     0.807290     0.001651
     0.977681     0.807021     0.001374
     0.031991     0.832781     0.002473
     0.056949     0.832672     0.002785
     0.082088     0.832151     0.003096
     0.106136     0.832556     0.003424
     0.132061     0.831739     0.003784
     0.156015     0.833166     0.004193
     0.181138     0.832511     0.004654
     0.205134     0.833975     0.005140
     0.228772     0.834075     0.005602
     0.253218     0.834599     0.006016
     0.276983     0.835520     0.006374
     0.301416     0.835149     0.006674
     0.324937     0.835656     0.006918
     0.348632     0.835638     0.007113
     0.372139     0.836419     0.007266
     0.394716     0.836862     0.007377
     0.418384     0.837549     0.007448
     0.441709     0.838230     0.007487
     0.466079     0.838211     0.007506
     0.490372     0.838435     0.007511
     0.515156     0.838451     0.007505
     0.539691     0.838523     0.007484
     0.563676     0.838169     0.007439
     0.586997     0.837696     0.007358
     0.609814     0.836855     0.007234
     0.632855     0.836059     0.007065
     0.656374     0.835738     0.006855
     0.679920     0.835371     0.006605
     0.704405     0.835027     0.006318
     0.728057     0.835030     0.005990
     0.752620     0.833788     0.005620
     0.775765     0.834281     0.005207
     0.800255     0.832861     0.004761
     0.824723     0.832948     0.004314
     0.850018     0.831752     0.003896
     0.874967     0.831869     0.003518
     0.899277     0.831888     0.003172
     0.924218     0.832352     0.002844
     0.949127     0.832500     0.002517
     0.974068     0.832362     0.002182
     0.027746     0.856680     0.003375
     0.052697     0.856858     0.003665
     0.077010     0.857685     0.003944
     0.102701     0.857937     0.004223
     0.125855     0.858886     0.004512
     0.150988     0.858520     0.004819
     0.174992     0.859141     0.005146
     0.198754     0.859143     0.005484
     0.223786     0.859800     0.005796
     0.247049     0.859971     0.006045
     0.271379     0.860624     0.006222
     0.294813     0.861285     0.006325
     0.318128     0.862193     0.006362
     0.341746     0.862222     0.006352
     0.364735     0.863055     0.006317
     0.388972     0.863150     0.006269
     0.412640     0.863581     0.006218
     0.437109     0.863638     0.006171
     0.461721     0.863878     0.006132
     0.486032     0.863641     0.006108
     0.510940     0.863665     0.006101
     0.535147     0.863775     0.006110
     0.560254     0.863888     0.006130
     0.584369     0.863794     0.006156
     0.608948     0.863544     0.006183
     0.632106     0.863319     0.006207
     0.655623     0.862429     0.006220
     0.678411     0.862003     0.006209
     0.701909     0.860817     0.006156
     0.725344     0.860182     0.006049
     0.749721     0.859770     0.005882
     0.773507     0.859422     0.005654
     0.798653     0.858557     0.005371
     0.821972     0.858788     0.005057
     0.847040     0.858448     0.004739
     0.870517     0.859013     0.004434
     0.895526     0.858619     0.004138
     0.919580     0.857951     0.003845
     0.944467     0.857384     0.003542
     0.969337     0.856767     0.003220
     0.022877     0.882459     0.004273
     0.047626     0.882915     0.004503
     0.072948     0.882117     0.004720
     0.096017     0.882849     0.004930
     0.122529     0.882635     0.005135
     0.146467     0.883295     0.005336
     0.170480     0.884354     0.005528
     0.194570     0.884928     0.005701
     0.217214     0.885713     0.005842
     0.240738     0.886655     0.005921
     0.263823     0.887263     0.005927
     0.287084     0.887823     0.005866
     0.311227     0.888178     0.005744
     0.334883     0.888433     0.005571
     0.359394     0.888801     0.005370
     0.383467     0.888750     0.005170
     0.408064     0.889220     0.004993
     0.432531     0.888884     0.004851
     0.457183     0.889032     0.004749
     0.481928     0.888883     0.004689
     0.506432     0.889024     0.004671
     0.531038     0.888918     0.004699
     0.555748     0.888981     0.004770
     0.580328     0.889064     0.004885
     0.605129     0.889199     0.005039
     0.629635     0.888999     0.005224
     0.654244     0.888984     0.005419
     0.677896     0.888614     0.005597
     0.701825     0.887820     0.005736
     0.724389     0.887480     0.005825
     0.747499     0.886036     0.005856
     0.770342     0.885774     0.005824
     0.793791     0.884513     0.005733
     0.817440     0.884402     0.005585
     0.842003     0.882535     0.005401
     0.866474     0.882929     0.005198
     0.891564     0.882027     0.004984
     0.916456     0.882946     0.004759
     0.941173     0.882137     0.004520
     0.966206     0.882241     0.004265
     0.018330     0.906194     0.005039
     0.043796     0.906135     0.005167
     0.067521     0.908575     0.005294
     0.093561     0.907972     0.005419
     0.116736     0.908488     0.005533
     0.139602     0.910514     0.005629
     0.162956     0.910631     0.005694
     0.185536     0.911927     0.005716
     0.209063     0.912585     0.005684
     0.232823     0.912666     0.005595
     0.256600     0.913338     0.005449
     0.281222     0.913217     0.005254
     0.305240     0.913984     0.005019
     0.329867     0.913857     0.004748
     0.354144     0.914267     0.004452
     0.378820     0.914160     0.004154
     0.403392     0.914278     0.003883
     0.428217     0.914112     0.003659
     0.452953     0.914246     0.003496
     0.477385     0.914072     0.003398
     0.502294     0.914258     0.003364
     0.526727     0.914095     0.003397
     0.551601     0.914238     0.003500
     0.576022     0.914176     0.003671
     0.601077     0.914149     0.003906
     0.625467     0.914234     0.004186
     0.650503     0.914269     0.004486
     0.674965     0.914055     0.004780
     0.699889     0.914051     0.005053
     0.723690     0.913641     0.005296
     0.748261     0.913366     0.005498
     0.770741     0.912594     0.005650
     0.794780     0.911571     0.005749
     0.816744     0.910547     0.005780
     0.840800     0.909847     0.005751
     0.862540     0.909669     0.005672
     0.887650     0.908804     0.005557
     0.910983     0.908191     0.005420
     0.937144     0.907657     0.005270
     0.960867     0.906600     0.005109
     0.037057     0.933327     0.005560
     0.062810     0.931690     0.005585
     0.086810     0.933635     0.005612
     0.108259     0.935592     0.005632
     0.131934     0.936049     0.005627
     0.154824     0.937418     0.005581
     0.178617     0.937838     0.005476
     0.202971     0.938088     0.005298
     0.226781     0.938488     0.005067
     0.251546     0.938839     0.004802
     0.275456     0.938912     0.004509
     0.300149     0.939227     0.004198
     0.324632     0.939213     0.003878
     0.349428     0.939436     0.003554
     0.374204     0.939215     0.003233
     0.399001     0.939429     0.002932
     0.423824     0.939170     0.002671
     0.448235     0.939410     0.002469
     0.473308     0.939277     0.002338
     0.497672     0.939282     0.002286
     0.522681     0.939352     0.002314
     0.547134     0.939274     0.002424
     0.572106     0.939307     0.002610
     0.596570     0.939308     0.002862
     0.621551     0.939390     0.003161
     0.646193     0.939203     0.003488
     0.671105     0.939340     0.003829
     0.695751     0.939084     0.004173
     0.720600     0.939233     0.004512
     0.745067     0.938894     0.004836
     0.769581     0.938845     0.005133
     0.793488     0.938279     0.005391
     0.816616     0.937886     0.005589
     0.839707     0.936804     0.005712
     0.862165     0.935795     0.005763
     0.885724     0.933556     0.005758
     0.908454     0.933257     0.005719
     0.933819     0.931634     0.005665
     0.958311     0.932942     0.005603
     0.982427     0.932893     0.005535
     0.034899     0.956608     0.005618
     0.057060     0.958571     0.005547
     0.077227     0.961698     0.005484
     0.100419     0.962587     0.005416
     0.124371     0.962823     0.005322
     0.147926     0.963556     0.005184
     0.172873     0.963265     0.004979
     0.196714     0.964152     0.004697
     0.221531     0.963855     0.004368
     0.245705     0.964168     0.004025
     0.270637     0.964202     0.003677
     0.295229     0.964288     0.003335
     0.320254     0.964316     0.003005
     0.344926     0.964265     0.002694
     0.369913     0.964467     0.002402
     0.394419     0.964182     0.002133
     0.419328     0.964608     0.001893
     0.443970     0.964309     0.001696
     0.468883     0.964436     0.001558
     0.493399     0.964409     0.001492
     0.518347     0.964415     0.001505
     0.542938     0.964343     0.001595
     0.567815     0.964513     0.001754
     0.592459     0.964263     0.001969
     0.617346     0.964378     0.002227
     0.641983     0.964273     0.002521
     0.666968     0.964280     0.002846
     0.691668     0.964190     0.003198
     0.716576     0.964286     0.003571
     0.741380     0.964136     0.003954
     0.766219     0.964270     0.004336
     0.790968     0.964081     0.004704
     0.815655     0.964099     0.005032
     0.839868     0.963786     0.005285
     0.863355     0.963412     0.005454
     0.886141     0.962683     0.005555
     0.907304     0.961168     0.005614
     0.929579     0.957890     0.005649
     0.951293     0.958441     0.005676
     0.976701     0.956992     0.005705
     0.022713     0.988011     0.005325
     0.044543     0.987833     0.005187
     0.067873     0.987666     0.005057
     0.093923     0.988023     0.004919
     0.117349     0.987706     0.004756
     0.142892     0.988672     0.004547
     0.166817     0.988683     0.004274
     0.191599     0.988999     0.003932
     0.216313     0.989131     0.003555
     0.241102     0.989243     0.003182
     0.266017     0.989278     0.002825
     0.290775     0.989157     0.002493
     0.315701     0.989381     0.002191
     0.340255     0.989287     0.001921
     0.365286     0.989428     0.001682
     0.389833     0.989535     0.001473
     0.414880     0.989370     0.001293
     0.439487     0.989400     0.001145
     0.464479     0.989571     0.001037
     0.488977     0.989386     0.000977
     0.514172     0.989522     0.000972
     0.538452     0.989389     0.001022
     0.563779     0.989498     0.001123
     0.588110     0.989318     0.001268
     0.613330     0.989628     0.001453
     0.637690     0.989152     0.001677
     0.662953     0.989451     0.001941
     0.687236     0.989091     0.002247
     0.712555     0.989348     0.002592
     0.736837     0.988978     0.002972
     0.762166     0.989222     0.003375
     0.786580     0.988814     0.003789
     0.811886     0.989139     0.004193
     0.836401     0.988924     0.004538
     0.861695     0.988981     0.004800
     0.886107     0.988700     0.004990
     0.910765     0.988392     0.005131
     0.933434     0.987263     0.005242
     0.954502     0.986540     0.005339
     0.976248     0.982976     0.005437
     0.013587     1.010710     0.004727
     0.038990     1.012862     0.004558
     0.064833     1.012289     0.004391
     0.088636     1.012853     0.004211
     0.113383     1.014078     0.004002
     0.137278     1.013593     0.003751
     0.162118     1.014294     0.003443
     0.186801     1.014117     0.003083
     0.211928     1.014265     0.002703
     0.236416     1.014035     0.002345
     0.261698     1.014302     0.002021
     0.286073     1.014161     0.001735
     0.311129     1.014496     0.001489
     0.335816     1.014188     0.001280
     0.360789     1.014614     0.001105
     0.385432     1.014122     0.000962
     0.410643     1.014719     0.000849
     0.434886     1.014223     0.000763
     0.460222     1.014726     0.000702
     0.484610     1.014200     0.000666
     0.509828     1.014745     0.000655
     0.534206     1.014231     0.000669
     0.559488     1.014656     0.000710
     0.583726     1.014238     0.000780
     0.609176     1.014568     0.000883
     0.633486     1.014136     0.001023
     0.658828     1.014542     0.001204
     0.683095     1.014042     0.001428
     0.708530     1.014504     0.001700
     0.732752     1.013975     0.002020
     0.758257     1.014445     0.002383
     0.782282     1.013861     0.002780
     0.807812     1.014412     0.003197
     0.831752     1.013703     0.003587
     0.857619     1.014275     0.003909
     0.881469     1.013659     0.004164
     0.907558     1.014237     0.004365
     0.931172     1.013478     0.004530
     0.956920     1.014395     0.004674
     0.979570     1.011182     0.004811
     0.010804     1.037195     0.003911
     0.035148     1.037425     0.003746
     0.059356     1.038201     0.003571
     0.082939     1.038510     0.003377
     0.107790     1.038669     0.003153
     0.132652     1.038885     0.002889
     0.157567     1.039024     0.002580
     0.182569     1.038502     0.002237
     0.207409     1.039249     0.001895
     0.232185     1.038892     0.001591
     0.257080     1.039278     0.001331
     0.281600     1.039148     0.001115
     0.306917     1.039270     0.000938
     0.331240     1.039143     0.000797
     0.356495     1.039403     0.000686
     0.380995     1.039205     0.000604
     0.405944     1.039467     0.000544
     0.430739     1.039351     0.000505
     0.455680     1.039372     0.000480
     0.480342     1.039396     0.000466
     0.505319     1.039403     0.000460
     0.530031     1.039370     0.000459
     0.554965     1.039426     0.000466
     0.579703     1.039306     0.000485
     0.604626     1.039338     0.000524
     0.629311     1.039220     0.000588
     0.654281     1.039312     0.000684
     0.678941     1.039124     0.000817
     0.703881     1.039182     0.000993
     0.728565     1.038964     0.001217
     0.753562     1.039121     0.001492
     0.778319     1.038899     0.001818
     0.803353     1.039098     0.002187
     0.828044     1.038738     0.002569
     0.853048     1.038907     0.002911
     0.877640     1.038448     0.003199
     0.902828     1.038666     0.003437
     0.927127     1.038487     0.003633
     0.952931     1.038184     0.003801
     0.976968     1.038158     0.003952
     0.004356     1.061296     0.002990
     0.028637     1.062367     0.002856
     0.053601     1.063692     0.002698
     0.078330     1.063532     0.002516
     0.103877     1.063919     0.002303
     0.128031     1.063657     0.002055
     0.153596     1.063902     0.001775
     0.177793     1.063955     0.001480
     0.202751     1.064123     0.001206
     0.227616     1.063950     0.000979
     0.252347     1.064303     0.000800
     0.277423     1.063985     0.000660
     0.302105     1.064280     0.000553
     0.326996     1.064268     0.000472
     0.351850     1.064235     0.000414
     0.376634     1.064354     0.000374
     0.401556     1.064323     0.000348
     0.426387     1.064250     0.000333
     0.451225     1.064468     0.000325
     0.476046     1.064277     0.000321
     0.500944     1.064433     0.000319
     0.525702     1.064299     0.000318
     0.550673     1.064387     0.000317
     0.575401     1.064287     0.000319
     0.600388     1.064337     0.000326
     0.625098     1.064200     0.000344
     0.650065     1.064286     0.000378
     0.674840     1.064151     0.000434
     0.699813     1.064250     0.000520
     0.724506     1.064086     0.000642
     0.749427     1.064111     0.000809
     0.774100     1.063955     0.001026
     0.799021     1.064038     0.001299
     0.823841     1.063901     0.001618
     0.848778     1.063918     0.001937
     0.873674     1.063759     0.002225
     0.898313     1.063941     0.002471
     0.923540     1.063467     0.002676
     0.948053     1.063682     0.002848
     0.973262     1.063383     0.002992
     0.998034     1.063116     0.003116
     0.024641     1.088075     0.001998
     0.048718     1.088080     0.001873
     0.074361     1.088208     0.001720
     0.098497     1.088381     0.001538
     0.123936     1.088722     0.001329
     0.148441     1.088663     0.001101
     0.173347     1.088931     0.000877
     0.198466     1.088725     0.000689
     0.223115     1.089040     0.000547
     0.248117     1.088894     0.000443
     0.272911     1.089084     0.000367
     0.297646     1.089109     0.000314
     0.322626     1.089066     0.000275
     0.347399     1.089188     0.000249
     0.372238     1.089169     0.000232
     0.397181     1.089177     0.000222
     0.421891     1.089264     0.000216
     0.446843     1.089209     0.000213
     0.471681     1.089258     0.000212
     0.496527     1.089256     0.000211
     0.521419     1.089220     0.000210
     0.546239     1.089247     0.000211
     0.571127     1.089184     0.000212
     0.595985     1.089182     0.000213
     0.620806     1.089169     0.000217
     0.645651     1.089122     0.000225
     0.670453     1.089037     0.000239
     0.695301     1.089049     0.000266
     0.720195     1.088955     0.000310
     0.745064     1.089009     0.000381
     0.769905     1.088907     0.000487
     0.794778     1.088895     0.000641
     0.819601     1.088670     0.000853
     0.844555     1.088630     0.001104
     0.869230     1.088634     0.001355
     0.894382     1.088333     0.001580
     0.918971     1.088422     0.001773
     0.944104     1.088040     0.001932
     0.968801     1.088001     0.002060
     0.993726     1.087879     0.002156
     0.019543     1.112863     0.001264
     0.044397     1.113145     0.001179
     0.069416     1.113314     0.001064
     0.094225     1.113660     0.000925
     0.119354     1.113460     0.000769
     0.143945     1.113824     0.000610
     0.169195     1.113715     0.000469
     0.193685     1.113863     0.000362
     0.218676     1.113906     0.000285
     0.243504     1.113966     0.000233
     0.268312     1.114017     0.000199
     0.293276     1.114062     0.000177
     0.318117     1.114063     0.000161
     0.342921     1.114168     0.000151
     0.367897     1.114082     0.000144
     0.392653     1.114205     0.000139
     0.417596     1.114133     0.000136
     0.442453     1.114192     0.000134
     0.467281     1.114161     0.000132
     0.492221     1.114199     0.000131
     0.517031     1.114155     0.000131
     0.541955     1.114192     0.000132
     0.566797     1.114116     0.000134
     0.591678     1.114176     0.000136
     0.616535     1.114101     0.000140
     0.641467     1.114127     0.000143
     0.666300     1.114079     0.000146
     0.691189     1.114049     0.000151
     0.715980     1.113971     0.000159
     0.740835     1.113967     0.000175
     0.765697     1.113876     0.000205
     0.790562     1.113874     0.000260
     0.815500     1.113736     0.000356
     0.840191     1.113854     0.000504
     0.865269     1.113546     0.000681
     0.889924     1.113754     0.000859
     0.915020     1.113388     0.001020
     0.939755     1.113464     0.001153
     0.964718     1.113285     0.001257
     0.989614     1.112995     0.001326
     0.015281     1.138092     0.000720
     0.040064     1.138058     0.000668
     0.064952     1.137926     0.000594
     0.089741     1.138127     0.000503
     0.114694     1.138392     0.000406
     0.139511     1.138517     0.000315
     0.164453     1.138581     0.000241
     0.189274     1.138797     0.000185
     0.214271     1.138710     0.000145
     0.239053     1.138835     0.000121
     0.263992     1.138846     0.000108
     0.288831     1.138890     0.000101
     0.313657     1.138938     0.000096
     0.338603     1.138955     0.000092
     0.363410     1.138980     0.000088
     0.388316     1.139016     0.000085
     0.413181     1.139007     0.000082
     0.438042     1.139052     0.000079
     0.462945     1.139025     0.000077
     0.487793     1.139040     0.000076
     0.512692     1.139033     0.000076
     0.537554     1.139021     0.000077
     0.562435     1.139016     0.000079
     0.587297     1.138999     0.000082
     0.612183     1.138959     0.000086
     0.637015     1.138948     0.000089
     0.661904     1.138902     0.000092
     0.686765     1.138909     0.000094
     0.711659     1.138868     0.000095
     0.736525     1.138834     0.000094
     0.761389     1.138787     0.000095
     0.786284     1.138668     0.000102
     0.811083     1.138678     0.000125
     0.836091     1.138453     0.000177
     0.860835     1.138532     0.000263
     0.885850     1.138211     0.000370
     0.910649     1.138239     0.000481
     0.935585     1.138002     0.000578
     0.960479     1.137814     0.000654
     0.985379     1.137758     0.000702
     0.010663     1.162833     0.000394
     0.035597     1.162903     0.000364
     0.060569     1.163164     0.000321
     0.085196     1.163431     0.000271
     0.110237     1.163291     0.000220
     0.135001     1.163554     0.000174
     0.160038     1.163512     0.000132
     0.184785     1.163659     0.000098
     0.209789     1.163654     0.000076
     0.234539     1.163811     0.000066
     0.259519     1.163756     0.000062
     0.284309     1.163904     0.000060
     0.309295     1.163839     0.000059
     0.334094     1.163934     0.000056
     0.359043     1.163902     0.000053
     0.383887     1.163959     0.000050
     0.408797     1.163932     0.000047
     0.433675     1.163963     0.000044
     0.458560     1.163944     0.000042
     0.483450     1.163974     0.000041
     0.508332     1.163943     0.000041
     0.533222     1.163966     0.000042
     0.558106     1.163933     0.000044
     0.582996     1.163940     0.000046
     0.607881     1.163930     0.000050
     0.632772     1.163913     0.000053
     0.657665     1.163899     0.000057
     0.682523     1.163850     0.000059
     0.707432     1.163812     0.000059
     0.732255     1.163795     0.000058
     0.757216     1.163695     0.000056
     0.781996     1.163747     0.000055
     0.807013     1.163537     0.000056
     0.831706     1.163686     0.000065
     0.856776     1.163402     0.000087
     0.881515     1.163533     0.000128
     0.906510     1.163301     0.000181
     0.931353     1.163268     0.000237
     0.956247     1.163193     0.000285
     0.981068     1.162871     0.000317
     0.006394     1.187849     0.000252
     0.031273     1.187881     0.000229
     0.055834     1.187947     0.000202
     0.080848     1.188016     0.000174
     0.105707     1.188118     0.000143
     0.130574     1.188319     0.000111
     0.155495     1.188331     0.000082
     0.180357     1.188551     0.000059
     0.205297     1.188503     0.000046
     0.230154     1.188636     0.000041
     0.255090     1.188615     0.000038
     0.279942     1.188680     0.000037
     0.304856     1.188693     0.000035
     0.329718     1.188744     0.000033
     0.354635     1.188741     0.000031
     0.379490     1.188790     0.000028
     0.404417     1.188776     0.000026
     0.429264     1.188817     0.000024
     0.454192     1.188801     0.000022
     0.479046     1.188812     0.000021
     0.503965     1.188806     0.000021
     0.528828     1.188801     0.000021
     0.553737     1.188791     0.000023
     0.578604     1.188784     0.000025
     0.603503     1.188750     0.000027
     0.628377     1.188739     0.000031
     0.653261     1.188708     0.000033
     0.678165     1.188693     0.000036
     0.703025     1.188691     0.000036
     0.727963     1.188608     0.000036
     0.752788     1.188644     0.000036
     0.777749     1.188456     0.000036
     0.802559     1.188569     0.000038
     0.827520     1.188293     0.000043
     0.852381     1.188365     0.000049
     0.877254     1.188122     0.000060
     0.902236     1.188063     0.000078
     0.927012     1.187921     0.000101
     0.952119     1.187722     0.000124
     0.976945     1.187784     0.000143
     0.001744     1.212597     0.000195
     0.026639     1.212862     0.000176
     0.051589     1.213149     0.000153
     0.076387     1.213148     0.000129
     0.101258     1.213219     0.000104
     0.126089     1.213288     0.000081
     0.151059     1.213325     0.000060
     0.175875     1.213421     0.000044
     0.200861     1.213428     0.000034
     0.225662     1.213568     0.000027
     0.250651     1.213527     0.000023
     0.275457     1.213664     0.000021
     0.300439     1.213609     0.000020
     0.325269     1.213698     0.000019
     0.350223     1.213667     0.000017
     0.375081     1.213720     0.000015
     0.400011     1.213698     0.000013
     0.424889     1.213730     0.000012
     0.449807     1.213707     0.000011
     0.474691     1.213739     0.000010
     0.499602     1.213711     0.000009
     0.524491     1.213731     0.000010
     0.549399     1.213710     0.000010
     0.574291     1.213710     0.000012
     0.599204     1.213704     0.000014
     0.624083     1.213694     0.000016
     0.649011     1.213672     0.000018
     0.673861     1.213657     0.000020
     0.698815     1.213584     0.000021
     0.723638     1.213616     0.000021
     0.748618     1.213478     0.000022
     0.773429     1.213572     0.000024
     0.798402     1.213361     0.000028
     0.823245     1.213474     0.000034
     0.848159     1.213279     0.000042
     0.873072     1.213313     0.000051
     0.897917     1.213182     0.000061
     0.922869     1.213107     0.000073
     0.947659     1.212975     0.000086
     0.972364     1.213009     0.000098
     0.997352     1.212957     0.000110
     0.022109     1.237778     0.000147
     0.046840     1.237786     0.000128
     0.071956     1.237888     0.000108
     0.096754     1.237965     0.000088
     0.121760     1.238107     0.000069
     0.146558     1.238128     0.000052
     0.171508     1.238293     0.000038
     0.196366     1.238294     0.000027
     0.221292     1.238389     0.000018
     0.246191     1.238386     0.000013
     0.271087     1.238451     0.000011
     0.296013     1.238442     0.000010
     0.320881     1.238514     0.000009
     0.345825     1.238490     0.000008
     0.370680     1.238552     0.000007
     0.395630     1.238527     0.000006
     0.420486     1.238573     0.000005
     0.445428     1.238555     0.000004
     0.470293     1.238574     0.000004
     0.495226     1.238560     0.000003
     0.520101     1.238569     0.000003
     0.545020     1.238549     0.000004
     0.569909     1.238553     0.000005
     0.594806     1.238525     0.000006
     0.619720     1.238509     0.000007
     0.644591     1.238500     0.000008
     0.669537     1.238456     0.000009
     0.694382     1.238492     0.000010
     0.719346     1.238381     0.000011
     0.744181     1.238453     0.000012
     0.769134     1.238272     0.000015
     0.793999     1.238360     0.000019
     0.818899     1.238166     0.000027
     0.843830     1.238177     0.000037
     0.868664     1.238027     0.000048
     0.893638     1.237929     0.000060
     0.918469     1.237814     0.000072
     0.943357     1.237827     0.000084
     0.968160     1.237732     0.000095
     0.993022     1.237651     0.000107
     0.017798     1.262879     0.000134
     0.042690     1.262872     0.000118
     0.067555     1.262931     0.000100
     0.092345     1.263018     0.000083
     0.117244     1.263081     0.000066
     0.142118     1.263152     0.000050
     0.167021     1.263202     0.000035
     0.191937     1.263214     0.000023
     0.216834     1.263316     0.000013
     0.241754     1.263300     0.000008
     0.266650     1.263401     0.000006
     0.291570     1.263375     0.000004
     0.316469     1.263444     0.000004
     0.341390     1.263420     0.000003
     0.366289     1.263471     0.000002
     0.391213     1.263445     0.000002
     0.416109     1.263485     0.000002
     0.441038     1.263454     0.000001
     0.465931     1.263491     0.000001
     0.490859     1.263463     0.000001
     0.515752     1.263486     0.000001
     0.540683     1.263463     0.000001
     0.565569     1.263474     0.000001
     0.590512     1.263452     0.000002
     0.615382     1.263468     0.000002
     0.640337     1.263420     0.000003
     0.665191     1.263448     0.000004
     0.690152     1.263349     0.000004
     0.715011     1.263411     0.000005
     0.739957     1.263270     0.000006
     0.764846     1.263355     0.000009
     0.789747     1.263200     0.000014
     0.814686     1.263251     0.000022
     0.839537     1.263136     0.000033
     0.864507     1.263137     0.000046
     0.889344     1.263035     0.000059
     0.914197     1.263041     0.000072
     0.938966     1.262950     0.000085
     0.963862     1.262953     0.000098
     0.988777     1.262757     0.000110
     0.013287     1.287631     0.000126
     0.038186     1.287627     0.000112
     0.063058     1.287732     0.000096
     0.087947     1.287857     0.000080
     0.112844     1.287910     0.000064
     0.137698     1.287977     0.000049
     0.162643     1.288041     0.000034
     0.187502     1.288091     0.000021
     0.212439     1.288136     0.000011
     0.237330     1.288159     0.000006
     0.262249     1.288202     0.000003
     0.287167     1.288201     0.000002
     0.312069     1.288258     0.000001
     0.336999     1.288241     0.000001
     0.361892     1.288294     0.000001
     0.386826     1.288273     0.000000
     0.411719     1.288315     0.000000
     0.436649     1.288296     0.000000
     0.461544     1.288322     0.000000
     0.486470     1.288301     0.000000
     0.511373     1.288319     0.000000
     0.536286     1.288297     0.000000
     0.561204     1.288303     0.000000
     0.586096     1.288287     0.000000
     0.611037     1.288264     0.000000
     0.635911     1.288273     0.000001
     0.660867     1.288216     0.000001
     0.685734     1.288264     0.000001
     0.710682     1.288163     0.000002
     0.735561     1.288225     0.000003
     0.760479     1.288094     0.000005
     0.785389     1.288137     0.000010
     0.810268     1.288016     0.000018
     0.835195     1.288004     0.000030
     0.860060     1.287886     0.000043
     0.884976     1.287876     0.000057
     0.909839     1.287816     0.000071
     0.934767     1.287782     0.000085
     0.959656     1.287568     0.000098
     0.984557     1.287501     0.000111
     0.009026     1.312684     0.000119
     0.033920     1.312722     0.000106
     0.058657     1.312807     0.000092
     0.083482     1.312848     0.000077
     0.108353     1.312939     0.000062
     0.133261     1.312952     0.000047
     0.158164     1.312999     0.000033
     0.183077     1.313010     0.000020
     0.207999     1.313068     0.000011
     0.232904     1.313078     0.000005
     0.257834     1.313132     0.000002
     0.282735     1.313138     0.000001
     0.307665     1.313175     0.000000
     0.332574     1.313171     0.000000
     0.357498     1.313203     0.000000
     0.382418     1.313189     0.000000
     0.407333     1.313220     0.000000
     0.432263     1.313198     0.000000
     0.457170     1.313226     0.000000
     0.482107     1.313203     0.000000
     0.507006     1.313226     0.000000
     0.531952     1.313200     0.000000
     0.556840     1.313225     0.000000
     0.581797     1.313187     0.000000
     0.606675     1.313225     0.000000
     0.631633     1.313162     0.000000
     0.656511     1.313213     0.000000
     0.681457     1.313114     0.000000
     0.706359     1.313178     0.000000
     0.731273     1.313066     0.000001
     0.756211     1.313124     0.000003
     0.781085     1.313025     0.000008
     0.806049     1.313045     0.000016
     0.830900     1.312976     0.000027
     0.855854     1.312969     0.000040
     0.880672     1.312908     0.000054
     0.905602     1.312892     0.000068
     0.930468     1.312772     0.000082
     0.955371     1.312817     0.000096
     0.980191     1.312607     0.000109
     0.004445     1.337379     0.000111
     0.029350     1.337512     0.000098
     0.054206     1.337749     0.000085
     0.079069     1.337730     0.000072
     0.103972     1.337767     0.000058
     0.128869     1.337783     0.000045
     0.153782     1.337831     0.000031
     0.178682     1.337868     0.000019
     0.203591     1.337902     0.000010
     0.228508     1.337923     0.000004
     0.253418     1.337953     0.000001
     0.278347     1.337958     0.000000
     0.303260     1.337993     0.000000
     0.328188     1.337991     0.000000
     0.353104     1.338023     0.000000
     0.378030     1.338016     0.000000
     0.402949     1.338042     0.000000
     0.427870     1.338032     0.000000
     0.452792     1.338052     0.000000
     0.477709     1.338038     0.000000
     0.502637     1.338050     0.000000
     0.527545     1.338039     0.000000
     0.552483     1.338036     0.000000
     0.577380     1.338036     0.000000
     0.602326     1.338009     0.000000
     0.627221     1.338026     0.000000
     0.652165     1.337976     0.000000
     0.677068     1.338012     0.000000
     0.701992     1.337945     0.000000
     0.726910     1.337977     0.000001
     0.751811     1.337907     0.000002
     0.776738     1.337910     0.000006
     0.801629     1.337854     0.000013
     0.826537     1.337826     0.000024
     0.851445     1.337774     0.000036
     0.876319     1.337749     0.000050
     0.901269     1.337653     0.000064
     0.926117     1.337639     0.000078
     0.951109     1.337485     0.000091
     0.976016     1.337494     0.000103
     0.024839     1.362622     0.000090
     0.049625     1.362675     0.000078
     0.074673     1.362728     0.000066
     0.099482     1.362743     0.000054
     0.124456     1.362774     0.000041
     0.149314     1.362790     0.000029
     0.174261     1.362810     0.000019
     0.199164     1.362831     0.000010
     0.224092     1.362853     0.000004
     0.249013     1.362873     0.000001
     0.273934     1.362892     0.000000
     0.298858     1.362907     0.000000
     0.323783     1.362915     0.000000
     0.348705     1.362929     0.000000
     0.373637     1.362928     0.000000
     0.398554     1.362942     0.000000
     0.423493     1.362934     0.000000
     0.448405     1.362950     0.000000
     0.473351     1.362935     0.000000
     0.498255     1.362954     0.000000
     0.523208     1.362931     0.000000
     0.548106     1.362958     0.000000
     0.573062     1.362920     0.000000
     0.597960     1.362959     0.000000
     0.622907     1.362904     0.000000
     0.647814     1.362951     0.000000
     0.672744     1.362880     0.000000
     0.697673     1.362924     0.000000
     0.722582     1.362855     0.000000
     0.747527     1.362885     0.000002
     0.772421     1.362831     0.000005
     0.797364     1.362840     0.000011
     0.822260     1.362797     0.000020
     0.847177     1.362798     0.000032
     0.872078     1.362739     0.000046
     0.896970     1.362726     0.000059
     0.921848     1.362613     0.000072
     0.946764     1.362589     0.000085
     0.971489     1.362595     0.000097
     0.996448     1.362612     0.000108
     0.020481     1.387537     0.000082
     0.045328     1.387501     0.000071
     0.070251     1.387555     0.000060
     0.095107     1.387594     0.000049
     0.120071     1.387599     0.000038
     0.144922     1.387631     0.000027
     0.169891     1.387648     0.000017
     0.194752     1.387673     0.000009
     0.219715     1.387687     0.000003
     0.244598     1.387705     0.000001
     0.269552     1.387713     0.000000
     0.294457     1.387729     0.000000
     0.319398     1.387736     0.000000
     0.344316     1.387749     0.000000
     0.369249     1.387753     0.000000
     0.394175     1.387763     0.000000
     0.419101     1.387764     0.000000
     0.444032     1.387771     0.000000
     0.468952     1.387770     0.000000
     0.493889     1.387770     0.000000
     0.518805     1.387773     0.000000
     0.543743     1.387761     0.000000
     0.568659     1.387772     0.000000
     0.593594     1.387746     0.000000
     0.618517     1.387763     0.000000
     0.643443     1.387730     0.000000
     0.668377     1.387749     0.000000
     0.693289     1.387715     0.000000
     0.718227     1.387725     0.000000
     0.743132     1.387694     0.000001
     0.768060     1.387687     0.000004
     0.792974     1.387659     0.000009
     0.817878     1.387644     0.000018
     0.842810     1.387608     0.000029
     0.867693     1.387594     0.000041
     0.892628     1.387545     0.000054
     0.917490     1.387496     0.000067
     0.942318     1.387453     0.000079
     0.967189     1.387438     0.000091
     0.992062     1.387354     0.000102
     0.016003     1.412540     0.000074
     0.040902     1.412545     0.000064
     0.065745     1.412544     0.000054
     0.090695     1.412569     0.000044
     0.115590     1.412574     0.000034
     0.140518     1.412598     0.000024
     0.165439     1.412592     0.000015
     0.190357     1.412615     0.000007
     0.215296     1.412614     0.000002
     0.240208     1.412631     0.000000
     0.265152     1.412635     0.000000
     0.290063     1.412646     0.000000
     0.315009     1.412650     0.000000
     0.339921     1.412656     0.000000
     0.364868     1.412658     0.000000
     0.389781     1.412663     0.000000
     0.414729     1.412661     0.000000
     0.439643     1.412668     0.000000
     0.464592     1.412661     0.000000
     0.489504     1.412672     0.000000
     0.514453     1.412658     0.000000
     0.539366     1.412675     0.000000
     0.564313     1.412653     0.000000
     0.589230     1.412676     0.000000
     0.614169     1.412647     0.000000
     0.639092     1.412670     0.000000
     0.664022     1.412639     0.000000
     0.688952     1.412657     0.000000
     0.713880     1.412628     0.000000
     0.738809     1.412639     0.000001
     0.763739     1.412616     0.000003
     0.788658     1.412621     0.000007
     0.813592     1.412599     0.000015
     0.838504     1.412600     0.000026
     0.863426     1.412577     0.000037
     0.888345     1.412560     0.000050
     0.913231     1.412564     0.000062
     0.938111     1.412525     0.000074
     0.962904     1.412467     0.000086
     0.987831     1.412391     0.000098
     0.011629     1.437380     0.000065
     0.036490     1.437424     0.000057
     0.061407     1.437397     0.000048
     0.086302     1.437409     0.000039
     0.111217     1.437412     0.000030
     0.136135     1.437426     0.000021
     0.161056     1.437430     0.000012
     0.185976     1.437446     0.000005
     0.210903     1.437446     0.000001
     0.235824     1.437462     0.000000
     0.260757     1.437460     0.000000
     0.285682     1.437472     0.000000
     0.310617     1.437472     0.000000
     0.335544     1.437480     0.000000
     0.360478     1.437482     0.000000
     0.385408     1.437486     0.000000
     0.410340     1.437489     0.000000
     0.435270     1.437489     0.000000
     0.460201     1.437493     0.000000
     0.485132     1.437489     0.000000
     0.510063     1.437496     0.000000
     0.534993     1.437485     0.000000
     0.559925     1.437495     0.000000
     0.584853     1.437480     0.000000
     0.609790     1.437490     0.000000
     0.634712     1.437474     0.000000
     0.659653     1.437483     0.000000
     0.684572     1.437467     0.000000
     0.709512     1.437472     0.000000
     0.734429     1.437457     0.000000
     0.759364     1.437458     0.000002
     0.784280     1.437440     0.000005
     0.809214     1.437440     0.000012
     0.834123     1.437419     0.000022
     0.859059     1.437419     0.000034
     0.883950     1.437397     0.000046
     0.908882     1.437407     0.000058
     0.933767     1.437392     0.000070
     0.958667     1.437407     0.000083
     0.983454     1.437187     0.000095
     0.007053     1.462384     0.000058
     0.031985     1.462384     0.000050
     0.056917     1.462384     0.000042
     0.081848     1.462384     0.000034
     0.106780     1.462384     0.000025
     0.131712     1.462384     0.000017
     0.156644     1.462384     0.000010
     0.181576     1.462384     0.000004
     0.206508     1.462384     0.000001
     0.231439     1.462384     0.000000
     0.256371     1.462384     0.000000
     0.281303     1.462384     0.000000
     0.306235     1.462384     0.000000
     0.331167     1.462384     0.000000
     0.356099     1.462384     0.000000
     0.381030     1.462384     0.000000
     0.405962     1.462384     0.000000
     0.430894     1.462384     0.000000
     0.455826     1.462384     0.000000
     0.480758     1.462384     0.000000
     0.505690     1.462384     0.000000
     0.530621     1.462384     0.000000
     0.555553     1.462384     0.000000
     0.580485     1.462384     0.000000
     0.605417     1.462384     0.000000
     0.630349     1.462384     0.000000
     0.655281     1.462384     0.000000
     0.680213     1.462384     0.000000
     0.705144     1.462384     0.000000
     0.730076     1.462384     0.000000
     0.755008     1.462384     0.000001
     0.779940     1.462384     0.000004
     0.804872     1.462384     0.000010
     0.829804     1.462384     0.000019
     0.854735     1.462384     0.000030
     0.879667     1.462384     0.000042
     0.904599     1.462384     0.000054
     0.929531     1.462384     0.000067
     0.954463     1.462384     0.000079
     0.979395     1.462384     0.000091
     0.002675     1.487211     0.000049
     0.027607     1.487211     0.000043
     0.052539     1.487211     0.000036
     0.077471     1.487211     0.000028
     0.102403     1.487211     0.000021
     0.127334     1.487211     0.000013
     0.152266     1.487211     0.000007
     0.177198     1.487211     0.000003
     0.202130     1.487211     0.000001
     0.227062     1.487211     0.000000
     0.251994     1.487211     0.000000
     0.276925     1.487211     0.000000
     0.301857     1.487211     0.000000
     0.326789     1.487211     0.000000
     0.351721     1.487211     0.000000
     0.376653     1.487211     0.000000
     0.401585     1.487211     0.000000
     0.426516     1.487211     0.000000
     0.451448     1.487211     0.000000
     0.476380     1.487211     0.000000
     0.501312     1.487211     0.000000
     0.526244     1.487211     0.000000
     0.551176     1.487211     0.000000
     0.576108     1.487211     0.000000
     0.601039     1.487211     0.000000
     0.625971     1.487211     0.000000
     0.650903     1.487211     0.000000
     0.675835     1.487211     0.000000
     0.700767     1.487211     0.000000
     0.725699     1.487211     0.000000
     0.750630     1.487211     0.000000
     0.775562     1.487211     0.000002
     0.800494     1.487211     0.000006
     0.825426     1.487211     0.000015
     0.850358     1.487211     0.000026
     0.875290     1.487211     0.000038
     0.900221     1.487211     0.000050
     0.925153     1.487211     0.000063
     0.950085     1.487211     0.000075
     0.975017     1.487211     0.000087
     0.999949     1.487211     0.000098
