                 8.390736                 0.000005
                13.060733                 0.000020
                20.838657                 0.000044
                31.716368                 0.000079
                45.681276                 0.000123
                62.718904                 0.000177
                82.810312                 0.000241
               105.933760                 0.000314
               132.064238                 0.000397
               161.172967                 0.000489
               193.228994                 0.000591
               228.197129                 0.000702
               266.039430                 0.000822
               306.715617                 0.000952
               350.181038                 0.001090
               385.077978                 0.001237
               409.180587                 0.001393
               433.008105                 0.001557
               456.934948                 0.001729
               480.837270                 0.001910
               504.583600                 0.002098
               528.050111                 0.002295
               551.017291                 0.002499
               573.346816                 0.002710
               594.712473                 0.002929
               614.253930                 0.003155
               631.190537                 0.003387
               646.196453                 0.003626
               659.492368                 0.003871
               671.030887                 0.004122
               680.568383                 0.004379
               688.600896                 0.004642
               695.041615                 0.004910
               699.923948                 0.005182
               703.256252                 0.005460
               704.963626                 0.005742
               704.792983                 0.006028
               702.114224                 0.006319
               695.856325                 0.006613
               683.548166                 0.006910
               668.689054                 0.007210
               650.869701                 0.007513
               630.700038                 0.007819
               608.542962                 0.008126
               585.403957                 0.008436
               561.197951                 0.008747
               537.152320                 0.009059
               512.722359                 0.009372
               488.902842                 0.009686
               465.621536                 0.010000
