     0.000000    -0.010000     0.000131
     0.025641    -0.010000     0.000098
     0.051282    -0.010000     0.000061
     0.076923    -0.010000     0.000024
     0.102564    -0.010000     0.000004
     0.128205    -0.010000     0.000000
     0.153846    -0.010000     0.000000
     0.179487    -0.010000     0.000000
     0.205128    -0.010000     0.000000
     0.230769    -0.010000     0.000000
     0.256410    -0.010000     0.000000
     0.282051    -0.010000     0.000000
     0.307692    -0.010000     0.000000
     0.333333    -0.010000     0.000000
     0.358974    -0.010000     0.000000
     0.384615    -0.010000     0.000000
     0.410256    -0.010000     0.000000
     0.435897    -0.010000     0.000000
     0.461538    -0.010000     0.000000
     0.487179    -0.010000     0.000000
     0.512821    -0.010000     0.000000
     0.538462    -0.010000     0.000000
     0.564103    -0.010000     0.000000
     0.589744    -0.010000     0.000000
     0.615385    -0.010000     0.000000
     0.641026    -0.010000     0.000000
     0.666667    -0.010000     0.000000
     0.692308    -0.010000     0.000000
     0.717949    -0.010000     0.000000
     0.743590    -0.010000     0.000000
     0.769231    -0.010000     0.000000
     0.794872    -0.010000     0.000000
     0.820513    -0.010000     0.000000
     0.846154    -0.010000     0.000000
     0.871795    -0.010000     0.000000
     0.897436    -0.010000     0.000004
     0.923077    -0.010000     0.000024
     0.948718    -0.010000     0.000061
     0.974359    -0.010000     0.000098
     1.000000    -0.010000     0.000131
     0.000070     0.015478     0.000148
     0.025625     0.015439     0.000115
     0.051320     0.015465     0.000078
     0.076927     0.015453     0.000040
     0.102581     0.015453     0.000012
     0.128208     0.015450     0.000001
     0.153850     0.015448     0.000000
     0.179487     0.015445     0.000000
     0.205127     0.015444     0.000000
     0.230768     0.015443     0.000000
     0.256408     0.015441     0.000000
     0.282050     0.015440     0.000000
     0.307690     0.015439     0.000000
     0.333333     0.015438     0.000000
     0.358972     0.015437     0.000000
     0.384615     0.015437     0.000000
     0.410255     0.015436     0.000000
     0.435898     0.015435     0.000000
     0.461537     0.015435     0.000000
     0.487181     0.015435     0.000000
     0.512819     0.015435     0.000000
     0.538463     0.015435     0.000000
     0.564101     0.015435     0.000000
     0.589746     0.015436     0.000000
     0.615384     0.015437     0.000000
     0.641029     0.015437     0.000000
     0.666667     0.015438     0.000000
     0.692310     0.015439     0.000000
     0.717950     0.015440     0.000000
     0.743593     0.015441     0.000000
     0.769232     0.015442     0.000000
     0.794873     0.015444     0.000000
     0.820513     0.015445     0.000000
     0.846149     0.015448     0.000000
     0.871793     0.015450     0.000002
     0.897419     0.015453     0.000012
     0.923073     0.015454     0.000040
     0.948681     0.015465     0.000078
     0.974375     0.015439     0.000115
     0.999931     0.015478     0.000148
     0.000266     0.041122     0.000153
     0.025783     0.041016     0.000123
     0.051356     0.040968     0.000089
     0.076995     0.040992     0.000052
     0.102616     0.040965     0.000021
     0.128249     0.040973     0.000005
     0.153886     0.040952     0.000000
     0.179514     0.040951     0.000000
     0.205158     0.040935     0.000000
     0.230784     0.040931     0.000000
     0.256432     0.040922     0.000000
     0.282058     0.040916     0.000000
     0.307709     0.040911     0.000000
     0.333334     0.040906     0.000000
     0.358987     0.040903     0.000000
     0.384613     0.040899     0.000000
     0.410265     0.040897     0.000000
     0.435893     0.040897     0.000000
     0.461547     0.040894     0.000000
     0.487171     0.040895     0.000000
     0.512828     0.040894     0.000000
     0.538452     0.040896     0.000000
     0.564109     0.040895     0.000000
     0.589731     0.040898     0.000000
     0.615388     0.040898     0.000000
     0.641011     0.040903     0.000000
     0.666666     0.040907     0.000000
     0.692289     0.040910     0.000000
     0.717943     0.040917     0.000000
     0.743567     0.040922     0.000000
     0.769216     0.040932     0.000000
     0.794841     0.040935     0.000000
     0.820485     0.040951     0.000000
     0.846114     0.040953     0.000000
     0.871751     0.040972     0.000005
     0.897384     0.040965     0.000021
     0.923004     0.040991     0.000052
     0.948645     0.040968     0.000089
     0.974217     0.041015     0.000123
     0.999734     0.041121     0.000153
     0.000235     0.066615     0.000145
     0.025881     0.066574     0.000121
     0.051407     0.066485     0.000091
     0.077025     0.066446     0.000057
     0.102639     0.066437     0.000029
     0.128263     0.066411     0.000010
     0.153885     0.066403     0.000002
     0.179520     0.066386     0.000000
     0.205147     0.066382     0.000000
     0.230792     0.066370     0.000000
     0.256420     0.066363     0.000000
     0.282069     0.066356     0.000000
     0.307696     0.066350     0.000000
     0.333347     0.066345     0.000000
     0.358975     0.066340     0.000000
     0.384627     0.066338     0.000000
     0.410256     0.066334     0.000000
     0.435907     0.066331     0.000000
     0.461535     0.066330     0.000000
     0.487188     0.066328     0.000000
     0.512813     0.066329     0.000000
     0.538466     0.066329     0.000000
     0.564092     0.066331     0.000000
     0.589747     0.066335     0.000000
     0.615371     0.066336     0.000000
     0.641026     0.066342     0.000000
     0.666652     0.066343     0.000000
     0.692305     0.066352     0.000000
     0.717930     0.066354     0.000000
     0.743581     0.066365     0.000000
     0.769207     0.066368     0.000000
     0.794855     0.066382     0.000000
     0.820478     0.066386     0.000000
     0.846116     0.066403     0.000002
     0.871735     0.066411     0.000010
     0.897361     0.066438     0.000029
     0.922975     0.066446     0.000057
     0.948592     0.066485     0.000091
     0.974120     0.066575     0.000121
     0.999766     0.066616     0.000145
     0.000353     0.092096     0.000118
     0.025906     0.092080     0.000105
     0.051534     0.092053     0.000083
     0.077078     0.091986     0.000057
     0.102715     0.091966     0.000031
     0.128317     0.091953     0.000013
     0.153960     0.091924     0.000003
     0.179566     0.091907     0.000000
     0.205216     0.091879     0.000000
     0.230821     0.091867     0.000000
     0.256477     0.091846     0.000000
     0.282082     0.091836     0.000000
     0.307744     0.091824     0.000000
     0.333351     0.091814     0.000000
     0.359015     0.091807     0.000000
     0.384620     0.091800     0.000000
     0.410286     0.091796     0.000000
     0.435892     0.091794     0.000000
     0.461560     0.091791     0.000000
     0.487165     0.091791     0.000000
     0.512835     0.091791     0.000000
     0.538439     0.091792     0.000000
     0.564108     0.091793     0.000000
     0.589711     0.091796     0.000000
     0.615381     0.091801     0.000000
     0.640983     0.091805     0.000000
     0.666649     0.091817     0.000000
     0.692254     0.091823     0.000000
     0.717917     0.091838     0.000000
     0.743521     0.091846     0.000000
     0.769178     0.091868     0.000000
     0.794783     0.091879     0.000000
     0.820434     0.091909     0.000000
     0.846039     0.091923     0.000003
     0.871684     0.091954     0.000013
     0.897285     0.091965     0.000031
     0.922923     0.091986     0.000057
     0.948468     0.092050     0.000083
     0.974093     0.092080     0.000105
     0.999647     0.092094     0.000118
     0.000290     0.117674     0.000091
     0.025936     0.117596     0.000086
     0.051520     0.117540     0.000071
     0.077149     0.117491     0.000051
     0.102703     0.117429     0.000030
     0.128342     0.117390     0.000014
     0.153935     0.117366     0.000004
     0.179582     0.117337     0.000001
     0.205187     0.117326     0.000000
     0.230841     0.117303     0.000000
     0.256453     0.117292     0.000000
     0.282108     0.117276     0.000000
     0.307722     0.117266     0.000000
     0.333377     0.117256     0.000000
     0.358994     0.117248     0.000000
     0.384649     0.117242     0.000000
     0.410266     0.117236     0.000000
     0.435921     0.117230     0.000000
     0.461538     0.117228     0.000000
     0.487193     0.117226     0.000000
     0.512808     0.117225     0.000000
     0.538464     0.117228     0.000000
     0.564078     0.117230     0.000000
     0.589737     0.117237     0.000000
     0.615349     0.117239     0.000000
     0.641010     0.117252     0.000000
     0.666622     0.117252     0.000000
     0.692280     0.117268     0.000000
     0.717891     0.117273     0.000000
     0.743549     0.117294     0.000000
     0.769159     0.117300     0.000000
     0.794813     0.117327     0.000000
     0.820418     0.117336     0.000001
     0.846064     0.117366     0.000004
     0.871658     0.117390     0.000014
     0.897296     0.117429     0.000030
     0.922852     0.117490     0.000051
     0.948480     0.117542     0.000071
     0.974065     0.117597     0.000086
     0.999711     0.117675     0.000091
     0.000461     0.143074     0.000084
     0.025997     0.143081     0.000077
     0.051617     0.143055     0.000064
     0.077180     0.143025     0.000045
     0.102836     0.142988     0.000026
     0.128401     0.142945     0.000012
     0.154059     0.142903     0.000004
     0.179633     0.142871     0.000001
     0.205297     0.142831     0.000000
     0.230874     0.142805     0.000000
     0.256542     0.142779     0.000000
     0.282123     0.142758     0.000000
     0.307797     0.142744     0.000000
     0.333379     0.142725     0.000000
     0.359055     0.142717     0.000000
     0.384636     0.142704     0.000000
     0.410315     0.142701     0.000000
     0.435896     0.142696     0.000000
     0.461578     0.142694     0.000000
     0.487159     0.142692     0.000000
     0.512840     0.142692     0.000000
     0.538422     0.142694     0.000000
     0.564102     0.142695     0.000000
     0.589684     0.142700     0.000000
     0.615363     0.142706     0.000000
     0.640943     0.142713     0.000000
     0.666620     0.142730     0.000000
     0.692202     0.142742     0.000000
     0.717876     0.142761     0.000000
     0.743456     0.142777     0.000000
     0.769126     0.142808     0.000000
     0.794702     0.142831     0.000000
     0.820367     0.142871     0.000001
     0.845940     0.142903     0.000004
     0.871599     0.142946     0.000012
     0.897164     0.142987     0.000026
     0.922819     0.143024     0.000045
     0.948383     0.143053     0.000064
     0.974004     0.143078     0.000077
     0.999539     0.143072     0.000084
     0.000347     0.168754     0.000092
     0.026003     0.168634     0.000079
     0.051586     0.168566     0.000062
     0.077223     0.168490     0.000041
     0.102779     0.168433     0.000022
     0.128429     0.168373     0.000009
     0.154006     0.168340     0.000003
     0.179661     0.168293     0.000000
     0.205252     0.168278     0.000000
     0.230908     0.168242     0.000000
     0.256509     0.168228     0.000000
     0.282164     0.168201     0.000000
     0.307765     0.168188     0.000000
     0.333421     0.168171     0.000000
     0.359025     0.168163     0.000000
     0.384680     0.168150     0.000000
     0.410285     0.168146     0.000000
     0.435941     0.168134     0.000000
     0.461543     0.168132     0.000000
     0.487199     0.168130     0.000000
     0.512802     0.168128     0.000000
     0.538459     0.168134     0.000000
     0.564060     0.168134     0.000000
     0.589717     0.168146     0.000000
     0.615319     0.168149     0.000000
     0.640978     0.168167     0.000000
     0.666580     0.168167     0.000000
     0.692237     0.168191     0.000000
     0.717836     0.168197     0.000000
     0.743494     0.168230     0.000000
     0.769092     0.168238     0.000000
     0.794750     0.168279     0.000000
     0.820341     0.168291     0.000000
     0.845994     0.168339     0.000003
     0.871573     0.168371     0.000009
     0.897221     0.168433     0.000022
     0.922779     0.168490     0.000042
     0.948415     0.168567     0.000062
     0.973999     0.168634     0.000079
     0.999655     0.168755     0.000092
     0.000607     0.194059     0.000110
     0.026115     0.194086     0.000091
     0.051729     0.194058     0.000068
     0.077281     0.194042     0.000042
     0.102954     0.193996     0.000021
     0.128497     0.193939     0.000008
     0.154169     0.193887     0.000002
     0.179716     0.193835     0.000000
     0.205391     0.193788     0.000000
     0.230946     0.193746     0.000000
     0.256621     0.193716     0.000000
     0.282179     0.193686     0.000000
     0.307864     0.193671     0.000000
     0.333419     0.193642     0.000000
     0.359107     0.193633     0.000000
     0.384661     0.193616     0.000000
     0.410352     0.193611     0.000000
     0.435905     0.193605     0.000000
     0.461600     0.193603     0.000000
     0.487152     0.193600     0.000000
     0.512847     0.193601     0.000000
     0.538398     0.193602     0.000000
     0.564094     0.193605     0.000000
     0.589646     0.193611     0.000000
     0.615339     0.193616     0.000000
     0.640891     0.193629     0.000000
     0.666581     0.193648     0.000000
     0.692134     0.193667     0.000000
     0.717822     0.193689     0.000000
     0.743375     0.193714     0.000000
     0.769057     0.193750     0.000000
     0.794606     0.193786     0.000000
     0.820282     0.193837     0.000000
     0.845830     0.193887     0.000002
     0.871502     0.193939     0.000008
     0.897045     0.193995     0.000021
     0.922719     0.194040     0.000042
     0.948271     0.194055     0.000068
     0.973885     0.194084     0.000091
     0.999391     0.194056     0.000110
     0.000407     0.219861     0.000132
     0.026080     0.219695     0.000108
     0.051662     0.219606     0.000079
     0.077299     0.219476     0.000047
     0.102860     0.219431     0.000022
     0.128521     0.219352     0.000008
     0.154092     0.219314     0.000002
     0.179754     0.219252     0.000000
     0.205337     0.219233     0.000000
     0.230994     0.219185     0.000000
     0.256584     0.219172     0.000000
     0.282235     0.219129     0.000000
     0.307825     0.219119     0.000000
     0.333476     0.219093     0.000000
     0.359069     0.219087     0.000000
     0.384719     0.219067     0.000000
     0.410313     0.219063     0.000000
     0.435962     0.219047     0.000000
     0.461554     0.219044     0.000000
     0.487205     0.219043     0.000000
     0.512798     0.219040     0.000000
     0.538447     0.219047     0.000000
     0.564039     0.219046     0.000000
     0.589689     0.219065     0.000000
     0.615283     0.219066     0.000000
     0.640932     0.219092     0.000000
     0.666526     0.219087     0.000000
     0.692177     0.219123     0.000000
     0.717765     0.219126     0.000000
     0.743419     0.219173     0.000000
     0.769005     0.219180     0.000000
     0.794666     0.219235     0.000000
     0.820248     0.219248     0.000000
     0.845910     0.219314     0.000002
     0.871480     0.219348     0.000008
     0.897143     0.219431     0.000022
     0.922700     0.219474     0.000048
     0.948340     0.219607     0.000079
     0.973921     0.219694     0.000109
     0.999595     0.219863     0.000133
     0.000802     0.245052     0.000162
     0.026266     0.245092     0.000133
     0.051893     0.245071     0.000096
     0.077417     0.245065     0.000056
     0.103086     0.244993     0.000026
     0.128614     0.244926     0.000009
     0.154292     0.244867     0.000002
     0.179822     0.244796     0.000000
     0.205504     0.244747     0.000000
     0.231030     0.244688     0.000000
     0.256722     0.244660     0.000000
     0.282248     0.244619     0.000000
     0.307947     0.244606     0.000000
     0.333469     0.244566     0.000000
     0.359171     0.244560     0.000000
     0.384692     0.244534     0.000000
     0.410398     0.244532     0.000000
     0.435917     0.244523     0.000000
     0.461628     0.244524     0.000000
     0.487143     0.244516     0.000000
     0.512855     0.244519     0.000000
     0.538371     0.244521     0.000000
     0.564084     0.244524     0.000000
     0.589599     0.244530     0.000000
     0.615308     0.244536     0.000000
     0.640828     0.244555     0.000000
     0.666530     0.244572     0.000000
     0.692051     0.244601     0.000000
     0.717752     0.244623     0.000000
     0.743277     0.244658     0.000000
     0.768969     0.244692     0.000000
     0.794494     0.244744     0.000000
     0.820178     0.244800     0.000000
     0.845706     0.244866     0.000002
     0.871386     0.244928     0.000009
     0.896911     0.244992     0.000026
     0.922584     0.245063     0.000056
     0.948107     0.245067     0.000097
     0.973733     0.245089     0.000133
     0.999195     0.245047     0.000162
     0.000492     0.271014     0.000196
     0.026184     0.270777     0.000160
     0.051737     0.270651     0.000116
     0.077405     0.270482     0.000068
     0.102966     0.270433     0.000030
     0.128633     0.270328     0.000010
     0.154210     0.270287     0.000004
     0.179870     0.270206     0.000003
     0.205452     0.270196     0.000003
     0.231104     0.270129     0.000002
     0.256682     0.270123     0.000002
     0.282322     0.270064     0.000001
     0.307903     0.270061     0.000001
     0.333540     0.270023     0.000001
     0.359129     0.270022     0.000001
     0.384762     0.269994     0.000001
     0.410352     0.269992     0.000001
     0.435982     0.269969     0.000001
     0.461573     0.269967     0.000001
     0.487206     0.269966     0.000000
     0.512797     0.269963     0.000000
     0.538429     0.269970     0.000001
     0.564020     0.269968     0.000001
     0.589651     0.269996     0.000001
     0.615241     0.269991     0.000001
     0.640872     0.270027     0.000001
     0.666463     0.270017     0.000001
     0.692099     0.270065     0.000001
     0.717680     0.270058     0.000001
     0.743319     0.270125     0.000002
     0.768899     0.270124     0.000002
     0.794551     0.270198     0.000003
     0.820130     0.270200     0.000003
     0.845795     0.270287     0.000004
     0.871367     0.270322     0.000011
     0.897037     0.270434     0.000030
     0.922596     0.270479     0.000068
     0.948263     0.270652     0.000116
     0.973819     0.270777     0.000160
     0.999513     0.271016     0.000196
     0.001079     0.296062     0.000233
     0.026480     0.296122     0.000191
     0.052120     0.296098     0.000138
     0.077592     0.296074     0.000081
     0.103264     0.296001     0.000037
     0.128771     0.295900     0.000015
     0.154451     0.295846     0.000010
     0.179953     0.295752     0.000012
     0.205640     0.295707     0.000014
     0.231135     0.295633     0.000014
     0.256839     0.295615     0.000012
     0.282334     0.295559     0.000010
     0.308044     0.295554     0.000008
     0.333529     0.295499     0.000008
     0.359245     0.295497     0.000007
     0.384725     0.295462     0.000007
     0.410453     0.295466     0.000006
     0.435929     0.295451     0.000005
     0.461662     0.295455     0.000004
     0.487131     0.295443     0.000004
     0.512869     0.295448     0.000004
     0.538336     0.295452     0.000004
     0.564071     0.295453     0.000005
     0.589545     0.295463     0.000006
     0.615275     0.295465     0.000007
     0.640755     0.295493     0.000007
     0.666471     0.295503     0.000008
     0.691954     0.295550     0.000008
     0.717666     0.295564     0.000010
     0.743160     0.295613     0.000012
     0.768864     0.295636     0.000014
     0.794358     0.295706     0.000014
     0.820046     0.295754     0.000012
     0.845547     0.295845     0.000010
     0.871228     0.295904     0.000015
     0.896735     0.295997     0.000037
     0.922408     0.296074     0.000081
     0.947879     0.296092     0.000139
     0.973519     0.296116     0.000191
     0.998917     0.296055     0.000233
     0.000603     0.322227     0.000268
     0.026329     0.321897     0.000215
     0.051847     0.321717     0.000153
     0.077542     0.321515     0.000092
     0.103120     0.321431     0.000050
     0.128794     0.321302     0.000032
     0.154376     0.321264     0.000028
     0.180029     0.321156     0.000031
     0.205608     0.321173     0.000035
     0.231237     0.321078     0.000037
     0.256808     0.321089     0.000035
     0.282419     0.321005     0.000032
     0.307999     0.321018     0.000029
     0.333611     0.320961     0.000026
     0.359202     0.320975     0.000024
     0.384807     0.320928     0.000022
     0.410397     0.320937     0.000020
     0.435997     0.320900     0.000018
     0.461599     0.320904     0.000015
     0.487202     0.320901     0.000014
     0.512801     0.320898     0.000014
     0.538405     0.320908     0.000015
     0.564006     0.320898     0.000018
     0.589607     0.320942     0.000021
     0.615195     0.320924     0.000022
     0.640801     0.320980     0.000024
     0.666391     0.320956     0.000026
     0.692004     0.321022     0.000029
     0.717583     0.320998     0.000032
     0.743197     0.321093     0.000035
     0.768765     0.321072     0.000037
     0.794396     0.321174     0.000035
     0.819973     0.321150     0.000031
     0.845629     0.321263     0.000028
     0.871210     0.321295     0.000032
     0.896884     0.321431     0.000051
     0.922460     0.321512     0.000092
     0.948157     0.321718     0.000153
     0.973673     0.321898     0.000216
     0.999402     0.322230     0.000269
     0.001460     0.347077     0.000294
     0.026798     0.347169     0.000233
     0.052430     0.347171     0.000169
     0.077841     0.347052     0.000108
     0.103528     0.347006     0.000074
     0.128989     0.346857     0.000066
     0.154685     0.346828     0.000068
     0.180115     0.346707     0.000072
     0.205796     0.346684     0.000074
     0.231254     0.346586     0.000074
     0.256971     0.346588     0.000073
     0.282441     0.346511     0.000070
     0.308150     0.346521     0.000066
     0.333600     0.346440     0.000061
     0.359318     0.346454     0.000056
     0.384757     0.346398     0.000051
     0.410520     0.346421     0.000047
     0.435940     0.346385     0.000043
     0.461709     0.346403     0.000039
     0.487098     0.346382     0.000037
     0.512902     0.346386     0.000037
     0.538290     0.346399     0.000039
     0.564060     0.346388     0.000042
     0.589479     0.346417     0.000047
     0.615244     0.346401     0.000051
     0.640681     0.346450     0.000056
     0.666400     0.346443     0.000061
     0.691851     0.346518     0.000066
     0.717559     0.346516     0.000070
     0.743028     0.346585     0.000073
     0.768746     0.346590     0.000074
     0.794203     0.346681     0.000074
     0.819885     0.346710     0.000072
     0.845312     0.346827     0.000068
     0.871010     0.346859     0.000066
     0.896469     0.347002     0.000074
     0.922160     0.347051     0.000108
     0.947568     0.347166     0.000169
     0.973200     0.347163     0.000233
     0.998536     0.347067     0.000295
     0.000726     0.373483     0.000306
     0.026495     0.373056     0.000242
     0.052030     0.372836     0.000185
     0.077764     0.372543     0.000141
     0.103340     0.372422     0.000120
     0.129046     0.372263     0.000119
     0.154615     0.372272     0.000127
     0.180282     0.372174     0.000132
     0.205828     0.372193     0.000133
     0.231432     0.372055     0.000129
     0.256956     0.372078     0.000126
     0.282525     0.371963     0.000121
     0.308120     0.372012     0.000117
     0.333694     0.371910     0.000112
     0.359310     0.371984     0.000105
     0.384849     0.371849     0.000097
     0.410450     0.371923     0.000088
     0.435999     0.371823     0.000081
     0.461627     0.371888     0.000076
     0.487202     0.371839     0.000073
     0.512801     0.371835     0.000073
     0.538378     0.371893     0.000076
     0.564004     0.371819     0.000081
     0.589555     0.371928     0.000088
     0.615154     0.371846     0.000097
     0.640694     0.371990     0.000105
     0.666308     0.371904     0.000112
     0.691883     0.372017     0.000118
     0.717477     0.371956     0.000122
     0.743049     0.372081     0.000126
     0.768570     0.372049     0.000129
     0.794177     0.372195     0.000133
     0.819719     0.372168     0.000132
     0.845392     0.372270     0.000127
     0.870957     0.372256     0.000120
     0.896667     0.372421     0.000120
     0.922239     0.372539     0.000141
     0.947975     0.372838     0.000185
     0.973511     0.373057     0.000243
     0.999281     0.373487     0.000307
     0.001956     0.398106     0.000567
     0.027198     0.398178     0.000419
     0.052860     0.398224     0.000272
     0.078301     0.398001     0.000201
     0.103918     0.398006     0.000199
     0.129237     0.397797     0.000208
     0.154881     0.397837     0.000213
     0.180254     0.397658     0.000209
     0.206038     0.397714     0.000203
     0.231413     0.397579     0.000195
     0.257224     0.397674     0.000189
     0.282542     0.397479     0.000184
     0.308340     0.397548     0.000178
     0.333623     0.397386     0.000172
     0.359459     0.397459     0.000163
     0.384807     0.397383     0.000153
     0.410602     0.397417     0.000141
     0.435995     0.397361     0.000133
     0.461687     0.397350     0.000125
     0.487170     0.397351     0.000122
     0.512830     0.397355     0.000122
     0.538314     0.397345     0.000125
     0.564005     0.397364     0.000132
     0.589398     0.397413     0.000141
     0.615194     0.397387     0.000153
     0.640542     0.397455     0.000163
     0.666379     0.397391     0.000172
     0.691661     0.397545     0.000178
     0.717457     0.397483     0.000185
     0.742776     0.397672     0.000190
     0.768588     0.397583     0.000195
     0.793961     0.397711     0.000203
     0.819748     0.397661     0.000209
     0.845117     0.397834     0.000213
     0.870761     0.397801     0.000209
     0.896078     0.398000     0.000199
     0.921697     0.398003     0.000202
     0.947139     0.398214     0.000272
     0.972799     0.398170     0.000420
     0.998038     0.398095     0.000568
     0.000931     0.424835     0.001900
     0.026728     0.424255     0.001502
     0.052347     0.423806     0.000988
     0.078104     0.423507     0.000576
     0.103782     0.423589     0.000406
     0.129412     0.423362     0.000360
     0.155053     0.423433     0.000343
     0.180494     0.423149     0.000326
     0.206116     0.423268     0.000307
     0.231517     0.423013     0.000292
     0.257217     0.423140     0.000278
     0.282680     0.422966     0.000268
     0.308331     0.423087     0.000258
     0.333849     0.422943     0.000249
     0.359369     0.422953     0.000238
     0.384955     0.422885     0.000227
     0.410452     0.422850     0.000215
     0.436113     0.422896     0.000204
     0.461617     0.422828     0.000197
     0.487245     0.422845     0.000192
     0.512760     0.422838     0.000192
     0.538387     0.422835     0.000197
     0.563890     0.422891     0.000204
     0.589553     0.422856     0.000215
     0.615049     0.422880     0.000227
     0.640635     0.422960     0.000238
     0.666155     0.422937     0.000250
     0.691673     0.423092     0.000259
     0.717323     0.422960     0.000269
     0.742789     0.423142     0.000279
     0.768486     0.423007     0.000292
     0.793890     0.423270     0.000307
     0.819506     0.423142     0.000326
     0.844952     0.423434     0.000343
     0.870591     0.423353     0.000361
     0.896225     0.423590     0.000407
     0.921901     0.423497     0.000577
     0.947661     0.423812     0.000989
     0.973278     0.424259     0.001504
     0.999078     0.424840     0.001903
     0.002631     0.449114     0.005102
     0.027964     0.448989     0.004331
     0.053708     0.449347     0.003331
     0.078559     0.448848     0.002209
     0.104299     0.449108     0.001385
     0.129362     0.448689     0.000915
     0.155334     0.449015     0.000662
     0.180478     0.448698     0.000546
     0.206450     0.448868     0.000494
     0.231632     0.448644     0.000467
     0.257421     0.448688     0.000443
     0.282732     0.448572     0.000422
     0.308432     0.448514     0.000400
     0.333889     0.448528     0.000379
     0.359523     0.448460     0.000360
     0.385014     0.448479     0.000344
     0.410609     0.448403     0.000333
     0.436070     0.448367     0.000323
     0.461731     0.448367     0.000316
     0.487160     0.448359     0.000311
     0.512840     0.448364     0.000311
     0.538270     0.448361     0.000316
     0.563930     0.448370     0.000323
     0.589392     0.448396     0.000332
     0.614988     0.448484     0.000344
     0.640477     0.448454     0.000360
     0.666114     0.448534     0.000379
     0.691569     0.448511     0.000400
     0.717270     0.448576     0.000423
     0.742578     0.448685     0.000444
     0.768368     0.448647     0.000468
     0.793548     0.448867     0.000495
     0.819524     0.448701     0.000547
     0.844664     0.449011     0.000663
     0.870638     0.448693     0.000918
     0.895697     0.449100     0.001388
     0.921440     0.448851     0.002212
     0.946285     0.449336     0.003333
     0.972034     0.448979     0.004333
     0.997363     0.449104     0.005105
     0.001872     0.476404     0.009474
     0.026348     0.474968     0.008459
     0.053258     0.475100     0.007259
     0.078534     0.474793     0.005631
     0.104661     0.474901     0.003940
     0.129767     0.474516     0.002641
     0.155355     0.474514     0.001743
     0.180879     0.474249     0.001189
     0.206238     0.474280     0.000901
     0.231999     0.474228     0.000767
     0.257318     0.474138     0.000704
     0.283105     0.474154     0.000663
     0.308373     0.474066     0.000627
     0.334090     0.474060     0.000589
     0.359443     0.473985     0.000554
     0.385105     0.473949     0.000526
     0.410564     0.473938     0.000508
     0.436185     0.473898     0.000498
     0.461651     0.473897     0.000492
     0.487262     0.473872     0.000491
     0.512742     0.473864     0.000491
     0.538353     0.473905     0.000492
     0.563820     0.473893     0.000498
     0.589441     0.473945     0.000508
     0.614898     0.473943     0.000526
     0.640563     0.473993     0.000554
     0.665913     0.474051     0.000589
     0.691632     0.474074     0.000628
     0.716900     0.474148     0.000664
     0.742686     0.474142     0.000705
     0.768005     0.474221     0.000769
     0.793768     0.474281     0.000903
     0.819123     0.474243     0.001192
     0.844653     0.474516     0.001747
     0.870233     0.474506     0.002647
     0.895347     0.474902     0.003945
     0.921469     0.474782     0.005635
     0.946754     0.475106     0.007261
     0.973659     0.474973     0.008460
     0.998135     0.476412     0.009476
     0.010316     0.503507     0.012688
     0.031218     0.500764     0.011960
     0.053609     0.500074     0.011135
     0.078846     0.499918     0.009753
     0.104361     0.499941     0.007837
     0.130282     0.500242     0.005907
     0.155623     0.499973     0.004241
     0.181211     0.500095     0.002957
     0.206559     0.499878     0.002064
     0.232089     0.499812     0.001504
     0.257552     0.499759     0.001185
     0.283021     0.499695     0.001018
     0.308645     0.499677     0.000926
     0.334078     0.499587     0.000863
     0.359729     0.499617     0.000813
     0.385128     0.499508     0.000772
     0.410741     0.499510     0.000742
     0.436157     0.499425     0.000725
     0.461742     0.499444     0.000718
     0.487229     0.499420     0.000718
     0.512773     0.499425     0.000718
     0.538259     0.499437     0.000718
     0.563847     0.499429     0.000725
     0.589259     0.499504     0.000742
     0.614877     0.499513     0.000773
     0.640271     0.499612     0.000814
     0.665926     0.499594     0.000864
     0.691355     0.499673     0.000927
     0.716981     0.499702     0.001020
     0.742448     0.499758     0.001188
     0.767914     0.499814     0.001509
     0.793439     0.499878     0.002069
     0.818792     0.500098     0.002962
     0.844372     0.499971     0.004247
     0.869722     0.500248     0.005915
     0.895631     0.499930     0.007844
     0.921153     0.499921     0.009760
     0.946382     0.500063     0.011140
     0.968767     0.500752     0.011962
     0.989673     0.503499     0.012689
     0.016663     0.534287     0.012305
     0.041298     0.532809     0.012466
     0.061640     0.529819     0.012572
     0.084265     0.527047     0.012268
     0.106019     0.526579     0.011262
     0.130740     0.525755     0.009668
     0.156002     0.525803     0.007842
     0.181823     0.525534     0.006074
     0.207217     0.525668     0.004531
     0.232751     0.525487     0.003301
     0.258082     0.525507     0.002394
     0.283554     0.525336     0.001790
     0.308834     0.525343     0.001428
     0.334379     0.525240     0.001227
     0.359722     0.525193     0.001121
     0.385401     0.525161     0.001059
     0.410731     0.525126     0.001020
     0.436409     0.525151     0.000994
     0.461691     0.525056     0.000979
     0.487339     0.525076     0.000971
     0.512666     0.525070     0.000971
     0.538314     0.525063     0.000979
     0.563595     0.525146     0.000994
     0.589275     0.525134     0.001021
     0.614601     0.525155     0.001060
     0.640283     0.525204     0.001122
     0.665624     0.525232     0.001229
     0.691171     0.525351     0.001430
     0.716452     0.525328     0.001794
     0.741923     0.525514     0.002399
     0.767253     0.525481     0.003307
     0.792788     0.525670     0.004538
     0.818179     0.525530     0.006079
     0.844007     0.525805     0.007848
     0.869255     0.525746     0.009674
     0.893985     0.526588     0.011270
     0.915715     0.527017     0.012279
     0.938369     0.529839     0.012582
     0.958720     0.532821     0.012474
     0.983348     0.534289     0.012309
     0.014226     0.556584     0.008419
     0.040307     0.557797     0.009448
     0.066285     0.557723     0.010504
     0.089500     0.556587     0.011537
     0.112658     0.555673     0.012089
     0.134839     0.552804     0.011843
     0.157689     0.551880     0.010900
     0.181906     0.551350     0.009508
     0.207272     0.551271     0.007915
     0.232822     0.551142     0.006277
     0.258354     0.551189     0.004772
     0.283858     0.551163     0.003528
     0.309278     0.551065     0.002600
     0.334725     0.550967     0.001979
     0.360042     0.550857     0.001614
     0.385479     0.550788     0.001424
     0.410893     0.550742     0.001333
     0.436381     0.550693     0.001289
     0.461861     0.550746     0.001260
     0.487269     0.550681     0.001243
     0.512735     0.550689     0.001243
     0.538138     0.550738     0.001260
     0.563625     0.550696     0.001289
     0.589105     0.550739     0.001334
     0.614529     0.550792     0.001425
     0.639956     0.550853     0.001616
     0.665281     0.550974     0.001983
     0.690718     0.551061     0.002604
     0.716146     0.551168     0.003534
     0.741642     0.551191     0.004778
     0.767184     0.551146     0.006283
     0.792719     0.551275     0.007919
     0.818097     0.551352     0.009511
     0.842293     0.551890     0.010901
     0.865154     0.552815     0.011844
     0.887329     0.555677     0.012095
     0.910488     0.556599     0.011548
     0.933699     0.557645     0.010517
     0.959676     0.557789     0.009461
     0.985754     0.556585     0.008429
     0.015863     0.585166     0.003923
     0.040830     0.583899     0.005088
     0.066800     0.583610     0.006465
     0.092510     0.583236     0.008192
     0.117369     0.582481     0.009873
     0.141911     0.582153     0.011065
     0.164229     0.580811     0.011597
     0.187279     0.578622     0.011467
     0.209348     0.577649     0.010706
     0.233892     0.576977     0.009445
     0.258522     0.576855     0.007918
     0.284281     0.576714     0.006326
     0.309407     0.576745     0.004857
     0.335086     0.576719     0.003651
     0.360302     0.576662     0.002763
     0.385847     0.576543     0.002179
     0.411028     0.576485     0.001837
     0.436564     0.576440     0.001659
     0.461805     0.576408     0.001577
     0.487435     0.576442     0.001548
     0.512568     0.576439     0.001548
     0.538204     0.576415     0.001578
     0.563434     0.576436     0.001660
     0.588980     0.576493     0.001840
     0.614156     0.576538     0.002182
     0.639701     0.576672     0.002767
     0.664918     0.576713     0.003655
     0.690595     0.576755     0.004861
     0.715725     0.576705     0.006330
     0.741477     0.576863     0.007920
     0.766111     0.576977     0.009447
     0.790634     0.577657     0.010705
     0.812723     0.578620     0.011464
     0.835753     0.580824     0.011591
     0.858123     0.582130     0.011061
     0.882616     0.582500     0.009876
     0.907549     0.583201     0.008202
     0.933180     0.583635     0.006477
     0.959149     0.583919     0.005101
     0.984127     0.585167     0.003935
     0.015362     0.608185     0.001454
     0.041230     0.608685     0.002124
     0.066304     0.608590     0.003110
     0.091535     0.609021     0.004535
     0.116919     0.608795     0.006265
     0.142053     0.608417     0.008019
     0.167761     0.607803     0.009588
     0.191889     0.607708     0.010755
     0.215582     0.606578     0.011301
     0.238240     0.604435     0.011183
     0.261162     0.603602     0.010448
     0.284982     0.602778     0.009254
     0.310008     0.602634     0.007822
     0.335270     0.602339     0.006342
     0.360677     0.602374     0.004985
     0.386040     0.602322     0.003859
     0.411337     0.602267     0.003011
     0.436682     0.602161     0.002437
     0.461930     0.602129     0.002103
     0.487305     0.602163     0.001957
     0.512698     0.602165     0.001958
     0.538072     0.602124     0.002105
     0.563323     0.602167     0.002440
     0.588663     0.602258     0.003015
     0.613963     0.602333     0.003863
     0.639325     0.602367     0.004989
     0.664732     0.602352     0.006345
     0.689992     0.602628     0.007822
     0.715012     0.602790     0.009253
     0.738830     0.603602     0.010445
     0.761748     0.604455     0.011179
     0.784420     0.606581     0.011295
     0.808106     0.607708     0.010748
     0.832261     0.607787     0.009580
     0.857940     0.608427     0.008012
     0.883100     0.608787     0.006265
     0.908457     0.609030     0.004541
     0.933727     0.608612     0.003119
     0.958778     0.608665     0.002134
     0.984645     0.608172     0.001464
     0.015946     0.636062     0.000851
     0.041107     0.635307     0.001046
     0.066834     0.635169     0.001465
     0.092624     0.634540     0.002199
     0.118301     0.634377     0.003277
     0.143637     0.634127     0.004669
     0.168301     0.633906     0.006296
     0.193454     0.633497     0.007955
     0.218397     0.632987     0.009414
     0.242779     0.633206     0.010453
     0.265918     0.632082     0.010929
     0.289430     0.630277     0.010833
     0.311971     0.629158     0.010200
     0.336362     0.628540     0.009162
     0.360846     0.628248     0.007893
     0.386410     0.628129     0.006536
     0.411501     0.628082     0.005240
     0.436985     0.628123     0.004134
     0.462001     0.628034     0.003307
     0.487437     0.627932     0.002848
     0.512570     0.627926     0.002850
     0.538002     0.628042     0.003310
     0.563020     0.628120     0.004139
     0.588503     0.628091     0.005245
     0.613591     0.628123     0.006540
     0.639158     0.628261     0.007894
     0.663632     0.628533     0.009160
     0.688027     0.629178     0.010195
     0.710566     0.630272     0.010826
     0.734082     0.632093     0.010921
     0.757237     0.633196     0.010445
     0.781614     0.632994     0.009406
     0.806564     0.633484     0.007950
     0.831684     0.633916     0.006291
     0.856377     0.634107     0.004666
     0.881701     0.634387     0.003275
     0.907389     0.634511     0.002201
     0.933164     0.635186     0.001469
     0.958896     0.635332     0.001052
     0.984052     0.636068     0.000856
     0.015975     0.659681     0.000771
     0.041713     0.659941     0.000854
     0.066846     0.659600     0.001007
     0.092044     0.660007     0.001291
     0.117234     0.659964     0.001770
     0.142814     0.660312     0.002507
     0.168540     0.660160     0.003541
     0.193903     0.660034     0.004851
     0.219104     0.659850     0.006333
     0.244165     0.659475     0.007822
     0.269716     0.658680     0.009162
     0.293431     0.658699     0.010175
     0.317100     0.657750     0.010716
     0.340031     0.655908     0.010759
     0.363212     0.655024     0.010281
     0.387053     0.654186     0.009375
     0.411793     0.654053     0.008182
     0.436975     0.653863     0.006877
     0.462308     0.653938     0.005743
     0.487472     0.653869     0.005096
     0.512531     0.653881     0.005097
     0.537693     0.653928     0.005746
     0.563031     0.653871     0.006881
     0.588203     0.654050     0.008185
     0.612951     0.654195     0.009375
     0.636776     0.655022     0.010278
     0.659974     0.655923     0.010752
     0.682896     0.657743     0.010707
     0.706575     0.658714     0.010165
     0.730297     0.658667     0.009152
     0.755831     0.659484     0.007814
     0.780912     0.659849     0.006329
     0.806080     0.660057     0.004849
     0.831482     0.660145     0.003542
     0.857185     0.660311     0.002508
     0.882778     0.659961     0.001770
     0.907951     0.660022     0.001291
     0.933152     0.659603     0.001008
     0.958305     0.659926     0.000856
     0.984049     0.659675     0.000773
     0.016084     0.686994     0.000704
     0.041488     0.686651     0.000799
     0.067116     0.686746     0.000913
     0.092779     0.686060     0.001078
     0.118373     0.685840     0.001319
     0.143565     0.685347     0.001657
     0.168825     0.685263     0.002138
     0.194095     0.685194     0.002824
     0.219255     0.685266     0.003761
     0.244421     0.685177     0.004961
     0.269219     0.685397     0.006364
     0.294668     0.685266     0.007834
     0.320077     0.684209     0.009229
     0.344363     0.684431     0.010355
     0.367560     0.683317     0.011034
     0.390915     0.682008     0.011208
     0.413649     0.680920     0.010900
     0.437591     0.680134     0.010286
     0.462161     0.679821     0.009664
     0.487522     0.679948     0.009293
     0.512482     0.679945     0.009293
     0.537847     0.679827     0.009663
     0.562403     0.680136     0.010284
     0.586354     0.680932     0.010896
     0.609074     0.682009     0.011202
     0.632439     0.683329     0.011026
     0.655637     0.684415     0.010346
     0.679932     0.684231     0.009219
     0.705349     0.685244     0.007825
     0.730781     0.685421     0.006356
     0.755592     0.685160     0.004956
     0.780738     0.685280     0.003759
     0.805941     0.685179     0.002824
     0.831183     0.685265     0.002141
     0.856429     0.685340     0.001659
     0.881622     0.685841     0.001320
     0.907235     0.686047     0.001079
     0.932901     0.686747     0.000914
     0.958516     0.686657     0.000800
     0.983908     0.686999     0.000705
     0.016137     0.710910     0.000629
     0.041794     0.711076     0.000736
     0.067278     0.710739     0.000873
     0.092501     0.711184     0.001050
     0.117614     0.711384     0.001242
     0.143317     0.711774     0.001444
     0.168851     0.711654     0.001675
     0.194102     0.711819     0.001970
     0.219541     0.711632     0.002416
     0.244804     0.711553     0.003098
     0.270185     0.710945     0.004070
     0.295172     0.710584     0.005347
     0.319892     0.710803     0.006869
     0.344749     0.710965     0.008493
     0.370349     0.710227     0.010126
     0.394325     0.710170     0.011620
     0.417934     0.709465     0.012833
     0.441064     0.707950     0.013743
     0.463385     0.706842     0.014337
     0.487454     0.705914     0.014600
     0.512546     0.705920     0.014597
     0.536606     0.706843     0.014329
     0.558931     0.707963     0.013730
     0.582064     0.709461     0.012819
     0.605676     0.710186     0.011607
     0.629665     0.710214     0.010115
     0.655255     0.710976     0.008484
     0.680116     0.710777     0.006861
     0.704832     0.710611     0.005341
     0.729819     0.710932     0.004065
     0.755204     0.711573     0.003095
     0.780467     0.711616     0.002415
     0.805899     0.711823     0.001971
     0.831149     0.711678     0.001676
     0.856691     0.711781     0.001446
     0.882401     0.711368     0.001246
     0.907486     0.711190     0.001054
     0.932717     0.710733     0.000876
     0.958221     0.711076     0.000737
     0.983883     0.710914     0.000628
     0.016189     0.737962     0.000575
     0.041700     0.737721     0.000690
     0.067154     0.738063     0.000847
     0.092767     0.737749     0.001041
     0.118336     0.737244     0.001234
     0.143562     0.736464     0.001402
     0.168736     0.736820     0.001562
     0.194191     0.736729     0.001749
     0.219469     0.736834     0.001996
     0.244877     0.736895     0.002376
     0.270070     0.737188     0.002981
     0.295307     0.737477     0.003883
     0.320462     0.737032     0.005152
     0.345481     0.736614     0.006844
     0.370113     0.736527     0.008949
     0.394777     0.737161     0.011366
     0.419855     0.736261     0.013889
     0.443492     0.736821     0.016113
     0.467659     0.735942     0.017698
     0.489167     0.733868     0.018508
     0.510818     0.733871     0.018503
     0.532338     0.735951     0.017684
     0.556509     0.736814     0.016094
     0.580147     0.736269     0.013869
     0.605232     0.737149     0.011349
     0.629892     0.736535     0.008936
     0.654524     0.736606     0.006836
     0.679541     0.737047     0.005146
     0.704690     0.737463     0.003880
     0.729948     0.737203     0.002978
     0.755131     0.736876     0.002373
     0.780544     0.736851     0.001994
     0.805806     0.736723     0.001747
     0.831269     0.736813     0.001563
     0.856477     0.736450     0.001405
     0.881643     0.737267     0.001239
     0.907255     0.737738     0.001046
     0.932871     0.738048     0.000851
     0.958280     0.737722     0.000692
     0.983792     0.737967     0.000574
     0.016188     0.762038     0.000575
     0.041701     0.762280     0.000690
     0.067158     0.761937     0.000847
     0.092768     0.762247     0.001041
     0.118337     0.762759     0.001234
     0.143565     0.763534     0.001402
     0.168732     0.763179     0.001563
     0.194189     0.763270     0.001749
     0.219467     0.763166     0.001996
     0.244878     0.763104     0.002376
     0.270071     0.762813     0.002981
     0.295310     0.762520     0.003883
     0.320458     0.762970     0.005152
     0.345486     0.763385     0.006845
     0.370111     0.763471     0.008949
     0.394782     0.762837     0.011366
     0.419855     0.763738     0.013889
     0.443492     0.763175     0.016112
     0.467656     0.764062     0.017697
     0.489168     0.766133     0.018507
     0.510817     0.766127     0.018503
     0.532335     0.764044     0.017686
     0.556505     0.763182     0.016096
     0.580151     0.763726     0.013871
     0.605225     0.762843     0.011350
     0.629895     0.763465     0.008936
     0.654517     0.763396     0.006835
     0.679548     0.762954     0.005146
     0.704697     0.762534     0.003878
     0.729933     0.762790     0.002978
     0.755132     0.763131     0.002373
     0.780528     0.763155     0.001993
     0.805828     0.763287     0.001745
     0.831281     0.763163     0.001562
     0.856411     0.763563     0.001405
     0.881696     0.762761     0.001238
     0.907237     0.762214     0.001046
     0.932817     0.761964     0.000851
     0.958311     0.762302     0.000693
     0.983833     0.762032     0.000577
     0.016137     0.789088     0.000629
     0.041794     0.788921     0.000736
     0.067278     0.789260     0.000873
     0.092498     0.788818     0.001050
     0.117612     0.788615     0.001242
     0.143317     0.788227     0.001444
     0.168853     0.788350     0.001675
     0.194104     0.788178     0.001970
     0.219543     0.788367     0.002416
     0.244804     0.788445     0.003098
     0.270186     0.789054     0.004070
     0.295169     0.789416     0.005348
     0.319896     0.789196     0.006870
     0.344746     0.789031     0.008494
     0.370353     0.789776     0.010127
     0.394320     0.789821     0.011620
     0.417935     0.790540     0.012833
     0.441058     0.792050     0.013742
     0.463384     0.793160     0.014336
     0.487455     0.794085     0.014599
     0.512550     0.794080     0.014597
     0.536606     0.793158     0.014332
     0.558930     0.792028     0.013736
     0.582056     0.790535     0.012824
     0.605677     0.789814     0.011610
     0.629651     0.789783     0.010115
     0.655264     0.789025     0.008483
     0.680108     0.789212     0.006860
     0.704836     0.789402     0.005339
     0.729822     0.789066     0.004063
     0.755187     0.788434     0.003094
     0.780485     0.788381     0.002413
     0.805892     0.788155     0.001968
     0.831151     0.788380     0.001674
     0.856695     0.788192     0.001444
     0.882421     0.788602     0.001245
     0.907504     0.788876     0.001055
     0.932706     0.789237     0.000878
     0.958215     0.788884     0.000741
     0.983874     0.789080     0.000632
     0.016084     0.813008     0.000703
     0.041488     0.813351     0.000799
     0.067116     0.813256     0.000913
     0.092780     0.813937     0.001078
     0.118376     0.814160     0.001319
     0.143564     0.814651     0.001658
     0.168825     0.814734     0.002138
     0.194095     0.814805     0.002824
     0.219252     0.814737     0.003761
     0.244423     0.814820     0.004961
     0.269215     0.814605     0.006364
     0.294672     0.814731     0.007835
     0.320074     0.815793     0.009230
     0.344366     0.815566     0.010356
     0.367557     0.816685     0.011035
     0.390917     0.817993     0.011208
     0.413643     0.819079     0.010899
     0.437593     0.819866     0.010285
     0.462159     0.820177     0.009662
     0.487520     0.820046     0.009292
     0.512481     0.820055     0.009294
     0.537849     0.820169     0.009666
     0.562406     0.819871     0.010289
     0.586345     0.819061     0.010902
     0.609069     0.817991     0.011206
     0.632436     0.816665     0.011029
     0.655629     0.815577     0.010347
     0.679938     0.815778     0.009219
     0.705337     0.814739     0.007823
     0.730785     0.814604     0.006353
     0.755583     0.814826     0.004952
     0.780753     0.814717     0.003755
     0.805910     0.814847     0.002821
     0.831192     0.814704     0.002136
     0.856457     0.814666     0.001656
     0.881570     0.814163     0.001319
     0.907227     0.813942     0.001080
     0.932945     0.813271     0.000917
     0.958513     0.813353     0.000804
     0.983901     0.813002     0.000709
     0.015975     0.840317     0.000770
     0.041714     0.840056     0.000854
     0.066847     0.840398     0.001008
     0.092043     0.839994     0.001292
     0.117232     0.840037     0.001770
     0.142814     0.839691     0.002508
     0.168539     0.839841     0.003542
     0.193903     0.839966     0.004851
     0.219106     0.840147     0.006334
     0.244163     0.840524     0.007823
     0.269719     0.841319     0.009163
     0.293429     0.841300     0.010176
     0.317101     0.842251     0.010717
     0.340026     0.844089     0.010759
     0.363211     0.844979     0.010281
     0.387050     0.845811     0.009374
     0.411794     0.845950     0.008181
     0.436973     0.846134     0.006876
     0.462313     0.846068     0.005742
     0.487470     0.846126     0.005096
     0.512533     0.846118     0.005099
     0.537693     0.846070     0.005749
     0.563029     0.846128     0.006886
     0.588211     0.845956     0.008190
     0.612941     0.845798     0.009380
     0.636778     0.844982     0.010283
     0.659956     0.844064     0.010756
     0.682895     0.842252     0.010710
     0.706565     0.841297     0.010166
     0.730295     0.841331     0.009150
     0.755845     0.840508     0.007810
     0.780888     0.840165     0.006322
     0.806099     0.839935     0.004843
     0.831479     0.839843     0.003536
     0.857174     0.839717     0.002503
     0.882818     0.840045     0.001767
     0.907957     0.839955     0.001293
     0.933138     0.840380     0.001012
     0.958300     0.840077     0.000860
     0.984045     0.840325     0.000779
     0.015945     0.863939     0.000851
     0.041106     0.864694     0.001046
     0.066833     0.864835     0.001465
     0.092623     0.865459     0.002199
     0.118301     0.865623     0.003277
     0.143637     0.865868     0.004670
     0.168301     0.866094     0.006296
     0.193455     0.866499     0.007956
     0.218394     0.867016     0.009414
     0.242780     0.866791     0.010454
     0.265915     0.867922     0.010930
     0.289430     0.869721     0.010833
     0.311968     0.870847     0.010200
     0.336363     0.871460     0.009161
     0.360845     0.871751     0.007891
     0.386412     0.871870     0.006534
     0.411500     0.871918     0.005238
     0.436986     0.871872     0.004134
     0.462000     0.871964     0.003307
     0.487443     0.872067     0.002850
     0.512561     0.872069     0.002851
     0.538005     0.871960     0.003312
     0.563014     0.871878     0.004142
     0.588508     0.871910     0.005248
     0.613594     0.871881     0.006544
     0.639157     0.871739     0.007899
     0.663635     0.871463     0.009166
     0.688010     0.870826     0.010201
     0.710562     0.869720     0.010830
     0.734075     0.867896     0.010922
     0.757233     0.866816     0.010444
     0.781615     0.867002     0.009402
     0.806565     0.866515     0.007943
     0.831679     0.866090     0.006284
     0.856365     0.865866     0.004660
     0.881694     0.865604     0.003272
     0.907399     0.865510     0.002200
     0.933172     0.864837     0.001471
     0.958903     0.864677     0.001056
     0.984056     0.863934     0.000861
     0.015361     0.891814     0.001454
     0.041229     0.891313     0.002124
     0.066305     0.891408     0.003111
     0.091536     0.890979     0.004536
     0.116918     0.891205     0.006266
     0.142053     0.891589     0.008020
     0.167760     0.892196     0.009589
     0.191887     0.892293     0.010756
     0.215583     0.893419     0.011302
     0.238236     0.895564     0.011183
     0.261163     0.896398     0.010447
     0.284978     0.897221     0.009253
     0.310007     0.897366     0.007820
     0.335270     0.897657     0.006340
     0.360677     0.897627     0.004983
     0.386039     0.897673     0.003858
     0.411340     0.897735     0.003010
     0.436683     0.897841     0.002437
     0.461930     0.897867     0.002104
     0.487307     0.897842     0.001959
     0.512699     0.897836     0.001960
     0.538071     0.897873     0.002106
     0.563322     0.897832     0.002441
     0.588659     0.897738     0.003016
     0.613964     0.897669     0.003866
     0.639328     0.897632     0.004993
     0.664734     0.897655     0.006350
     0.689992     0.897372     0.007828
     0.715009     0.897207     0.009258
     0.738818     0.896400     0.010448
     0.761737     0.895532     0.011181
     0.784418     0.893426     0.011296
     0.808106     0.892280     0.010745
     0.832272     0.892221     0.009576
     0.857948     0.891593     0.008009
     0.883104     0.891199     0.006262
     0.908444     0.890952     0.004537
     0.933719     0.891372     0.003117
     0.958782     0.891334     0.002132
     0.984648     0.891832     0.001461
     0.015864     0.914835     0.003923
     0.040831     0.916103     0.005089
     0.066798     0.916392     0.006466
     0.092507     0.916765     0.008193
     0.117369     0.917520     0.009875
     0.141908     0.917840     0.011067
     0.164229     0.919193     0.011598
     0.187280     0.921370     0.011468
     0.209349     0.922357     0.010705
     0.233891     0.923018     0.009444
     0.258520     0.923149     0.007916
     0.284281     0.923285     0.006325
     0.309406     0.923256     0.004856
     0.335087     0.923281     0.003650
     0.360302     0.923337     0.002762
     0.385851     0.923455     0.002179
     0.411024     0.923512     0.001838
     0.436571     0.923559     0.001659
     0.461801     0.923590     0.001578
     0.487435     0.923555     0.001549
     0.512568     0.923563     0.001550
     0.538205     0.923586     0.001579
     0.563434     0.923566     0.001661
     0.588978     0.923505     0.001840
     0.614153     0.923460     0.002183
     0.639700     0.923327     0.002769
     0.664918     0.923288     0.003658
     0.690602     0.923250     0.004865
     0.715730     0.923296     0.006333
     0.741482     0.923136     0.007924
     0.766107     0.923027     0.009450
     0.790619     0.922332     0.010708
     0.812712     0.921373     0.011466
     0.835728     0.919179     0.011593
     0.858131     0.917840     0.011063
     0.882620     0.917505     0.009876
     0.907558     0.916827     0.008200
     0.933180     0.916377     0.006473
     0.959140     0.916086     0.005094
     0.984124     0.914836     0.003925
     0.014223     0.943413     0.008420
     0.040304     0.942202     0.009449
     0.066286     0.942276     0.010505
     0.089499     0.943412     0.011538
     0.112657     0.944328     0.012090
     0.134841     0.947200     0.011844
     0.157688     0.948117     0.010900
     0.181903     0.948650     0.009507
     0.207271     0.948726     0.007914
     0.232819     0.948859     0.006275
     0.258354     0.948809     0.004771
     0.283858     0.948835     0.003527
     0.309278     0.948932     0.002599
     0.334728     0.949030     0.001979
     0.360044     0.949140     0.001613
     0.385480     0.949213     0.001424
     0.410896     0.949255     0.001334
     0.436380     0.949309     0.001289
     0.461863     0.949258     0.001261
     0.487268     0.949319     0.001244
     0.512734     0.949312     0.001244
     0.538139     0.949261     0.001261
     0.563628     0.949304     0.001290
     0.589106     0.949262     0.001335
     0.614527     0.949206     0.001425
     0.639953     0.949146     0.001616
     0.665275     0.949026     0.001983
     0.690715     0.948934     0.002605
     0.716150     0.948832     0.003535
     0.741642     0.948817     0.004781
     0.767196     0.948857     0.006286
     0.792723     0.948730     0.007923
     0.818097     0.948655     0.009515
     0.842288     0.948099     0.010907
     0.865138     0.947182     0.011851
     0.887295     0.944322     0.012100
     0.910475     0.943377     0.011549
     0.933690     0.942350     0.010514
     0.959686     0.942207     0.009454
     0.985762     0.943410     0.008420
     0.016662     0.965715     0.012307
     0.041297     0.967190     0.012468
     0.061638     0.970184     0.012574
     0.084264     0.972954     0.012269
     0.106015     0.973420     0.011262
     0.130738     0.974238     0.009668
     0.156001     0.974204     0.007841
     0.181821     0.974458     0.006072
     0.207217     0.974336     0.004530
     0.232754     0.974508     0.003299
     0.258082     0.974494     0.002393
     0.283557     0.974664     0.001789
     0.308835     0.974656     0.001427
     0.334381     0.974759     0.001227
     0.359721     0.974806     0.001121
     0.385402     0.974838     0.001060
     0.410729     0.974874     0.001021
     0.436409     0.974847     0.000995
     0.461690     0.974943     0.000979
     0.487341     0.974922     0.000971
     0.512664     0.974931     0.000971
     0.538315     0.974934     0.000980
     0.563592     0.974856     0.000995
     0.589277     0.974866     0.001022
     0.614603     0.974846     0.001061
     0.640282     0.974800     0.001122
     0.665626     0.974768     0.001229
     0.691169     0.974645     0.001430
     0.716444     0.974673     0.001794
     0.741921     0.974479     0.002400
     0.767250     0.974519     0.003308
     0.792791     0.974330     0.004540
     0.818185     0.974470     0.006083
     0.844017     0.974199     0.007853
     0.869258     0.974254     0.009681
     0.893998     0.973413     0.011277
     0.915710     0.972995     0.012283
     0.938357     0.970164     0.012583
     0.958708     0.967167     0.012472
     0.983343     0.965715     0.012307
     0.010315     0.996489     0.012690
     0.031216     0.999237     0.011962
     0.053604     0.999921     0.011136
     0.078845     1.000084     0.009753
     0.104361     1.000060     0.007836
     0.130282     0.999759     0.005906
     0.155622     1.000023     0.004239
     0.181213     0.999906     0.002955
     0.206557     1.000116     0.002063
     0.232090     1.000188     0.001503
     0.257552     1.000238     0.001184
     0.283024     1.000303     0.001018
     0.308644     1.000321     0.000926
     0.334079     1.000411     0.000864
     0.359729     1.000382     0.000814
     0.385129     1.000491     0.000773
     0.410743     1.000492     0.000743
     0.436157     1.000576     0.000725
     0.461744     1.000557     0.000718
     0.487227     1.000582     0.000718
     0.512776     1.000576     0.000718
     0.538259     1.000563     0.000718
     0.563846     1.000569     0.000725
     0.589260     1.000492     0.000743
     0.614875     1.000491     0.000774
     0.640271     1.000386     0.000814
     0.665927     1.000405     0.000865
     0.691357     1.000328     0.000927
     0.716981     1.000299     0.001020
     0.742447     1.000245     0.001187
     0.767911     1.000182     0.001508
     0.793438     1.000124     0.002069
     0.818788     0.999903     0.002964
     0.844372     1.000025     0.004251
     0.869721     0.999752     0.005919
     0.895629     1.000071     0.007849
     0.921156     1.000075     0.009764
     0.946392     0.999925     0.011144
     0.968762     0.999240     0.011966
     0.989664     0.996488     0.012694
     0.001870     1.023601     0.009476
     0.026344     1.025033     0.008460
     0.053258     1.024903     0.007259
     0.078531     1.025203     0.005630
     0.104662     1.025100     0.003939
     0.129765     1.025478     0.002640
     0.155357     1.025491     0.001741
     0.180881     1.025745     0.001188
     0.206241     1.025723     0.000901
     0.232001     1.025768     0.000767
     0.257319     1.025861     0.000704
     0.283107     1.025846     0.000664
     0.308372     1.025934     0.000628
     0.334092     1.025940     0.000590
     0.359441     1.026015     0.000555
     0.385106     1.026050     0.000526
     0.410563     1.026063     0.000508
     0.436186     1.026099     0.000498
     0.461648     1.026104     0.000492
     0.487263     1.026126     0.000491
     0.512741     1.026135     0.000491
     0.538355     1.026095     0.000493
     0.563821     1.026107     0.000498
     0.589439     1.026057     0.000508
     0.614897     1.026058     0.000526
     0.640568     1.026007     0.000555
     0.665911     1.025949     0.000590
     0.691633     1.025925     0.000629
     0.716896     1.025854     0.000665
     0.742689     1.025852     0.000705
     0.768003     1.025779     0.000768
     0.793766     1.025718     0.000903
     0.819125     1.025755     0.001192
     0.844652     1.025487     0.001747
     0.870236     1.025494     0.002648
     0.895350     1.025101     0.003947
     0.921470     1.025220     0.005637
     0.946752     1.024905     0.007265
     0.973661     1.025034     0.008466
     0.998132     1.023597     0.009484
     0.002630     1.050887     0.005102
     0.027968     1.051011     0.004330
     0.053708     1.050650     0.003330
     0.078559     1.051150     0.002208
     0.104299     1.050894     0.001384
     0.129365     1.051312     0.000914
     0.155333     1.050976     0.000661
     0.180482     1.051306     0.000546
     0.206449     1.051125     0.000495
     0.231634     1.051358     0.000468
     0.257420     1.051310     0.000444
     0.282732     1.051426     0.000422
     0.308433     1.051485     0.000400
     0.333889     1.051469     0.000379
     0.359525     1.051541     0.000360
     0.385014     1.051520     0.000344
     0.410610     1.051598     0.000333
     0.436071     1.051636     0.000323
     0.461733     1.051634     0.000316
     0.487160     1.051641     0.000311
     0.512843     1.051637     0.000311
     0.538270     1.051637     0.000316
     0.563930     1.051631     0.000323
     0.589393     1.051602     0.000333
     0.614989     1.051514     0.000344
     0.640477     1.051545     0.000360
     0.666116     1.051467     0.000380
     0.691569     1.051491     0.000401
     0.717272     1.051423     0.000424
     0.742578     1.051316     0.000445
     0.768368     1.051356     0.000468
     0.793547     1.051131     0.000495
     0.819519     1.051299     0.000547
     0.844661     1.050985     0.000662
     0.870636     1.051305     0.000916
     0.895693     1.050903     0.001387
     0.921443     1.051144     0.002211
     0.946289     1.050652     0.003334
     0.972033     1.051017     0.004336
     0.997368     1.050892     0.005111
     0.000932     1.075164     0.001899
     0.026728     1.075746     0.001501
     0.052347     1.076201     0.000986
     0.078100     1.076489     0.000575
     0.103785     1.076406     0.000406
     0.129414     1.076635     0.000360
     0.155057     1.076568     0.000343
     0.180495     1.076847     0.000327
     0.206117     1.076735     0.000308
     0.231516     1.076983     0.000292
     0.257218     1.076861     0.000279
     0.282681     1.077033     0.000269
     0.308331     1.076912     0.000258
     0.333851     1.077058     0.000250
     0.359367     1.077046     0.000238
     0.384957     1.077114     0.000227
     0.410449     1.077151     0.000215
     0.436115     1.077101     0.000204
     0.461616     1.077173     0.000197
     0.487247     1.077154     0.000192
     0.512758     1.077161     0.000192
     0.538389     1.077167     0.000197
     0.563889     1.077109     0.000204
     0.589556     1.077144     0.000215
     0.615048     1.077121     0.000227
     0.640636     1.077039     0.000238
     0.666154     1.077065     0.000250
     0.691673     1.076905     0.000259
     0.717323     1.077041     0.000270
     0.742788     1.076855     0.000279
     0.768488     1.076992     0.000293
     0.793891     1.076731     0.000308
     0.819510     1.076858     0.000327
     0.844950     1.076566     0.000343
     0.870588     1.076648     0.000360
     0.896224     1.076407     0.000406
     0.921904     1.076500     0.000575
     0.947658     1.076205     0.000988
     0.973276     1.075748     0.001505
     0.999074     1.075164     0.001904
     0.001952     1.101895     0.000564
     0.027193     1.101822     0.000417
     0.052861     1.101775     0.000270
     0.078313     1.101998     0.000200
     0.103917     1.101992     0.000198
     0.129241     1.102202     0.000209
     0.154877     1.102159     0.000214
     0.180255     1.102343     0.000210
     0.206037     1.102283     0.000204
     0.231415     1.102421     0.000196
     0.257223     1.102323     0.000190
     0.282543     1.102519     0.000184
     0.308341     1.102452     0.000178
     0.333622     1.102612     0.000172
     0.359462     1.102541     0.000163
     0.384806     1.102617     0.000153
     0.410605     1.102583     0.000141
     0.435996     1.102641     0.000133
     0.461688     1.102650     0.000125
     0.487171     1.102649     0.000122
     0.512832     1.102646     0.000122
     0.538314     1.102653     0.000125
     0.564006     1.102636     0.000133
     0.589398     1.102584     0.000141
     0.615196     1.102613     0.000153
     0.640542     1.102545     0.000163
     0.666380     1.102610     0.000172
     0.691661     1.102455     0.000178
     0.717458     1.102517     0.000185
     0.742775     1.102329     0.000190
     0.768585     1.102419     0.000196
     0.793961     1.102287     0.000204
     0.819744     1.102340     0.000210
     0.845119     1.102166     0.000214
     0.870761     1.102198     0.000209
     0.896079     1.101997     0.000198
     0.921688     1.101995     0.000201
     0.947139     1.101777     0.000271
     0.972808     1.101824     0.000419
     0.998047     1.101900     0.000567
     0.000729     1.126519     0.000304
     0.026497     1.126942     0.000240
     0.052030     1.127157     0.000184
     0.077761     1.127454     0.000141
     0.103339     1.127581     0.000120
     0.129046     1.127733     0.000120
     0.154616     1.127732     0.000128
     0.180284     1.127820     0.000133
     0.205829     1.127809     0.000133
     0.231433     1.127941     0.000130
     0.256956     1.127924     0.000126
     0.282526     1.128036     0.000121
     0.308120     1.127987     0.000117
     0.333697     1.128091     0.000112
     0.359308     1.128016     0.000105
     0.384852     1.128150     0.000097
     0.410448     1.128077     0.000088
     0.436001     1.128176     0.000081
     0.461627     1.128111     0.000076
     0.487203     1.128160     0.000073
     0.512801     1.128165     0.000073
     0.538378     1.128107     0.000076
     0.564004     1.128182     0.000081
     0.589556     1.128072     0.000088
     0.615152     1.128156     0.000097
     0.640695     1.128010     0.000105
     0.666308     1.128097     0.000112
     0.691884     1.127982     0.000118
     0.717479     1.128045     0.000122
     0.743049     1.127918     0.000126
     0.768573     1.127949     0.000130
     0.794176     1.127805     0.000133
     0.819721     1.127830     0.000133
     0.845390     1.127730     0.000128
     0.870957     1.127744     0.000120
     0.896666     1.127581     0.000120
     0.922244     1.127463     0.000141
     0.947975     1.127158     0.000185
     0.973506     1.126947     0.000242
     0.999275     1.126521     0.000305
     0.001460     1.152923     0.000293
     0.026802     1.152832     0.000232
     0.052433     1.152828     0.000168
     0.077841     1.152950     0.000109
     0.103531     1.152989     0.000075
     0.128989     1.153144     0.000067
     0.154685     1.153167     0.000069
     0.180115     1.153294     0.000072
     0.205797     1.153312     0.000074
     0.231254     1.153414     0.000074
     0.256972     1.153409     0.000073
     0.282442     1.153489     0.000070
     0.308150     1.153477     0.000066
     0.333600     1.153559     0.000061
     0.359321     1.153546     0.000056
     0.384756     1.153602     0.000051
     0.410523     1.153580     0.000047
     0.435940     1.153616     0.000043
     0.461711     1.153599     0.000039
     0.487099     1.153618     0.000037
     0.512903     1.153616     0.000037
     0.538291     1.153599     0.000039
     0.564062     1.153613     0.000043
     0.589480     1.153582     0.000047
     0.615245     1.153599     0.000051
     0.640682     1.153548     0.000056
     0.666401     1.153557     0.000061
     0.691851     1.153480     0.000066
     0.717558     1.153487     0.000070
     0.743029     1.153414     0.000073
     0.768745     1.153413     0.000074
     0.794203     1.153319     0.000074
     0.819884     1.153292     0.000072
     0.845313     1.153174     0.000069
     0.871011     1.153140     0.000067
     0.896469     1.152995     0.000075
     0.922159     1.152946     0.000109
     0.947566     1.152833     0.000169
     0.973200     1.152833     0.000233
     0.998542     1.152926     0.000294
     0.000605     1.177771     0.000268
     0.026331     1.178098     0.000215
     0.051845     1.178282     0.000153
     0.077543     1.178481     0.000093
     0.103119     1.178571     0.000051
     0.128794     1.178696     0.000032
     0.154376     1.178737     0.000028
     0.180031     1.178840     0.000031
     0.205609     1.178829     0.000035
     0.231241     1.178920     0.000037
     0.256806     1.178911     0.000035
     0.282421     1.178995     0.000032
     0.307999     1.178981     0.000029
     0.333613     1.179040     0.000026
     0.359202     1.179024     0.000024
     0.384809     1.179072     0.000022
     0.410394     1.179062     0.000021
     0.435999     1.179099     0.000018
     0.461598     1.179095     0.000016
     0.487204     1.179098     0.000014
     0.512800     1.179102     0.000014
     0.538406     1.179092     0.000015
     0.564005     1.179103     0.000018
     0.589607     1.179057     0.000021
     0.615195     1.179077     0.000022
     0.640801     1.179019     0.000024
     0.666391     1.179045     0.000026
     0.692004     1.178977     0.000029
     0.717585     1.179001     0.000032
     0.743197     1.178906     0.000035
     0.768766     1.178926     0.000037
     0.794396     1.178826     0.000035
     0.819975     1.178849     0.000031
     0.845629     1.178736     0.000028
     0.871211     1.178705     0.000032
     0.896885     1.178570     0.000051
     0.922464     1.178491     0.000093
     0.948158     1.178281     0.000154
     0.973672     1.178101     0.000216
     0.999398     1.177772     0.000269
     0.001082     1.203938     0.000233
     0.026482     1.203881     0.000191
     0.052122     1.203905     0.000139
     0.077592     1.203925     0.000081
     0.103265     1.203998     0.000038
     0.128772     1.204098     0.000015
     0.154452     1.204151     0.000010
     0.179953     1.204249     0.000012
     0.205641     1.204288     0.000014
     0.231135     1.204367     0.000014
     0.256841     1.204383     0.000012
     0.282334     1.204439     0.000010
     0.308046     1.204447     0.000008
     0.333529     1.204498     0.000008
     0.359246     1.204503     0.000007
     0.384724     1.204538     0.000007
     0.410457     1.204534     0.000006
     0.435929     1.204550     0.000005
     0.461664     1.204546     0.000004
     0.487132     1.204556     0.000004
     0.512870     1.204554     0.000004
     0.538337     1.204547     0.000004
     0.564073     1.204548     0.000005
     0.589547     1.204535     0.000006
     0.615277     1.204536     0.000007
     0.640756     1.204504     0.000007
     0.666472     1.204497     0.000008
     0.691956     1.204448     0.000008
     0.717666     1.204438     0.000010
     0.743161     1.204386     0.000012
     0.768863     1.204367     0.000014
     0.794359     1.204295     0.000014
     0.820047     1.204246     0.000012
     0.845547     1.204156     0.000010
     0.871229     1.204096     0.000016
     0.896735     1.204002     0.000038
     0.922407     1.203923     0.000082
     0.947879     1.203909     0.000140
     0.973519     1.203882     0.000192
     0.998921     1.203941     0.000234
     0.000490     1.228984     0.000196
     0.026182     1.229220     0.000161
     0.051740     1.229346     0.000116
     0.077406     1.229517     0.000068
     0.102966     1.229567     0.000030
     0.128636     1.229670     0.000011
     0.154209     1.229714     0.000004
     0.179874     1.229791     0.000003
     0.205452     1.229805     0.000003
     0.231106     1.229868     0.000002
     0.256682     1.229877     0.000002
     0.282324     1.229936     0.000001
     0.307903     1.229938     0.000001
     0.333541     1.229978     0.000001
     0.359128     1.229977     0.000001
     0.384763     1.230005     0.000001
     0.410350     1.230007     0.000001
     0.435983     1.230030     0.000001
     0.461573     1.230032     0.000001
     0.487206     1.230033     0.000000
     0.512796     1.230038     0.000000
     0.538431     1.230028     0.000001
     0.564019     1.230034     0.000001
     0.589651     1.230004     0.000001
     0.615240     1.230010     0.000001
     0.640874     1.229973     0.000001
     0.666462     1.229984     0.000001
     0.692100     1.229935     0.000001
     0.717681     1.229941     0.000001
     0.743321     1.229873     0.000002
     0.768899     1.229874     0.000002
     0.794553     1.229801     0.000003
     0.820131     1.229800     0.000003
     0.845797     1.229713     0.000004
     0.871368     1.229678     0.000011
     0.897039     1.229568     0.000031
     0.922597     1.229523     0.000069
     0.948265     1.229347     0.000117
     0.973821     1.229222     0.000161
     0.999512     1.228985     0.000197
     0.000807     1.254949     0.000163
     0.026270     1.254907     0.000133
     0.051893     1.254929     0.000097
     0.077417     1.254936     0.000056
     0.103089     1.255003     0.000026
     0.128614     1.255075     0.000009
     0.154294     1.255129     0.000002
     0.179821     1.255203     0.000000
     0.205506     1.255251     0.000000
     0.231030     1.255311     0.000000
     0.256725     1.255339     0.000000
     0.282247     1.255379     0.000000
     0.307949     1.255396     0.000000
     0.333470     1.255430     0.000000
     0.359173     1.255442     0.000000
     0.384692     1.255465     0.000000
     0.410399     1.255469     0.000000
     0.435918     1.255477     0.000000
     0.461629     1.255478     0.000000
     0.487146     1.255484     0.000000
     0.512857     1.255482     0.000000
     0.538372     1.255478     0.000000
     0.564085     1.255477     0.000000
     0.589602     1.255468     0.000000
     0.615310     1.255464     0.000000
     0.640829     1.255443     0.000000
     0.666531     1.255428     0.000000
     0.692053     1.255397     0.000000
     0.717751     1.255378     0.000000
     0.743278     1.255342     0.000000
     0.768968     1.255310     0.000000
     0.794494     1.255256     0.000000
     0.820178     1.255201     0.000000
     0.845706     1.255133     0.000002
     0.871386     1.255073     0.000009
     0.896913     1.255006     0.000026
     0.922584     1.254935     0.000056
     0.948108     1.254932     0.000097
     0.973733     1.254910     0.000134
     0.999197     1.254952     0.000163
     0.000407     1.280136     0.000133
     0.026080     1.280305     0.000109
     0.051662     1.280394     0.000079
     0.077303     1.280522     0.000047
     0.102860     1.280571     0.000022
     0.128523     1.280646     0.000008
     0.154094     1.280687     0.000002
     0.179756     1.280746     0.000000
     0.205337     1.280767     0.000000
     0.230998     1.280814     0.000000
     0.256581     1.280829     0.000000
     0.282239     1.280871     0.000000
     0.307824     1.280880     0.000000
     0.333477     1.280908     0.000000
     0.359069     1.280912     0.000000
     0.384718     1.280931     0.000000
     0.410314     1.280937     0.000000
     0.435961     1.280951     0.000000
     0.461556     1.280956     0.000000
     0.487203     1.280956     0.000000
     0.512799     1.280961     0.000000
     0.538447     1.280952     0.000000
     0.564040     1.280955     0.000000
     0.589689     1.280935     0.000000
     0.615283     1.280936     0.000000
     0.640933     1.280909     0.000000
     0.666526     1.280913     0.000000
     0.692178     1.280878     0.000000
     0.717766     1.280874     0.000000
     0.743420     1.280826     0.000000
     0.769006     1.280818     0.000000
     0.794668     1.280764     0.000000
     0.820248     1.280753     0.000000
     0.845911     1.280687     0.000002
     0.871481     1.280653     0.000008
     0.897144     1.280570     0.000022
     0.922701     1.280526     0.000048
     0.948341     1.280394     0.000079
     0.973922     1.280306     0.000109
     0.999595     1.280138     0.000133
     0.000609     1.305941     0.000110
     0.026116     1.305914     0.000091
     0.051730     1.305940     0.000068
     0.077281     1.305959     0.000042
     0.102956     1.306002     0.000021
     0.128497     1.306061     0.000008
     0.154171     1.306110     0.000002
     0.179717     1.306165     0.000000
     0.205395     1.306209     0.000000
     0.230943     1.306253     0.000000
     0.256627     1.306284     0.000000
     0.282177     1.306311     0.000000
     0.307867     1.306332     0.000000
     0.333419     1.306354     0.000000
     0.359109     1.306368     0.000000
     0.384661     1.306384     0.000000
     0.410353     1.306388     0.000000
     0.435906     1.306396     0.000000
     0.461600     1.306397     0.000000
     0.487153     1.306401     0.000000
     0.512848     1.306398     0.000000
     0.538400     1.306398     0.000000
     0.564096     1.306395     0.000000
     0.589647     1.306389     0.000000
     0.615340     1.306382     0.000000
     0.640893     1.306369     0.000000
     0.666581     1.306352     0.000000
     0.692135     1.306333     0.000000
     0.717821     1.306311     0.000000
     0.743376     1.306285     0.000000
     0.769055     1.306251     0.000000
     0.794606     1.306214     0.000000
     0.820281     1.306163     0.000000
     0.845831     1.306113     0.000002
     0.871502     1.306060     0.000008
     0.897047     1.306004     0.000021
     0.922719     1.305959     0.000042
     0.948273     1.305944     0.000069
     0.973885     1.305917     0.000092
     0.999393     1.305943     0.000110
     0.000346     1.331244     0.000092
     0.026003     1.331364     0.000079
     0.051587     1.331434     0.000062
     0.077224     1.331509     0.000041
     0.102781     1.331568     0.000022
     0.128430     1.331625     0.000009
     0.154007     1.331662     0.000003
     0.179662     1.331704     0.000000
     0.205252     1.331723     0.000000
     0.230910     1.331758     0.000000
     0.256508     1.331770     0.000000
     0.282166     1.331803     0.000000
     0.307764     1.331808     0.000000
     0.333422     1.331831     0.000000
     0.359024     1.331836     0.000000
     0.384681     1.331848     0.000000
     0.410285     1.331855     0.000000
     0.435940     1.331864     0.000000
     0.461544     1.331869     0.000000
     0.487198     1.331869     0.000000
     0.512803     1.331873     0.000000
     0.538457     1.331865     0.000000
     0.564061     1.331868     0.000000
     0.589718     1.331854     0.000000
     0.615321     1.331851     0.000000
     0.640978     1.331835     0.000000
     0.666580     1.331833     0.000000
     0.692238     1.331809     0.000000
     0.717837     1.331802     0.000000
     0.743494     1.331770     0.000000
     0.769093     1.331761     0.000000
     0.794751     1.331721     0.000000
     0.820342     1.331709     0.000000
     0.845996     1.331661     0.000003
     0.871573     1.331630     0.000009
     0.897222     1.331568     0.000023
     0.922779     1.331512     0.000042
     0.948414     1.331435     0.000062
     0.974000     1.331366     0.000079
     0.999656     1.331246     0.000092
     0.000462     1.356925     0.000084
     0.025997     1.356919     0.000077
     0.051617     1.356942     0.000064
     0.077182     1.356976     0.000045
     0.102837     1.357009     0.000026
     0.128402     1.357055     0.000012
     0.154061     1.357093     0.000004
     0.179633     1.357130     0.000001
     0.205298     1.357166     0.000000
     0.230875     1.357194     0.000000
     0.256544     1.357221     0.000000
     0.282123     1.357239     0.000000
     0.307799     1.357258     0.000000
     0.333378     1.357273     0.000000
     0.359057     1.357284     0.000000
     0.384636     1.357295     0.000000
     0.410316     1.357300     0.000000
     0.435896     1.357305     0.000000
     0.461579     1.357306     0.000000
     0.487159     1.357309     0.000000
     0.512841     1.357307     0.000000
     0.538422     1.357308     0.000000
     0.564105     1.357302     0.000000
     0.589684     1.357300     0.000000
     0.615363     1.357295     0.000000
     0.640945     1.357285     0.000000
     0.666622     1.357270     0.000000
     0.692203     1.357259     0.000000
     0.717876     1.357240     0.000000
     0.743457     1.357222     0.000000
     0.769125     1.357193     0.000000
     0.794702     1.357169     0.000000
     0.820366     1.357129     0.000001
     0.845939     1.357095     0.000004
     0.871598     1.357054     0.000012
     0.897165     1.357012     0.000026
     0.922819     1.356977     0.000045
     0.948385     1.356945     0.000064
     0.974004     1.356921     0.000077
     0.999539     1.356928     0.000084
     0.000290     1.382324     0.000091
     0.025937     1.382402     0.000086
     0.051520     1.382459     0.000071
     0.077149     1.382507     0.000051
     0.102705     1.382573     0.000030
     0.128342     1.382607     0.000014
     0.153937     1.382635     0.000004
     0.179583     1.382661     0.000001
     0.205189     1.382675     0.000000
     0.230842     1.382697     0.000000
     0.256452     1.382705     0.000000
     0.282109     1.382727     0.000000
     0.307720     1.382732     0.000000
     0.333379     1.382746     0.000000
     0.358992     1.382750     0.000000
     0.384650     1.382759     0.000000
     0.410265     1.382763     0.000000
     0.435923     1.382770     0.000000
     0.461535     1.382772     0.000000
     0.487193     1.382773     0.000000
     0.512807     1.382775     0.000000
     0.538466     1.382770     0.000000
     0.564078     1.382772     0.000000
     0.589736     1.382764     0.000000
     0.615352     1.382760     0.000000
     0.641009     1.382749     0.000000
     0.666622     1.382749     0.000000
     0.692280     1.382732     0.000000
     0.717893     1.382726     0.000000
     0.743549     1.382707     0.000000
     0.769159     1.382699     0.000000
     0.794813     1.382673     0.000000
     0.820419     1.382664     0.000001
     0.846066     1.382634     0.000004
     0.871660     1.382611     0.000014
     0.897296     1.382572     0.000030
     0.922853     1.382510     0.000051
     0.948481     1.382459     0.000071
     0.974064     1.382404     0.000086
     0.999711     1.382326     0.000091
     0.000354     1.407903     0.000119
     0.025907     1.407919     0.000105
     0.051535     1.407946     0.000083
     0.077078     1.408012     0.000057
     0.102717     1.408033     0.000031
     0.128317     1.408047     0.000013
     0.153962     1.408074     0.000003
     0.179565     1.408094     0.000000
     0.205216     1.408118     0.000000
     0.230821     1.408134     0.000000
     0.256478     1.408154     0.000000
     0.282082     1.408163     0.000000
     0.307745     1.408178     0.000000
     0.333350     1.408184     0.000000
     0.359015     1.408194     0.000000
     0.384621     1.408199     0.000000
     0.410286     1.408203     0.000000
     0.435892     1.408207     0.000000
     0.461560     1.408208     0.000000
     0.487167     1.408209     0.000000
     0.512834     1.408207     0.000000
     0.538440     1.408210     0.000000
     0.564109     1.408205     0.000000
     0.589714     1.408204     0.000000
     0.615380     1.408200     0.000000
     0.640984     1.408195     0.000000
     0.666651     1.408184     0.000000
     0.692256     1.408177     0.000000
     0.717917     1.408164     0.000000
     0.743522     1.408153     0.000000
     0.769180     1.408133     0.000000
     0.794783     1.408120     0.000000
     0.820434     1.408092     0.000000
     0.846038     1.408076     0.000003
     0.871683     1.408046     0.000013
     0.897285     1.408034     0.000031
     0.922922     1.408013     0.000057
     0.948467     1.407948     0.000083
     0.974094     1.407921     0.000105
     0.999648     1.407905     0.000119
     0.000235     1.433384     0.000145
     0.025882     1.433425     0.000121
     0.051408     1.433514     0.000091
     0.077026     1.433554     0.000057
     0.102638     1.433562     0.000029
     0.128265     1.433588     0.000010
     0.153884     1.433598     0.000002
     0.179521     1.433612     0.000000
     0.205147     1.433620     0.000000
     0.230792     1.433629     0.000000
     0.256419     1.433637     0.000000
     0.282069     1.433644     0.000000
     0.307696     1.433650     0.000000
     0.333349     1.433656     0.000000
     0.358974     1.433659     0.000000
     0.384629     1.433662     0.000000
     0.410255     1.433666     0.000000
     0.435908     1.433668     0.000000
     0.461534     1.433669     0.000000
     0.487187     1.433671     0.000000
     0.512814     1.433672     0.000000
     0.538466     1.433668     0.000000
     0.564093     1.433670     0.000000
     0.589745     1.433666     0.000000
     0.615373     1.433664     0.000000
     0.641026     1.433658     0.000000
     0.666653     1.433657     0.000000
     0.692305     1.433650     0.000000
     0.717933     1.433645     0.000000
     0.743582     1.433635     0.000000
     0.769208     1.433632     0.000000
     0.794855     1.433618     0.000000
     0.820480     1.433614     0.000000
     0.846117     1.433597     0.000002
     0.871736     1.433590     0.000010
     0.897362     1.433562     0.000029
     0.922975     1.433555     0.000058
     0.948593     1.433516     0.000091
     0.974118     1.433425     0.000121
     0.999765     1.433385     0.000145
     0.000267     1.458878     0.000153
     0.025784     1.458984     0.000123
     0.051357     1.459029     0.000089
     0.076994     1.459008     0.000052
     0.102618     1.459034     0.000021
     0.128248     1.459028     0.000005
     0.153887     1.459046     0.000000
     0.179514     1.459050     0.000000
     0.205159     1.459063     0.000000
     0.230784     1.459069     0.000000
     0.256432     1.459079     0.000000
     0.282057     1.459083     0.000000
     0.307709     1.459090     0.000000
     0.333334     1.459093     0.000000
     0.358987     1.459098     0.000000
     0.384613     1.459101     0.000000
     0.410266     1.459103     0.000000
     0.435893     1.459104     0.000000
     0.461546     1.459106     0.000000
     0.487174     1.459105     0.000000
     0.512827     1.459104     0.000000
     0.538454     1.459106     0.000000
     0.564107     1.459104     0.000000
     0.589734     1.459102     0.000000
     0.615388     1.459100     0.000000
     0.641013     1.459099     0.000000
     0.666666     1.459092     0.000000
     0.692292     1.459090     0.000000
     0.717943     1.459082     0.000000
     0.743568     1.459080     0.000000
     0.769217     1.459069     0.000000
     0.794842     1.459064     0.000000
     0.820485     1.459049     0.000000
     0.846114     1.459046     0.000000
     0.871751     1.459028     0.000005
     0.897384     1.459035     0.000021
     0.923004     1.459008     0.000052
     0.948645     1.459031     0.000089
     0.974218     1.458985     0.000123
     0.999735     1.458879     0.000153
     0.000070     1.484522     0.000148
     0.025625     1.484561     0.000115
     0.051320     1.484535     0.000078
     0.076926     1.484547     0.000040
     0.102581     1.484546     0.000012
     0.128207     1.484550     0.000001
     0.153851     1.484553     0.000000
     0.179486     1.484554     0.000000
     0.205127     1.484556     0.000000
     0.230767     1.484557     0.000000
     0.256408     1.484559     0.000000
     0.282049     1.484559     0.000000
     0.307690     1.484561     0.000000
     0.333333     1.484562     0.000000
     0.358972     1.484563     0.000000
     0.384615     1.484563     0.000000
     0.410255     1.484564     0.000000
     0.435897     1.484564     0.000000
     0.461538     1.484564     0.000000
     0.487181     1.484565     0.000000
     0.512820     1.484565     0.000000
     0.538463     1.484564     0.000000
     0.564102     1.484564     0.000000
     0.589746     1.484564     0.000000
     0.615384     1.484564     0.000000
     0.641028     1.484562     0.000000
     0.666667     1.484562     0.000000
     0.692311     1.484561     0.000000
     0.717950     1.484560     0.000000
     0.743593     1.484559     0.000000
     0.769232     1.484557     0.000000
     0.794874     1.484556     0.000000
     0.820514     1.484554     0.000000
     0.846150     1.484553     0.000000
     0.871793     1.484550     0.000002
     0.897419     1.484546     0.000012
     0.923074     1.484547     0.000040
     0.948680     1.484535     0.000078
     0.974375     1.484561     0.000115
     0.999931     1.484522     0.000148
     0.000000     1.510000     0.000131
     0.025641     1.510000     0.000098
     0.051282     1.510000     0.000061
     0.076923     1.510000     0.000024
     0.102564     1.510000     0.000004
     0.128205     1.510000     0.000000
     0.153846     1.510000     0.000000
     0.179487     1.510000     0.000000
     0.205128     1.510000     0.000000
     0.230769     1.510000     0.000000
     0.256410     1.510000     0.000000
     0.282051     1.510000     0.000000
     0.307692     1.510000     0.000000
     0.333333     1.510000     0.000000
     0.358974     1.510000     0.000000
     0.384615     1.510000     0.000000
     0.410256     1.510000     0.000000
     0.435897     1.510000     0.000000
     0.461538     1.510000     0.000000
     0.487179     1.510000     0.000000
     0.512821     1.510000     0.000000
     0.538462     1.510000     0.000000
     0.564103     1.510000     0.000000
     0.589744     1.510000     0.000000
     0.615385     1.510000     0.000000
     0.641026     1.510000     0.000000
     0.666667     1.510000     0.000000
     0.692308     1.510000     0.000000
     0.717949     1.510000     0.000000
     0.743590     1.510000     0.000000
     0.769231     1.510000     0.000000
     0.794872     1.510000     0.000000
     0.820513     1.510000     0.000000
     0.846154     1.510000     0.000000
     0.871795     1.510000     0.000000
     0.897436     1.510000     0.000004
     0.923077     1.510000     0.000024
     0.948718     1.510000     0.000061
     0.974359     1.510000     0.000098
     1.000000     1.510000     0.000132
