     0.000000    -0.010000     0.001070
     0.025641    -0.010000     0.000797
     0.051282    -0.010000     0.000493
     0.076923    -0.010000     0.000194
     0.102564    -0.010000     0.000035
     0.128205    -0.010000     0.000002
     0.153846    -0.010000     0.000000
     0.179487    -0.010000     0.000000
     0.205128    -0.010000     0.000000
     0.230769    -0.010000     0.000000
     0.256410    -0.010000     0.000000
     0.282051    -0.010000     0.000000
     0.307692    -0.010000     0.000000
     0.333333    -0.010000     0.000000
     0.358974    -0.010000     0.000000
     0.384615    -0.010000     0.000000
     0.410256    -0.010000     0.000000
     0.435897    -0.010000     0.000000
     0.461538    -0.010000     0.000000
     0.487179    -0.010000     0.000000
     0.512821    -0.010000     0.000000
     0.538462    -0.010000     0.000000
     0.564103    -0.010000     0.000000
     0.589744    -0.010000     0.000000
     0.615385    -0.010000     0.000000
     0.641026    -0.010000     0.000000
     0.666667    -0.010000     0.000000
     0.692308    -0.010000     0.000000
     0.717949    -0.010000     0.000000
     0.743590    -0.010000     0.000000
     0.769231    -0.010000     0.000000
     0.794872    -0.010000     0.000000
     0.820513    -0.010000     0.000000
     0.846154    -0.010000     0.000000
     0.871795    -0.010000     0.000002
     0.897436    -0.010000     0.000035
     0.923077    -0.010000     0.000195
     0.948718    -0.010000     0.000494
     0.974359    -0.010000     0.000797
     1.000000    -0.010000     0.001070
     0.000070     0.015478     0.001205
     0.025625     0.015439     0.000934
     0.051320     0.015465     0.000637
     0.076927     0.015453     0.000325
     0.102581     0.015453     0.000097
     0.128208     0.015450     0.000012
     0.153850     0.015448     0.000000
     0.179487     0.015445     0.000000
     0.205127     0.015444     0.000000
     0.230768     0.015443     0.000000
     0.256408     0.015441     0.000000
     0.282050     0.015440     0.000000
     0.307690     0.015439     0.000000
     0.333333     0.015438     0.000000
     0.358972     0.015437     0.000000
     0.384615     0.015437     0.000000
     0.410255     0.015436     0.000000
     0.435898     0.015435     0.000000
     0.461537     0.015435     0.000000
     0.487181     0.015435     0.000000
     0.512819     0.015435     0.000000
     0.538463     0.015435     0.000000
     0.564101     0.015435     0.000000
     0.589746     0.015436     0.000000
     0.615384     0.015437     0.000000
     0.641029     0.015437     0.000000
     0.666667     0.015438     0.000000
     0.692310     0.015439     0.000000
     0.717950     0.015440     0.000000
     0.743593     0.015441     0.000000
     0.769232     0.015442     0.000000
     0.794873     0.015444     0.000000
     0.820513     0.015445     0.000000
     0.846149     0.015448     0.000000
     0.871793     0.015450     0.000012
     0.897419     0.015453     0.000097
     0.923073     0.015454     0.000325
     0.948681     0.015465     0.000637
     0.974375     0.015439     0.000934
     0.999931     0.015478     0.001205
     0.000266     0.041122     0.001248
     0.025783     0.041016     0.001001
     0.051356     0.040968     0.000726
     0.076995     0.040992     0.000421
     0.102616     0.040965     0.000172
     0.128249     0.040973     0.000041
     0.153886     0.040952     0.000003
     0.179514     0.040951     0.000000
     0.205158     0.040935     0.000000
     0.230784     0.040931     0.000000
     0.256432     0.040922     0.000000
     0.282058     0.040916     0.000000
     0.307709     0.040911     0.000000
     0.333334     0.040906     0.000000
     0.358987     0.040903     0.000000
     0.384613     0.040899     0.000000
     0.410265     0.040897     0.000000
     0.435893     0.040897     0.000000
     0.461547     0.040894     0.000000
     0.487171     0.040895     0.000000
     0.512828     0.040894     0.000000
     0.538452     0.040896     0.000000
     0.564109     0.040895     0.000000
     0.589731     0.040898     0.000000
     0.615388     0.040898     0.000000
     0.641011     0.040903     0.000000
     0.666666     0.040907     0.000000
     0.692289     0.040910     0.000000
     0.717943     0.040917     0.000000
     0.743567     0.040922     0.000000
     0.769216     0.040932     0.000000
     0.794841     0.040935     0.000000
     0.820485     0.040951     0.000000
     0.846114     0.040953     0.000003
     0.871751     0.040972     0.000041
     0.897384     0.040965     0.000172
     0.923004     0.040991     0.000421
     0.948645     0.040968     0.000726
     0.974217     0.041015     0.001001
     0.999734     0.041121     0.001247
     0.000235     0.066615     0.001176
     0.025881     0.066574     0.000983
     0.051407     0.066485     0.000743
     0.077025     0.066446     0.000469
     0.102639     0.066437     0.000233
     0.128263     0.066411     0.000081
     0.153885     0.066403     0.000014
     0.179520     0.066386     0.000001
     0.205147     0.066382     0.000000
     0.230792     0.066370     0.000000
     0.256420     0.066363     0.000000
     0.282069     0.066356     0.000000
     0.307696     0.066350     0.000000
     0.333347     0.066345     0.000000
     0.358975     0.066340     0.000000
     0.384627     0.066338     0.000000
     0.410256     0.066334     0.000000
     0.435907     0.066331     0.000000
     0.461535     0.066330     0.000000
     0.487188     0.066328     0.000000
     0.512813     0.066329     0.000000
     0.538466     0.066329     0.000000
     0.564092     0.066331     0.000000
     0.589747     0.066335     0.000000
     0.615371     0.066336     0.000000
     0.641026     0.066342     0.000000
     0.666652     0.066343     0.000000
     0.692305     0.066352     0.000000
     0.717930     0.066354     0.000000
     0.743581     0.066365     0.000000
     0.769207     0.066368     0.000000
     0.794855     0.066382     0.000000
     0.820478     0.066386     0.000001
     0.846116     0.066403     0.000014
     0.871735     0.066411     0.000081
     0.897361     0.066438     0.000233
     0.922975     0.066446     0.000468
     0.948592     0.066485     0.000742
     0.974120     0.066575     0.000983
     0.999766     0.066616     0.001176
     0.000353     0.092096     0.000964
     0.025906     0.092080     0.000853
     0.051534     0.092053     0.000675
     0.077078     0.091986     0.000461
     0.102715     0.091966     0.000256
     0.128317     0.091953     0.000106
     0.153960     0.091924     0.000028
     0.179566     0.091907     0.000003
     0.205216     0.091879     0.000000
     0.230821     0.091867     0.000000
     0.256477     0.091846     0.000000
     0.282082     0.091836     0.000000
     0.307744     0.091824     0.000000
     0.333351     0.091814     0.000000
     0.359015     0.091807     0.000000
     0.384620     0.091800     0.000000
     0.410286     0.091796     0.000000
     0.435892     0.091794     0.000000
     0.461560     0.091791     0.000000
     0.487165     0.091791     0.000000
     0.512835     0.091791     0.000000
     0.538439     0.091792     0.000000
     0.564108     0.091793     0.000000
     0.589711     0.091796     0.000000
     0.615381     0.091801     0.000000
     0.640983     0.091805     0.000000
     0.666649     0.091817     0.000000
     0.692254     0.091823     0.000000
     0.717917     0.091838     0.000000
     0.743521     0.091846     0.000000
     0.769178     0.091868     0.000000
     0.794783     0.091879     0.000000
     0.820434     0.091909     0.000003
     0.846039     0.091923     0.000028
     0.871684     0.091954     0.000106
     0.897285     0.091965     0.000256
     0.922923     0.091986     0.000461
     0.948468     0.092050     0.000675
     0.974093     0.092080     0.000853
     0.999647     0.092094     0.000964
     0.000290     0.117674     0.000744
     0.025936     0.117596     0.000698
     0.051520     0.117540     0.000578
     0.077149     0.117491     0.000414
     0.102703     0.117429     0.000243
     0.128342     0.117390     0.000111
     0.153935     0.117366     0.000034
     0.179582     0.117337     0.000005
     0.205187     0.117326     0.000000
     0.230841     0.117303     0.000000
     0.256453     0.117292     0.000000
     0.282108     0.117276     0.000000
     0.307722     0.117266     0.000000
     0.333377     0.117256     0.000000
     0.358994     0.117248     0.000000
     0.384649     0.117242     0.000000
     0.410266     0.117236     0.000000
     0.435921     0.117230     0.000000
     0.461538     0.117228     0.000000
     0.487193     0.117226     0.000000
     0.512808     0.117225     0.000000
     0.538464     0.117228     0.000000
     0.564078     0.117230     0.000000
     0.589737     0.117237     0.000000
     0.615349     0.117239     0.000000
     0.641010     0.117252     0.000000
     0.666622     0.117252     0.000000
     0.692280     0.117268     0.000000
     0.717891     0.117273     0.000000
     0.743549     0.117294     0.000000
     0.769159     0.117300     0.000000
     0.794813     0.117327     0.000000
     0.820418     0.117336     0.000005
     0.846064     0.117366     0.000034
     0.871658     0.117390     0.000111
     0.897296     0.117429     0.000243
     0.922852     0.117490     0.000414
     0.948480     0.117542     0.000579
     0.974065     0.117597     0.000698
     0.999711     0.117675     0.000744
     0.000461     0.143074     0.000681
     0.025997     0.143081     0.000626
     0.051617     0.143055     0.000521
     0.077180     0.143025     0.000364
     0.102836     0.142988     0.000210
     0.128401     0.142945     0.000096
     0.154059     0.142903     0.000031
     0.179633     0.142871     0.000005
     0.205297     0.142831     0.000000
     0.230874     0.142805     0.000000
     0.256542     0.142779     0.000000
     0.282123     0.142758     0.000000
     0.307797     0.142744     0.000000
     0.333379     0.142725     0.000000
     0.359055     0.142717     0.000000
     0.384636     0.142704     0.000000
     0.410315     0.142701     0.000000
     0.435896     0.142696     0.000000
     0.461578     0.142694     0.000000
     0.487159     0.142692     0.000000
     0.512840     0.142692     0.000000
     0.538422     0.142694     0.000000
     0.564102     0.142695     0.000000
     0.589684     0.142700     0.000000
     0.615363     0.142706     0.000000
     0.640943     0.142713     0.000000
     0.666620     0.142730     0.000000
     0.692202     0.142742     0.000000
     0.717876     0.142761     0.000000
     0.743456     0.142777     0.000000
     0.769126     0.142808     0.000000
     0.794702     0.142831     0.000000
     0.820367     0.142871     0.000005
     0.845940     0.142903     0.000031
     0.871599     0.142946     0.000096
     0.897164     0.142987     0.000210
     0.922819     0.143024     0.000365
     0.948383     0.143053     0.000522
     0.974004     0.143078     0.000628
     0.999539     0.143072     0.000683
     0.000347     0.168754     0.000749
     0.026003     0.168634     0.000643
     0.051586     0.168566     0.000503
     0.077223     0.168490     0.000337
     0.102779     0.168433     0.000183
     0.128429     0.168373     0.000077
     0.154006     0.168340     0.000022
     0.179661     0.168293     0.000003
     0.205252     0.168278     0.000000
     0.230908     0.168242     0.000000
     0.256509     0.168228     0.000000
     0.282164     0.168201     0.000000
     0.307765     0.168188     0.000000
     0.333421     0.168171     0.000000
     0.359025     0.168163     0.000000
     0.384680     0.168150     0.000000
     0.410285     0.168146     0.000000
     0.435941     0.168134     0.000000
     0.461543     0.168132     0.000000
     0.487199     0.168130     0.000000
     0.512802     0.168128     0.000000
     0.538459     0.168134     0.000000
     0.564060     0.168134     0.000000
     0.589717     0.168146     0.000000
     0.615319     0.168149     0.000000
     0.640978     0.168167     0.000000
     0.666580     0.168167     0.000000
     0.692237     0.168191     0.000000
     0.717836     0.168197     0.000000
     0.743494     0.168230     0.000000
     0.769092     0.168238     0.000000
     0.794750     0.168279     0.000000
     0.820341     0.168291     0.000003
     0.845994     0.168339     0.000022
     0.871573     0.168371     0.000077
     0.897221     0.168433     0.000183
     0.922779     0.168490     0.000339
     0.948415     0.168567     0.000505
     0.973999     0.168634     0.000646
     0.999655     0.168755     0.000752
     0.000607     0.194059     0.000892
     0.026115     0.194086     0.000741
     0.051729     0.194058     0.000555
     0.077281     0.194042     0.000343
     0.102954     0.193996     0.000171
     0.128497     0.193939     0.000064
     0.154169     0.193887     0.000015
     0.179716     0.193835     0.000002
     0.205391     0.193788     0.000000
     0.230946     0.193746     0.000000
     0.256621     0.193716     0.000000
     0.282179     0.193686     0.000000
     0.307864     0.193671     0.000000
     0.333419     0.193642     0.000000
     0.359107     0.193633     0.000000
     0.384661     0.193616     0.000000
     0.410352     0.193611     0.000000
     0.435905     0.193605     0.000000
     0.461600     0.193603     0.000000
     0.487152     0.193600     0.000000
     0.512847     0.193601     0.000000
     0.538398     0.193602     0.000000
     0.564094     0.193605     0.000000
     0.589646     0.193611     0.000000
     0.615339     0.193616     0.000000
     0.640891     0.193629     0.000000
     0.666581     0.193648     0.000000
     0.692134     0.193667     0.000000
     0.717822     0.193689     0.000000
     0.743375     0.193714     0.000000
     0.769057     0.193750     0.000000
     0.794606     0.193786     0.000000
     0.820282     0.193837     0.000002
     0.845830     0.193887     0.000015
     0.871502     0.193939     0.000064
     0.897045     0.193995     0.000172
     0.922719     0.194040     0.000344
     0.948271     0.194055     0.000558
     0.973885     0.194084     0.000745
     0.999391     0.194056     0.000896
     0.000407     0.219861     0.001078
     0.026080     0.219695     0.000883
     0.051662     0.219606     0.000641
     0.077299     0.219476     0.000386
     0.102860     0.219431     0.000181
     0.128521     0.219352     0.000063
     0.154092     0.219314     0.000013
     0.179754     0.219252     0.000001
     0.205337     0.219233     0.000000
     0.230994     0.219185     0.000000
     0.256584     0.219172     0.000000
     0.282235     0.219129     0.000000
     0.307825     0.219119     0.000000
     0.333476     0.219093     0.000000
     0.359069     0.219087     0.000000
     0.384719     0.219067     0.000000
     0.410313     0.219063     0.000000
     0.435962     0.219047     0.000000
     0.461554     0.219044     0.000000
     0.487205     0.219043     0.000000
     0.512798     0.219040     0.000000
     0.538447     0.219047     0.000000
     0.564039     0.219046     0.000000
     0.589689     0.219065     0.000000
     0.615283     0.219066     0.000000
     0.640932     0.219092     0.000000
     0.666526     0.219087     0.000000
     0.692177     0.219123     0.000000
     0.717765     0.219126     0.000000
     0.743419     0.219173     0.000000
     0.769005     0.219180     0.000000
     0.794666     0.219235     0.000000
     0.820248     0.219248     0.000001
     0.845910     0.219314     0.000013
     0.871480     0.219348     0.000063
     0.897143     0.219431     0.000182
     0.922700     0.219474     0.000388
     0.948340     0.219607     0.000644
     0.973921     0.219694     0.000886
     0.999595     0.219863     0.001081
     0.000802     0.245052     0.001316
     0.026266     0.245092     0.001081
     0.051893     0.245071     0.000786
     0.077417     0.245065     0.000458
     0.103086     0.244993     0.000208
     0.128614     0.244926     0.000070
     0.154292     0.244867     0.000014
     0.179822     0.244796     0.000001
     0.205504     0.244747     0.000000
     0.231030     0.244688     0.000000
     0.256722     0.244660     0.000000
     0.282248     0.244619     0.000000
     0.307947     0.244606     0.000000
     0.333469     0.244566     0.000000
     0.359171     0.244560     0.000000
     0.384692     0.244534     0.000000
     0.410398     0.244532     0.000000
     0.435917     0.244523     0.000000
     0.461628     0.244524     0.000000
     0.487143     0.244516     0.000000
     0.512855     0.244519     0.000000
     0.538371     0.244521     0.000000
     0.564084     0.244524     0.000000
     0.589599     0.244530     0.000000
     0.615308     0.244536     0.000000
     0.640828     0.244555     0.000000
     0.666530     0.244572     0.000000
     0.692051     0.244601     0.000000
     0.717752     0.244623     0.000000
     0.743277     0.244658     0.000000
     0.768969     0.244692     0.000000
     0.794494     0.244744     0.000000
     0.820178     0.244800     0.000001
     0.845706     0.244866     0.000014
     0.871386     0.244928     0.000070
     0.896911     0.244992     0.000209
     0.922584     0.245063     0.000459
     0.948107     0.245067     0.000788
     0.973733     0.245089     0.001083
     0.999195     0.245047     0.001318
     0.000492     0.271014     0.001589
     0.026184     0.270777     0.001302
     0.051737     0.270651     0.000942
     0.077405     0.270482     0.000554
     0.102966     0.270433     0.000247
     0.128633     0.270328     0.000085
     0.154210     0.270287     0.000032
     0.179870     0.270206     0.000026
     0.205452     0.270196     0.000025
     0.231104     0.270129     0.000018
     0.256682     0.270123     0.000012
     0.282322     0.270064     0.000010
     0.307903     0.270061     0.000010
     0.333540     0.270023     0.000011
     0.359129     0.270022     0.000009
     0.384762     0.269994     0.000007
     0.410352     0.269992     0.000004
     0.435982     0.269969     0.000005
     0.461573     0.269967     0.000005
     0.487206     0.269966     0.000004
     0.512797     0.269963     0.000004
     0.538429     0.269970     0.000005
     0.564020     0.269968     0.000005
     0.589651     0.269996     0.000004
     0.615241     0.269991     0.000007
     0.640872     0.270027     0.000010
     0.666463     0.270017     0.000011
     0.692099     0.270065     0.000010
     0.717680     0.270058     0.000010
     0.743319     0.270125     0.000012
     0.768899     0.270124     0.000018
     0.794551     0.270198     0.000025
     0.820130     0.270200     0.000026
     0.845795     0.270287     0.000032
     0.871367     0.270322     0.000086
     0.897037     0.270434     0.000249
     0.922596     0.270479     0.000556
     0.948263     0.270652     0.000944
     0.973819     0.270777     0.001304
     0.999513     0.271016     0.001590
     0.001079     0.296062     0.001893
     0.026480     0.296122     0.001549
     0.052120     0.296098     0.001126
     0.077592     0.296074     0.000658
     0.103264     0.296001     0.000303
     0.128771     0.295900     0.000125
     0.154451     0.295846     0.000083
     0.179953     0.295752     0.000100
     0.205640     0.295707     0.000115
     0.231135     0.295633     0.000111
     0.256839     0.295615     0.000095
     0.282334     0.295559     0.000078
     0.308044     0.295554     0.000068
     0.333529     0.295499     0.000063
     0.359245     0.295497     0.000060
     0.384725     0.295462     0.000054
     0.410453     0.295466     0.000048
     0.435929     0.295451     0.000038
     0.461662     0.295455     0.000032
     0.487131     0.295443     0.000031
     0.512869     0.295448     0.000031
     0.538336     0.295452     0.000032
     0.564071     0.295453     0.000038
     0.589545     0.295463     0.000048
     0.615275     0.295465     0.000055
     0.640755     0.295493     0.000060
     0.666471     0.295503     0.000063
     0.691954     0.295550     0.000067
     0.717666     0.295564     0.000078
     0.743160     0.295613     0.000094
     0.768864     0.295636     0.000112
     0.794358     0.295706     0.000115
     0.820046     0.295754     0.000101
     0.845547     0.295845     0.000084
     0.871228     0.295904     0.000126
     0.896735     0.295997     0.000305
     0.922408     0.296074     0.000660
     0.947879     0.296092     0.001129
     0.973519     0.296116     0.001551
     0.998917     0.296055     0.001894
     0.000603     0.322227     0.002175
     0.026329     0.321897     0.001748
     0.051847     0.321717     0.001242
     0.077542     0.321515     0.000751
     0.103120     0.321431     0.000410
     0.128794     0.321302     0.000257
     0.154376     0.321264     0.000226
     0.180029     0.321156     0.000253
     0.205608     0.321173     0.000286
     0.231237     0.321078     0.000300
     0.256808     0.321089     0.000289
     0.282419     0.321005     0.000264
     0.307999     0.321018     0.000236
     0.333611     0.320961     0.000210
     0.359202     0.320975     0.000193
     0.384807     0.320928     0.000179
     0.410397     0.320937     0.000167
     0.435997     0.320900     0.000144
     0.461599     0.320904     0.000126
     0.487202     0.320901     0.000114
     0.512801     0.320898     0.000114
     0.538405     0.320908     0.000126
     0.564006     0.320898     0.000144
     0.589607     0.320942     0.000167
     0.615195     0.320924     0.000179
     0.640801     0.320980     0.000194
     0.666391     0.320956     0.000210
     0.692004     0.321022     0.000236
     0.717583     0.320998     0.000264
     0.743197     0.321093     0.000289
     0.768765     0.321072     0.000300
     0.794396     0.321174     0.000287
     0.819973     0.321150     0.000255
     0.845629     0.321263     0.000228
     0.871210     0.321295     0.000259
     0.896884     0.321431     0.000412
     0.922460     0.321512     0.000753
     0.948157     0.321718     0.001244
     0.973673     0.321898     0.001750
     0.999402     0.322230     0.002178
     0.001460     0.347077     0.002383
     0.026798     0.347169     0.001891
     0.052430     0.347171     0.001371
     0.077841     0.347052     0.000880
     0.103528     0.347006     0.000605
     0.128989     0.346857     0.000536
     0.154685     0.346828     0.000553
     0.180115     0.346707     0.000586
     0.205796     0.346684     0.000604
     0.231254     0.346586     0.000604
     0.256971     0.346588     0.000595
     0.282441     0.346511     0.000571
     0.308150     0.346521     0.000541
     0.333600     0.346440     0.000498
     0.359318     0.346454     0.000457
     0.384757     0.346398     0.000416
     0.410520     0.346421     0.000382
     0.435940     0.346385     0.000347
     0.461709     0.346403     0.000319
     0.487098     0.346382     0.000298
     0.512902     0.346386     0.000298
     0.538290     0.346399     0.000318
     0.564060     0.346388     0.000346
     0.589479     0.346417     0.000381
     0.615244     0.346401     0.000416
     0.640681     0.346450     0.000458
     0.666400     0.346443     0.000500
     0.691851     0.346518     0.000542
     0.717559     0.346516     0.000571
     0.743028     0.346585     0.000594
     0.768746     0.346590     0.000604
     0.794203     0.346681     0.000606
     0.819885     0.346710     0.000589
     0.845312     0.346827     0.000556
     0.871010     0.346859     0.000538
     0.896469     0.347002     0.000607
     0.922160     0.347051     0.000882
     0.947568     0.347166     0.001375
     0.973200     0.347163     0.001895
     0.998536     0.347067     0.002388
     0.000726     0.373483     0.002480
     0.026495     0.373056     0.001963
     0.052030     0.372836     0.001502
     0.077764     0.372543     0.001148
     0.103340     0.372422     0.000973
     0.129046     0.372263     0.000971
     0.154615     0.372272     0.001034
     0.180282     0.372174     0.001073
     0.205828     0.372193     0.001079
     0.231432     0.372055     0.001053
     0.256956     0.372078     0.001026
     0.282525     0.371963     0.000988
     0.308120     0.372012     0.000955
     0.333694     0.371910     0.000908
     0.359310     0.371984     0.000852
     0.384849     0.371849     0.000787
     0.410450     0.371923     0.000715
     0.435999     0.371823     0.000661
     0.461627     0.371888     0.000616
     0.487202     0.371839     0.000598
     0.512801     0.371835     0.000598
     0.538378     0.371893     0.000616
     0.564004     0.371819     0.000660
     0.589555     0.371928     0.000714
     0.615154     0.371846     0.000787
     0.640694     0.371990     0.000853
     0.666308     0.371904     0.000910
     0.691883     0.372017     0.000957
     0.717477     0.371956     0.000989
     0.743049     0.372081     0.001027
     0.768570     0.372049     0.001054
     0.794177     0.372195     0.001082
     0.819719     0.372168     0.001077
     0.845392     0.372270     0.001037
     0.870957     0.372256     0.000974
     0.896667     0.372421     0.000975
     0.922239     0.372539     0.001151
     0.947975     0.372838     0.001506
     0.973511     0.373057     0.001970
     0.999281     0.373487     0.002489
     0.001956     0.398106     0.004561
     0.027198     0.398178     0.003385
     0.052860     0.398224     0.002203
     0.078301     0.398001     0.001634
     0.103918     0.398006     0.001613
     0.129237     0.397797     0.001691
     0.154881     0.397837     0.001729
     0.180254     0.397658     0.001694
     0.206038     0.397714     0.001648
     0.231413     0.397579     0.001585
     0.257224     0.397674     0.001539
     0.282542     0.397479     0.001496
     0.308340     0.397548     0.001446
     0.333623     0.397386     0.001396
     0.359459     0.397459     0.001324
     0.384807     0.397383     0.001244
     0.410602     0.397417     0.001150
     0.435995     0.397361     0.001079
     0.461687     0.397350     0.001020
     0.487170     0.397351     0.000995
     0.512830     0.397355     0.000995
     0.538314     0.397345     0.001019
     0.564005     0.397364     0.001078
     0.589398     0.397413     0.001148
     0.615194     0.397387     0.001243
     0.640542     0.397455     0.001324
     0.666379     0.397391     0.001398
     0.691661     0.397545     0.001450
     0.717457     0.397483     0.001500
     0.742776     0.397672     0.001542
     0.768588     0.397583     0.001587
     0.793961     0.397711     0.001650
     0.819748     0.397661     0.001698
     0.845117     0.397834     0.001733
     0.870761     0.397801     0.001695
     0.896078     0.398000     0.001616
     0.921697     0.398003     0.001638
     0.947139     0.398214     0.002209
     0.972799     0.398170     0.003395
     0.998038     0.398095     0.004576
     0.000931     0.424835     0.014823
     0.026728     0.424255     0.011829
     0.052347     0.423806     0.007872
     0.078104     0.423507     0.004636
     0.103782     0.423589     0.003283
     0.129412     0.423362     0.002916
     0.155053     0.423433     0.002774
     0.180494     0.423149     0.002641
     0.206116     0.423268     0.002486
     0.231517     0.423013     0.002365
     0.257217     0.423140     0.002254
     0.282680     0.422966     0.002177
     0.308331     0.423087     0.002093
     0.333849     0.422943     0.002022
     0.359369     0.422953     0.001932
     0.384955     0.422885     0.001840
     0.410452     0.422850     0.001745
     0.436113     0.422896     0.001659
     0.461617     0.422828     0.001599
     0.487245     0.422845     0.001563
     0.512760     0.422838     0.001563
     0.538387     0.422835     0.001598
     0.563890     0.422891     0.001658
     0.589553     0.422856     0.001743
     0.615049     0.422880     0.001839
     0.640635     0.422960     0.001932
     0.666155     0.422937     0.002025
     0.691673     0.423092     0.002098
     0.717323     0.422960     0.002183
     0.742789     0.423142     0.002259
     0.768486     0.423007     0.002368
     0.793890     0.423270     0.002488
     0.819506     0.423142     0.002644
     0.844952     0.423434     0.002779
     0.870591     0.423353     0.002924
     0.896225     0.423590     0.003292
     0.921901     0.423497     0.004645
     0.947661     0.423812     0.007884
     0.973278     0.424259     0.011844
     0.999078     0.424840     0.014841
     0.002631     0.449114     0.037107
     0.027964     0.448989     0.032010
     0.053708     0.449347     0.025156
     0.078559     0.448848     0.017110
     0.104299     0.449108     0.010935
     0.129362     0.448689     0.007307
     0.155334     0.449015     0.005315
     0.180478     0.448698     0.004399
     0.206450     0.448868     0.003988
     0.231632     0.448644     0.003770
     0.257421     0.448688     0.003580
     0.282732     0.448572     0.003407
     0.308432     0.448514     0.003232
     0.333889     0.448528     0.003065
     0.359523     0.448460     0.002911
     0.385014     0.448479     0.002785
     0.410609     0.448403     0.002693
     0.436070     0.448367     0.002613
     0.461731     0.448367     0.002558
     0.487160     0.448359     0.002520
     0.512840     0.448364     0.002519
     0.538270     0.448361     0.002557
     0.563930     0.448370     0.002612
     0.589392     0.448396     0.002692
     0.614988     0.448484     0.002785
     0.640477     0.448454     0.002912
     0.666114     0.448534     0.003068
     0.691569     0.448511     0.003238
     0.717270     0.448576     0.003415
     0.742578     0.448685     0.003587
     0.768368     0.448647     0.003777
     0.793548     0.448867     0.003993
     0.819524     0.448701     0.004406
     0.844664     0.449011     0.005328
     0.870638     0.448693     0.007328
     0.895697     0.449100     0.010958
     0.921440     0.448851     0.017129
     0.946285     0.449336     0.025169
     0.972034     0.448979     0.032024
     0.997363     0.449104     0.037126
     0.001872     0.476404     0.063326
     0.026348     0.474968     0.057603
     0.053258     0.475100     0.050567
     0.078534     0.474793     0.040512
     0.104661     0.474901     0.029365
     0.129767     0.474516     0.020257
     0.155355     0.474514     0.013644
     0.180879     0.474249     0.009432
     0.206238     0.474280     0.007198
     0.231999     0.474228     0.006147
     0.257318     0.474138     0.005649
     0.283105     0.474154     0.005327
     0.308373     0.474066     0.005040
     0.334090     0.474060     0.004739
     0.359443     0.473985     0.004461
     0.385105     0.473949     0.004238
     0.410564     0.473938     0.004093
     0.436185     0.473898     0.004015
     0.461651     0.473897     0.003972
     0.487262     0.473872     0.003957
     0.512742     0.473864     0.003957
     0.538353     0.473905     0.003972
     0.563820     0.473893     0.004015
     0.589441     0.473945     0.004093
     0.614898     0.473943     0.004239
     0.640563     0.473993     0.004463
     0.665913     0.474051     0.004743
     0.691632     0.474074     0.005047
     0.716900     0.474148     0.005337
     0.742686     0.474142     0.005661
     0.768005     0.474221     0.006161
     0.793768     0.474281     0.007215
     0.819123     0.474243     0.009454
     0.844653     0.474516     0.013676
     0.870233     0.474506     0.020298
     0.895347     0.474902     0.029401
     0.921469     0.474782     0.040535
     0.946754     0.475106     0.050578
     0.973659     0.474973     0.057608
     0.998135     0.476412     0.063336
     0.010316     0.503507     0.080225
     0.031218     0.500764     0.076546
     0.053609     0.500074     0.072278
     0.078846     0.499918     0.064863
     0.104361     0.499941     0.053994
     0.130282     0.500242     0.042260
     0.155623     0.499973     0.031403
     0.181211     0.500095     0.022514
     0.206559     0.499878     0.016040
     0.232089     0.499812     0.011843
     0.257552     0.499759     0.009398
     0.283021     0.499695     0.008108
     0.308645     0.499677     0.007389
     0.334078     0.499587     0.006901
     0.359729     0.499617     0.006507
     0.385128     0.499508     0.006188
     0.410741     0.499510     0.005950
     0.436157     0.499425     0.005813
     0.461742     0.499444     0.005761
     0.487229     0.499420     0.005762
     0.512773     0.499425     0.005761
     0.538259     0.499437     0.005760
     0.563847     0.499429     0.005813
     0.589259     0.499504     0.005951
     0.614877     0.499513     0.006190
     0.640271     0.499612     0.006511
     0.665926     0.499594     0.006906
     0.691355     0.499673     0.007399
     0.716981     0.499702     0.008124
     0.742448     0.499758     0.009422
     0.767914     0.499814     0.011875
     0.793439     0.499878     0.016075
     0.818792     0.500098     0.022551
     0.844372     0.499971     0.031447
     0.869722     0.500248     0.042307
     0.895631     0.499930     0.054035
     0.921153     0.499921     0.064898
     0.946382     0.500063     0.072305
     0.968767     0.500752     0.076559
     0.989673     0.503499     0.080229
     0.016663     0.534287     0.078299
     0.041298     0.532809     0.079111
     0.061640     0.529819     0.079645
     0.084265     0.527047     0.078115
     0.106019     0.526579     0.072943
     0.130740     0.525755     0.064397
     0.156002     0.525803     0.054024
     0.181823     0.525534     0.043307
     0.207217     0.525668     0.033349
     0.232751     0.525487     0.024943
     0.258082     0.525507     0.018463
     0.283554     0.525336     0.013998
     0.308834     0.525343     0.011260
     0.334379     0.525240     0.009723
     0.359722     0.525193     0.008903
     0.385401     0.525161     0.008429
     0.410731     0.525126     0.008125
     0.436409     0.525151     0.007920
     0.461691     0.525056     0.007804
     0.487339     0.525076     0.007742
     0.512666     0.525070     0.007742
     0.538314     0.525063     0.007804
     0.563595     0.525146     0.007922
     0.589275     0.525134     0.008128
     0.614601     0.525155     0.008434
     0.640283     0.525204     0.008911
     0.665624     0.525232     0.009735
     0.691171     0.525351     0.011279
     0.716452     0.525328     0.014027
     0.741923     0.525514     0.018502
     0.767253     0.525481     0.024988
     0.792788     0.525670     0.033390
     0.818179     0.525530     0.043342
     0.844007     0.525805     0.054056
     0.869255     0.525746     0.064429
     0.893985     0.526588     0.072985
     0.915715     0.527017     0.078168
     0.938369     0.529839     0.079697
     0.958720     0.532821     0.079153
     0.983348     0.534289     0.078323
     0.014226     0.556584     0.057370
     0.040307     0.557797     0.063179
     0.066285     0.557723     0.068932
     0.089500     0.556587     0.074369
     0.112658     0.555673     0.077203
     0.134839     0.552804     0.075949
     0.157689     0.551880     0.071040
     0.181906     0.551350     0.063514
     0.207272     0.551271     0.054449
     0.232822     0.551142     0.044574
     0.258354     0.551189     0.034945
     0.283858     0.551163     0.026533
     0.309278     0.551065     0.019960
     0.334725     0.550967     0.015411
     0.360042     0.550857     0.012670
     0.385479     0.550788     0.011228
     0.410893     0.550742     0.010539
     0.436381     0.550693     0.010196
     0.461861     0.550746     0.009974
     0.487269     0.550681     0.009845
     0.512735     0.550689     0.009845
     0.538138     0.550738     0.009977
     0.563625     0.550696     0.010201
     0.589105     0.550739     0.010546
     0.614529     0.550792     0.011239
     0.639956     0.550853     0.012686
     0.665281     0.550974     0.015434
     0.690718     0.551061     0.019990
     0.716146     0.551168     0.026569
     0.741642     0.551191     0.034983
     0.767184     0.551146     0.044609
     0.792719     0.551275     0.054475
     0.818097     0.551352     0.063526
     0.842293     0.551890     0.071042
     0.865154     0.552815     0.075955
     0.887329     0.555677     0.077236
     0.910488     0.556599     0.074428
     0.933699     0.557645     0.069004
     0.959676     0.557789     0.063250
     0.985754     0.556585     0.057428
     0.015863     0.585166     0.029248
     0.040830     0.583899     0.037016
     0.066800     0.583610     0.045740
     0.092510     0.583236     0.056064
     0.117369     0.582481     0.065521
     0.141911     0.582153     0.071910
     0.164229     0.580811     0.074683
     0.187279     0.578622     0.074010
     0.209348     0.577649     0.070009
     0.233892     0.576977     0.063162
     0.258522     0.576855     0.054465
     0.284281     0.576714     0.044878
     0.309407     0.576745     0.035502
     0.335086     0.576719     0.027381
     0.360302     0.576662     0.021134
     0.385847     0.576543     0.016887
     0.411028     0.576485     0.014353
     0.436564     0.576440     0.013012
     0.461805     0.576408     0.012391
     0.487435     0.576442     0.012172
     0.512568     0.576439     0.012175
     0.538204     0.576415     0.012399
     0.563434     0.576436     0.013024
     0.588980     0.576493     0.014369
     0.614156     0.576538     0.016908
     0.639701     0.576672     0.021160
     0.664918     0.576713     0.027410
     0.690595     0.576755     0.035530
     0.715725     0.576705     0.044901
     0.741477     0.576863     0.054481
     0.766111     0.576977     0.063171
     0.790634     0.577657     0.070007
     0.812723     0.578620     0.073993
     0.835753     0.580824     0.074651
     0.858123     0.582130     0.071888
     0.882616     0.582500     0.065535
     0.907549     0.583201     0.056117
     0.933180     0.583635     0.045816
     0.959149     0.583919     0.037098
     0.984127     0.585167     0.029327
     0.015362     0.608185     0.011463
     0.041230     0.608685     0.016481
     0.066304     0.608590     0.023606
     0.091535     0.609021     0.033375
     0.116919     0.608795     0.044501
     0.142053     0.608417     0.055055
     0.167761     0.607803     0.063955
     0.191889     0.607708     0.070272
     0.215582     0.606578     0.073145
     0.238240     0.604435     0.072529
     0.261162     0.603602     0.068631
     0.284982     0.602778     0.062100
     0.310008     0.602634     0.053901
     0.335270     0.602339     0.044978
     0.360677     0.602374     0.036340
     0.386040     0.602322     0.028811
     0.411337     0.602267     0.022901
     0.436682     0.602161     0.018773
     0.461930     0.602129     0.016327
     0.487305     0.602163     0.015248
     0.512698     0.602165     0.015254
     0.538072     0.602124     0.016343
     0.563323     0.602167     0.018797
     0.588663     0.602258     0.022930
     0.613963     0.602333     0.028840
     0.639325     0.602367     0.036366
     0.664732     0.602352     0.044994
     0.689992     0.602628     0.053906
     0.715012     0.602790     0.062094
     0.738830     0.603602     0.068618
     0.761748     0.604455     0.072509
     0.784420     0.606581     0.073115
     0.808106     0.607708     0.070234
     0.832261     0.607787     0.063912
     0.857940     0.608427     0.055019
     0.883100     0.608787     0.044498
     0.908457     0.609030     0.033410
     0.933727     0.608612     0.023667
     0.958778     0.608665     0.016556
     0.984645     0.608172     0.011534
     0.015946     0.636062     0.006806
     0.041107     0.635307     0.008328
     0.066834     0.635169     0.011545
     0.092624     0.634540     0.017035
     0.118301     0.634377     0.024776
     0.143637     0.634127     0.034265
     0.168301     0.633906     0.044690
     0.193454     0.633497     0.054683
     0.218397     0.632987     0.062989
     0.242779     0.633206     0.068662
     0.265918     0.632082     0.071192
     0.289430     0.630277     0.070683
     0.311971     0.629158     0.067298
     0.336362     0.628540     0.061588
     0.360846     0.628248     0.054319
     0.386410     0.628129     0.046177
     0.411501     0.628082     0.037997
     0.436985     0.628123     0.030685
     0.462001     0.628034     0.024987
     0.487437     0.627932     0.021744
     0.512570     0.627926     0.021754
     0.538002     0.628042     0.025012
     0.563020     0.628120     0.030719
     0.588503     0.628091     0.038030
     0.613591     0.628123     0.046199
     0.639158     0.628261     0.054325
     0.663632     0.628533     0.061577
     0.688027     0.629178     0.067273
     0.710566     0.630272     0.070647
     0.734082     0.632093     0.071151
     0.757237     0.633196     0.068619
     0.781614     0.632994     0.062949
     0.806564     0.633484     0.054651
     0.831684     0.633916     0.044663
     0.856377     0.634107     0.034240
     0.881701     0.634387     0.024765
     0.907389     0.634511     0.017046
     0.933164     0.635186     0.011577
     0.958896     0.635332     0.008372
     0.984052     0.636068     0.006847
     0.015975     0.659681     0.006174
     0.041713     0.659941     0.006826
     0.066846     0.659600     0.008026
     0.092044     0.660007     0.010217
     0.117234     0.659964     0.013848
     0.142814     0.660312     0.019287
     0.168540     0.660160     0.026623
     0.193903     0.660034     0.035460
     0.219104     0.659850     0.044924
     0.244165     0.659475     0.053906
     0.269716     0.658680     0.061586
     0.293431     0.658699     0.067163
     0.317100     0.657750     0.070064
     0.340031     0.655908     0.070292
     0.363212     0.655024     0.067736
     0.387053     0.654186     0.062775
     0.411793     0.654053     0.056006
     0.436975     0.653863     0.048264
     0.462308     0.653938     0.041221
     0.487472     0.653869     0.037067
     0.512531     0.653881     0.037074
     0.537693     0.653928     0.041241
     0.563031     0.653871     0.048288
     0.588203     0.654050     0.056022
     0.612951     0.654195     0.062774
     0.636776     0.655022     0.067716
     0.659974     0.655923     0.070256
     0.682896     0.657743     0.070017
     0.706575     0.658714     0.067106
     0.730297     0.658667     0.061528
     0.755831     0.659484     0.053860
     0.780912     0.659849     0.044897
     0.806080     0.660057     0.035448
     0.831482     0.660145     0.026624
     0.857185     0.660311     0.019292
     0.882778     0.659961     0.013844
     0.907951     0.660022     0.010212
     0.933152     0.659603     0.008031
     0.958305     0.659926     0.006840
     0.984049     0.659675     0.006191
     0.016084     0.686994     0.005646
     0.041488     0.686651     0.006397
     0.067116     0.686746     0.007287
     0.092779     0.686060     0.008569
     0.118373     0.685840     0.010428
     0.143565     0.685347     0.013001
     0.168825     0.685263     0.016588
     0.194095     0.685194     0.021566
     0.219255     0.685266     0.028140
     0.244421     0.685177     0.036185
     0.269219     0.685397     0.045114
     0.294668     0.685266     0.053976
     0.320077     0.684209     0.061962
     0.344363     0.684431     0.068136
     0.367560     0.683317     0.071748
     0.390915     0.682008     0.072657
     0.413649     0.680920     0.071037
     0.437591     0.680134     0.067762
     0.462161     0.679821     0.064374
     0.487522     0.679948     0.062318
     0.512482     0.679945     0.062316
     0.537847     0.679827     0.064366
     0.562403     0.680136     0.067749
     0.586354     0.680932     0.071016
     0.609074     0.682009     0.072625
     0.632439     0.683329     0.071706
     0.655637     0.684415     0.068085
     0.679932     0.684231     0.061906
     0.705349     0.685244     0.053919
     0.730781     0.685421     0.045064
     0.755592     0.685160     0.036152
     0.780738     0.685280     0.028127
     0.805941     0.685179     0.021571
     0.831183     0.685265     0.016605
     0.856429     0.685340     0.013017
     0.881622     0.685841     0.010439
     0.907235     0.686047     0.008581
     0.932901     0.686747     0.007294
     0.958516     0.686657     0.006403
     0.983908     0.686999     0.005660
     0.016137     0.710910     0.005057
     0.041794     0.711076     0.005903
     0.067278     0.710739     0.006976
     0.092501     0.711184     0.008354
     0.117614     0.711384     0.009836
     0.143317     0.711774     0.011381
     0.168851     0.711654     0.013134
     0.194102     0.711819     0.015344
     0.219541     0.711632     0.018623
     0.244804     0.711553     0.023520
     0.270185     0.710945     0.030247
     0.295172     0.710584     0.038693
     0.319892     0.710803     0.048214
     0.344749     0.710965     0.057797
     0.370349     0.710227     0.066894
     0.394325     0.710170     0.074799
     0.417934     0.709465     0.080947
     0.441064     0.707950     0.085412
     0.463385     0.706842     0.088264
     0.487454     0.705914     0.089506
     0.512546     0.705920     0.089492
     0.536606     0.706843     0.088223
     0.558931     0.707963     0.085351
     0.582064     0.709461     0.080879
     0.605676     0.710186     0.074734
     0.629665     0.710214     0.066836
     0.655255     0.710976     0.057745
     0.680116     0.710777     0.048166
     0.704832     0.710611     0.038655
     0.729819     0.710932     0.030217
     0.755204     0.711573     0.023498
     0.780467     0.711616     0.018614
     0.805899     0.711823     0.015349
     0.831149     0.711678     0.013144
     0.856691     0.711781     0.011398
     0.882401     0.711368     0.009869
     0.907486     0.711190     0.008391
     0.932717     0.710733     0.006999
     0.958221     0.711076     0.005908
     0.983883     0.710914     0.005052
     0.016189     0.737962     0.004631
     0.041700     0.737721     0.005537
     0.067154     0.738063     0.006772
     0.092767     0.737749     0.008287
     0.118336     0.737244     0.009773
     0.143562     0.736464     0.011062
     0.168736     0.736820     0.012284
     0.194191     0.736729     0.013688
     0.219469     0.736834     0.015535
     0.244877     0.736895     0.018329
     0.270070     0.737188     0.022685
     0.295307     0.737477     0.028972
     0.320462     0.737032     0.037427
     0.345481     0.736614     0.048062
     0.370113     0.736527     0.060389
     0.394777     0.737161     0.073483
     0.419855     0.736261     0.086117
     0.443492     0.736821     0.096495
     0.467659     0.735942     0.103510
     0.489167     0.733868     0.106983
     0.510818     0.733871     0.106962
     0.532338     0.735951     0.103452
     0.556509     0.736814     0.096409
     0.580147     0.736269     0.086019
     0.605232     0.737149     0.073393
     0.629892     0.736535     0.060317
     0.654524     0.736606     0.048009
     0.679541     0.737047     0.037392
     0.704690     0.737463     0.028952
     0.729948     0.737203     0.022669
     0.755131     0.736876     0.018311
     0.780544     0.736851     0.015518
     0.805806     0.736723     0.013674
     0.831269     0.736813     0.012285
     0.856477     0.736450     0.011089
     0.881643     0.737267     0.009815
     0.907255     0.737738     0.008325
     0.932871     0.738048     0.006804
     0.958280     0.737722     0.005555
     0.983792     0.737967     0.004622
     0.016188     0.762038     0.004631
     0.041701     0.762280     0.005536
     0.067158     0.761937     0.006772
     0.092768     0.762247     0.008288
     0.118337     0.762759     0.009774
     0.143565     0.763534     0.011062
     0.168732     0.763179     0.012284
     0.194189     0.763270     0.013688
     0.219467     0.763166     0.015536
     0.244878     0.763104     0.018329
     0.270071     0.762813     0.022685
     0.295310     0.762520     0.028972
     0.320458     0.762970     0.037428
     0.345486     0.763385     0.048064
     0.370111     0.763471     0.060391
     0.394782     0.762837     0.073485
     0.419855     0.763738     0.086117
     0.443492     0.763175     0.096493
     0.467656     0.764062     0.103507
     0.489168     0.766133     0.106980
     0.510817     0.766127     0.106963
     0.532335     0.764044     0.103458
     0.556505     0.763182     0.096419
     0.580151     0.763726     0.086029
     0.605225     0.762843     0.073398
     0.629895     0.763465     0.060315
     0.654517     0.763396     0.048005
     0.679548     0.762954     0.037388
     0.704697     0.762534     0.028943
     0.729933     0.762790     0.022665
     0.755132     0.763131     0.018312
     0.780528     0.763155     0.015511
     0.805828     0.763287     0.013664
     0.831281     0.763163     0.012283
     0.856411     0.763563     0.011084
     0.881696     0.762761     0.009809
     0.907237     0.762214     0.008329
     0.932817     0.761964     0.006807
     0.958311     0.762302     0.005562
     0.983833     0.762032     0.004641
     0.016137     0.789088     0.005056
     0.041794     0.788921     0.005903
     0.067278     0.789260     0.006976
     0.092498     0.788818     0.008355
     0.117612     0.788615     0.009837
     0.143317     0.788227     0.011382
     0.168853     0.788350     0.013134
     0.194104     0.788178     0.015344
     0.219543     0.788367     0.018624
     0.244804     0.788445     0.023521
     0.270186     0.789054     0.030247
     0.295169     0.789416     0.038694
     0.319896     0.789196     0.048217
     0.344746     0.789031     0.057802
     0.370353     0.789776     0.066899
     0.394320     0.789821     0.074802
     0.417935     0.790540     0.080946
     0.441058     0.792050     0.085406
     0.463384     0.793160     0.088255
     0.487455     0.794085     0.089501
     0.512550     0.794080     0.089495
     0.536606     0.793158     0.088238
     0.558930     0.792028     0.085376
     0.582056     0.790535     0.080905
     0.605677     0.789814     0.074748
     0.629651     0.789783     0.066838
     0.655264     0.789025     0.057740
     0.680108     0.789212     0.048156
     0.704836     0.789402     0.038639
     0.729822     0.789066     0.030204
     0.755187     0.788434     0.023488
     0.780485     0.788381     0.018598
     0.805892     0.788155     0.015325
     0.831151     0.788380     0.013123
     0.856695     0.788192     0.011386
     0.882421     0.788602     0.009861
     0.907504     0.788876     0.008392
     0.932706     0.789237     0.007014
     0.958215     0.788884     0.005937
     0.983874     0.789080     0.005082
     0.016084     0.813008     0.005644
     0.041488     0.813351     0.006397
     0.067116     0.813256     0.007287
     0.092780     0.813937     0.008570
     0.118376     0.814160     0.010430
     0.143564     0.814651     0.013002
     0.168825     0.814734     0.016589
     0.194095     0.814805     0.021568
     0.219252     0.814737     0.028141
     0.244423     0.814820     0.036187
     0.269215     0.814605     0.045117
     0.294672     0.814731     0.053979
     0.320074     0.815793     0.061966
     0.344366     0.815566     0.068139
     0.367557     0.816685     0.071751
     0.390917     0.817993     0.072657
     0.413643     0.819079     0.071034
     0.437593     0.819866     0.067755
     0.462159     0.820177     0.064365
     0.487520     0.820046     0.062314
     0.512481     0.820055     0.062322
     0.537849     0.820169     0.064386
     0.562406     0.819871     0.067779
     0.586345     0.819061     0.071047
     0.609069     0.817991     0.072650
     0.632436     0.816665     0.071722
     0.655629     0.815577     0.068092
     0.679938     0.815778     0.061904
     0.705337     0.814739     0.053911
     0.730785     0.814604     0.045048
     0.755583     0.814826     0.036123
     0.780753     0.814717     0.028097
     0.805910     0.814847     0.021544
     0.831192     0.814704     0.016572
     0.856457     0.814666     0.012994
     0.881570     0.814163     0.010433
     0.907227     0.813942     0.008585
     0.932945     0.813271     0.007319
     0.958513     0.813353     0.006438
     0.983901     0.813002     0.005690
     0.015975     0.840317     0.006173
     0.041714     0.840056     0.006825
     0.066847     0.840398     0.008026
     0.092043     0.839994     0.010219
     0.117232     0.840037     0.013850
     0.142814     0.839691     0.019289
     0.168539     0.839841     0.026625
     0.193903     0.839966     0.035463
     0.219106     0.840147     0.044926
     0.244163     0.840524     0.053910
     0.269719     0.841319     0.061590
     0.293429     0.841300     0.067166
     0.317101     0.842251     0.070067
     0.340026     0.844089     0.070292
     0.363211     0.844979     0.067734
     0.387050     0.845811     0.062769
     0.411794     0.845950     0.055999
     0.436973     0.846134     0.048257
     0.462313     0.846068     0.041217
     0.487470     0.846126     0.037067
     0.512533     0.846118     0.037083
     0.537693     0.846070     0.041261
     0.563029     0.846128     0.048314
     0.588211     0.845956     0.056051
     0.612941     0.845798     0.062804
     0.636778     0.844982     0.067745
     0.659956     0.844064     0.070278
     0.682895     0.842252     0.070032
     0.706565     0.841297     0.067113
     0.730295     0.841331     0.061519
     0.755845     0.840508     0.053832
     0.780888     0.840165     0.044856
     0.806099     0.839935     0.035410
     0.831479     0.839843     0.026586
     0.857174     0.839717     0.019252
     0.882818     0.840045     0.013827
     0.907957     0.839955     0.010228
     0.933138     0.840380     0.008060
     0.958300     0.840077     0.006875
     0.984045     0.840325     0.006242
     0.015945     0.863939     0.006805
     0.041106     0.864694     0.008327
     0.066833     0.864835     0.011547
     0.092623     0.865459     0.017038
     0.118301     0.865623     0.024779
     0.143637     0.865868     0.034269
     0.168301     0.866094     0.044695
     0.193455     0.866499     0.054687
     0.218394     0.867016     0.062993
     0.242780     0.866791     0.068666
     0.265915     0.867922     0.071195
     0.289430     0.869721     0.070684
     0.311968     0.870847     0.067296
     0.336363     0.871460     0.061582
     0.360845     0.871751     0.054311
     0.386412     0.871870     0.046166
     0.411500     0.871918     0.037988
     0.436986     0.871872     0.030682
     0.462000     0.871964     0.024991
     0.487443     0.872067     0.021752
     0.512561     0.872069     0.021765
     0.538005     0.871960     0.025027
     0.563014     0.871878     0.030735
     0.588508     0.871910     0.038051
     0.613594     0.871881     0.046225
     0.639157     0.871739     0.054357
     0.663635     0.871463     0.061610
     0.688010     0.870826     0.067302
     0.710562     0.869720     0.070667
     0.734075     0.867896     0.071155
     0.757233     0.866816     0.068610
     0.781615     0.867002     0.062925
     0.806565     0.866515     0.054613
     0.831679     0.866090     0.044620
     0.856365     0.865866     0.034201
     0.881694     0.865604     0.024741
     0.907399     0.865510     0.017043
     0.933172     0.864837     0.011589
     0.958903     0.864677     0.008399
     0.984056     0.863934     0.006884
     0.015361     0.891814     0.011463
     0.041229     0.891313     0.016481
     0.066305     0.891408     0.023608
     0.091536     0.890979     0.033380
     0.116918     0.891205     0.044508
     0.142053     0.891589     0.055061
     0.167760     0.892196     0.063961
     0.191887     0.892293     0.070277
     0.215583     0.893419     0.073148
     0.238236     0.895564     0.072530
     0.261163     0.896398     0.068630
     0.284978     0.897221     0.062097
     0.310007     0.897366     0.053895
     0.335270     0.897657     0.044968
     0.360677     0.897627     0.036330
     0.386039     0.897673     0.028802
     0.411340     0.897735     0.022896
     0.436683     0.897841     0.018775
     0.461930     0.897867     0.016335
     0.487307     0.897842     0.015262
     0.512699     0.897836     0.015267
     0.538071     0.897873     0.016351
     0.563322     0.897832     0.018804
     0.588659     0.897738     0.022940
     0.613964     0.897669     0.028858
     0.639328     0.897632     0.036391
     0.664734     0.897655     0.045026
     0.689992     0.897372     0.053938
     0.715009     0.897207     0.062120
     0.738818     0.896400     0.068634
     0.761737     0.895532     0.072518
     0.784418     0.893426     0.073117
     0.808106     0.892280     0.070220
     0.832272     0.892221     0.063886
     0.857948     0.891593     0.055000
     0.883104     0.891199     0.044482
     0.908444     0.890952     0.033389
     0.933719     0.891372     0.023651
     0.958782     0.891334     0.016542
     0.984648     0.891832     0.011511
     0.015864     0.914835     0.029250
     0.040831     0.916103     0.037019
     0.066798     0.916392     0.045744
     0.092507     0.916765     0.056070
     0.117369     0.917520     0.065528
     0.141908     0.917840     0.071917
     0.164229     0.919193     0.074687
     0.187280     0.921370     0.074012
     0.209349     0.922357     0.070007
     0.233891     0.923018     0.063157
     0.258520     0.923149     0.054457
     0.284281     0.923285     0.044870
     0.309406     0.923256     0.035493
     0.335087     0.923281     0.027372
     0.360302     0.923337     0.021126
     0.385851     0.923455     0.016884
     0.411024     0.923512     0.014354
     0.436571     0.923559     0.013017
     0.461801     0.923590     0.012400
     0.487435     0.923555     0.012184
     0.512568     0.923563     0.012187
     0.538205     0.923586     0.012406
     0.563434     0.923566     0.013027
     0.588978     0.923505     0.014373
     0.614153     0.923460     0.016915
     0.639700     0.923327     0.021172
     0.664918     0.923288     0.027428
     0.690602     0.923250     0.035553
     0.715730     0.923296     0.044923
     0.741482     0.923136     0.054503
     0.766107     0.923027     0.063191
     0.790619     0.922332     0.070022
     0.812712     0.921373     0.074004
     0.835728     0.919179     0.074662
     0.858131     0.917840     0.071897
     0.882620     0.917505     0.065537
     0.907558     0.916827     0.056105
     0.933180     0.916377     0.045789
     0.959140     0.916086     0.037052
     0.984124     0.914836     0.029265
     0.014223     0.943413     0.057378
     0.040304     0.942202     0.063186
     0.066286     0.942276     0.068938
     0.089499     0.943412     0.074375
     0.112657     0.944328     0.077209
     0.134841     0.947200     0.075953
     0.157688     0.948117     0.071040
     0.181903     0.948650     0.063509
     0.207271     0.948726     0.054441
     0.232819     0.948859     0.044564
     0.258354     0.948809     0.034934
     0.283858     0.948835     0.026523
     0.309278     0.948932     0.019953
     0.334728     0.949030     0.015407
     0.360044     0.949140     0.012669
     0.385480     0.949213     0.011231
     0.410896     0.949255     0.010545
     0.436380     0.949309     0.010203
     0.461863     0.949258     0.009981
     0.487268     0.949319     0.009850
     0.512734     0.949312     0.009852
     0.538139     0.949261     0.009984
     0.563628     0.949304     0.010208
     0.589106     0.949262     0.010552
     0.614527     0.949206     0.011242
     0.639953     0.949146     0.012689
     0.665275     0.949026     0.015439
     0.690715     0.948934     0.019997
     0.716150     0.948832     0.026580
     0.741642     0.948817     0.035000
     0.767196     0.948857     0.044630
     0.792723     0.948730     0.054495
     0.818097     0.948655     0.063550
     0.842288     0.948099     0.071074
     0.865138     0.947182     0.075988
     0.887295     0.944322     0.077259
     0.910475     0.943377     0.074434
     0.933690     0.942350     0.068986
     0.959686     0.942207     0.063212
     0.985762     0.943410     0.057378
     0.016662     0.965715     0.078311
     0.041297     0.967190     0.079121
     0.061638     0.970184     0.079652
     0.084264     0.972954     0.078119
     0.106015     0.973420     0.072943
     0.130738     0.974238     0.064393
     0.156001     0.974204     0.054017
     0.181821     0.974458     0.043296
     0.207217     0.974336     0.033337
     0.232754     0.974508     0.024932
     0.258082     0.974494     0.018454
     0.283557     0.974664     0.013992
     0.308835     0.974656     0.011258
     0.334381     0.974759     0.009725
     0.359721     0.974806     0.008908
     0.385402     0.974838     0.008435
     0.410729     0.974874     0.008132
     0.436409     0.974847     0.007926
     0.461690     0.974943     0.007808
     0.487341     0.974922     0.007743
     0.512664     0.974931     0.007743
     0.538315     0.974934     0.007808
     0.563592     0.974856     0.007929
     0.589277     0.974866     0.008137
     0.614603     0.974846     0.008441
     0.640282     0.974800     0.008915
     0.665626     0.974768     0.009735
     0.691169     0.974645     0.011276
     0.716444     0.974673     0.014025
     0.741921     0.974479     0.018506
     0.767250     0.974519     0.024997
     0.792791     0.974330     0.033406
     0.818185     0.974470     0.043366
     0.844017     0.974199     0.054089
     0.869258     0.974254     0.064465
     0.893998     0.973413     0.073018
     0.915710     0.972995     0.078189
     0.938357     0.970164     0.079702
     0.958708     0.967167     0.079145
     0.983343     0.965715     0.078310
     0.010315     0.996489     0.080237
     0.031216     0.999237     0.076555
     0.053604     0.999921     0.072284
     0.078845     1.000084     0.064862
     0.104361     1.000060     0.053987
     0.130282     0.999759     0.042249
     0.155622     1.000023     0.031392
     0.181213     0.999906     0.022503
     0.206557     1.000116     0.016030
     0.232090     1.000188     0.011836
     0.257552     1.000238     0.009394
     0.283024     1.000303     0.008108
     0.308644     1.000321     0.007393
     0.334079     1.000411     0.006907
     0.359729     1.000382     0.006514
     0.385129     1.000491     0.006194
     0.410743     1.000492     0.005954
     0.436157     1.000576     0.005815
     0.461744     1.000557     0.005762
     0.487227     1.000582     0.005761
     0.512776     1.000576     0.005761
     0.538259     1.000563     0.005762
     0.563846     1.000569     0.005817
     0.589260     1.000492     0.005957
     0.614875     1.000491     0.006198
     0.640271     1.000386     0.006518
     0.665927     1.000405     0.006911
     0.691357     1.000328     0.007399
     0.716981     1.000299     0.008120
     0.742447     1.000245     0.009417
     0.767911     1.000182     0.011870
     0.793438     1.000124     0.016078
     0.818788     0.999903     0.022565
     0.844372     1.000025     0.031469
     0.869721     0.999752     0.042332
     0.895629     1.000071     0.054061
     0.921156     1.000075     0.064922
     0.946392     0.999925     0.072325
     0.968762     0.999240     0.076580
     0.989664     0.996488     0.080253
     0.001870     1.023601     0.063334
     0.026344     1.025033     0.057606
     0.053258     1.024903     0.050565
     0.078531     1.025203     0.040506
     0.104662     1.025100     0.029355
     0.129765     1.025478     0.020245
     0.155357     1.025491     0.013634
     0.180881     1.025745     0.009426
     0.206241     1.025723     0.007194
     0.232001     1.025768     0.006145
     0.257319     1.025861     0.005651
     0.283107     1.025846     0.005332
     0.308372     1.025934     0.005047
     0.334092     1.025940     0.004746
     0.359441     1.026015     0.004467
     0.385106     1.026050     0.004242
     0.410563     1.026063     0.004095
     0.436186     1.026099     0.004015
     0.461648     1.026104     0.003971
     0.487263     1.026126     0.003957
     0.512741     1.026135     0.003958
     0.538355     1.026095     0.003973
     0.563821     1.026107     0.004016
     0.589439     1.026057     0.004095
     0.614897     1.026058     0.004243
     0.640568     1.026007     0.004469
     0.665911     1.025949     0.004749
     0.691633     1.025925     0.005053
     0.716896     1.025854     0.005341
     0.742689     1.025852     0.005660
     0.768003     1.025779     0.006156
     0.793766     1.025718     0.007209
     0.819125     1.025755     0.009452
     0.844652     1.025487     0.013676
     0.870236     1.025494     0.020302
     0.895350     1.025101     0.029410
     0.921470     1.025220     0.040549
     0.946752     1.024905     0.050600
     0.973661     1.025034     0.057640
     0.998132     1.023597     0.063380
     0.002630     1.050887     0.037105
     0.027968     1.051011     0.032004
     0.053708     1.050650     0.025147
     0.078559     1.051150     0.017100
     0.104299     1.050894     0.010927
     0.129365     1.051312     0.007300
     0.155333     1.050976     0.005311
     0.180482     1.051306     0.004398
     0.206449     1.051125     0.003990
     0.231634     1.051358     0.003775
     0.257420     1.051310     0.003586
     0.282732     1.051426     0.003413
     0.308433     1.051485     0.003237
     0.333889     1.051469     0.003069
     0.359525     1.051541     0.002914
     0.385014     1.051520     0.002786
     0.410610     1.051598     0.002693
     0.436071     1.051636     0.002613
     0.461733     1.051634     0.002557
     0.487160     1.051641     0.002519
     0.512843     1.051637     0.002520
     0.538270     1.051637     0.002559
     0.563930     1.051631     0.002613
     0.589393     1.051602     0.002693
     0.614989     1.051514     0.002786
     0.640477     1.051545     0.002914
     0.666116     1.051467     0.003072
     0.691569     1.051491     0.003244
     0.717272     1.051423     0.003422
     0.742578     1.051316     0.003593
     0.768368     1.051356     0.003781
     0.793547     1.051131     0.003995
     0.819519     1.051299     0.004404
     0.844661     1.050985     0.005321
     0.870636     1.051305     0.007317
     0.895693     1.050903     0.010948
     0.921443     1.051144     0.017125
     0.946289     1.050652     0.025177
     0.972033     1.051017     0.032045
     0.997368     1.050892     0.037160
     0.000932     1.075164     0.014809
     0.026728     1.075746     0.011815
     0.052347     1.076201     0.007859
     0.078100     1.076489     0.004626
     0.103785     1.076406     0.003278
     0.129414     1.076635     0.002916
     0.155057     1.076568     0.002777
     0.180495     1.076847     0.002646
     0.206117     1.076735     0.002493
     0.231516     1.076983     0.002371
     0.257218     1.076861     0.002259
     0.282681     1.077033     0.002181
     0.308331     1.076912     0.002096
     0.333851     1.077058     0.002025
     0.359367     1.077046     0.001933
     0.384957     1.077114     0.001840
     0.410449     1.077151     0.001744
     0.436115     1.077101     0.001658
     0.461616     1.077173     0.001598
     0.487247     1.077154     0.001563
     0.512758     1.077161     0.001563
     0.538389     1.077167     0.001599
     0.563889     1.077109     0.001659
     0.589556     1.077144     0.001745
     0.615048     1.077121     0.001840
     0.640636     1.077039     0.001933
     0.666154     1.077065     0.002027
     0.691673     1.076905     0.002100
     0.717323     1.077041     0.002186
     0.742788     1.076855     0.002264
     0.768488     1.076992     0.002376
     0.793891     1.076731     0.002496
     0.819510     1.076858     0.002649
     0.844950     1.076566     0.002779
     0.870588     1.076648     0.002917
     0.896224     1.076407     0.003278
     0.921904     1.076500     0.004632
     0.947658     1.076205     0.007877
     0.973276     1.075748     0.011845
     0.999074     1.075164     0.014847
     0.001952     1.101895     0.004542
     0.027193     1.101822     0.003370
     0.052861     1.101775     0.002192
     0.078313     1.101998     0.001629
     0.103917     1.101992     0.001612
     0.129241     1.102202     0.001696
     0.154877     1.102159     0.001736
     0.180255     1.102343     0.001702
     0.206037     1.102283     0.001654
     0.231415     1.102421     0.001589
     0.257223     1.102323     0.001541
     0.282543     1.102519     0.001497
     0.308341     1.102452     0.001447
     0.333622     1.102612     0.001396
     0.359462     1.102541     0.001324
     0.384806     1.102617     0.001244
     0.410605     1.102583     0.001149
     0.435996     1.102641     0.001079
     0.461688     1.102650     0.001020
     0.487171     1.102649     0.000996
     0.512832     1.102646     0.000996
     0.538314     1.102653     0.001020
     0.564006     1.102636     0.001080
     0.589398     1.102584     0.001150
     0.615196     1.102613     0.001245
     0.640542     1.102545     0.001326
     0.666380     1.102610     0.001400
     0.691661     1.102455     0.001450
     0.717458     1.102517     0.001500
     0.742775     1.102329     0.001544
     0.768585     1.102419     0.001592
     0.793961     1.102287     0.001656
     0.819744     1.102340     0.001705
     0.845119     1.102166     0.001738
     0.870761     1.102198     0.001696
     0.896079     1.101997     0.001611
     0.921688     1.101995     0.001629
     0.947139     1.101777     0.002199
     0.972808     1.101824     0.003385
     0.998047     1.101900     0.004563
     0.000729     1.126519     0.002463
     0.026497     1.126942     0.001952
     0.052030     1.127157     0.001496
     0.077761     1.127454     0.001147
     0.103339     1.127581     0.000978
     0.129046     1.127733     0.000979
     0.154616     1.127732     0.001042
     0.180284     1.127820     0.001079
     0.205829     1.127809     0.001083
     0.231433     1.127941     0.001054
     0.256956     1.127924     0.001026
     0.282526     1.128036     0.000988
     0.308120     1.127987     0.000954
     0.333697     1.128091     0.000908
     0.359308     1.128016     0.000852
     0.384852     1.128150     0.000787
     0.410448     1.128077     0.000715
     0.436001     1.128176     0.000661
     0.461627     1.128111     0.000617
     0.487203     1.128160     0.000599
     0.512801     1.128165     0.000599
     0.538378     1.128107     0.000617
     0.564004     1.128182     0.000661
     0.589556     1.128072     0.000715
     0.615152     1.128156     0.000789
     0.640695     1.128010     0.000854
     0.666308     1.128097     0.000911
     0.691884     1.127982     0.000957
     0.717479     1.128045     0.000989
     0.743049     1.127918     0.001027
     0.768573     1.127949     0.001055
     0.794176     1.127805     0.001085
     0.819721     1.127830     0.001082
     0.845390     1.127730     0.001043
     0.870957     1.127744     0.000979
     0.896666     1.127581     0.000978
     0.922244     1.127463     0.001149
     0.947975     1.127158     0.001502
     0.973506     1.126947     0.001961
     0.999275     1.126521     0.002475
     0.001460     1.152923     0.002374
     0.026802     1.152832     0.001885
     0.052433     1.152828     0.001370
     0.077841     1.152950     0.000884
     0.103531     1.152989     0.000613
     0.128989     1.153144     0.000543
     0.154685     1.153167     0.000558
     0.180115     1.153294     0.000589
     0.205797     1.153312     0.000605
     0.231254     1.153414     0.000604
     0.256972     1.153409     0.000595
     0.282442     1.153489     0.000571
     0.308150     1.153477     0.000540
     0.333600     1.153559     0.000498
     0.359321     1.153546     0.000456
     0.384756     1.153602     0.000416
     0.410523     1.153580     0.000382
     0.435940     1.153616     0.000347
     0.461711     1.153599     0.000319
     0.487099     1.153618     0.000299
     0.512903     1.153616     0.000299
     0.538291     1.153599     0.000319
     0.564062     1.153613     0.000347
     0.589480     1.153582     0.000382
     0.615245     1.153599     0.000417
     0.640682     1.153548     0.000459
     0.666401     1.153557     0.000500
     0.691851     1.153480     0.000542
     0.717558     1.153487     0.000572
     0.743029     1.153414     0.000595
     0.768745     1.153413     0.000604
     0.794203     1.153319     0.000606
     0.819884     1.153292     0.000590
     0.845313     1.153174     0.000559
     0.871011     1.153140     0.000544
     0.896469     1.152995     0.000614
     0.922159     1.152946     0.000887
     0.947566     1.152833     0.001376
     0.973200     1.152833     0.001893
     0.998542     1.152926     0.002383
     0.000605     1.177771     0.002174
     0.026331     1.178098     0.001749
     0.051845     1.178282     0.001246
     0.077543     1.178481     0.000758
     0.103119     1.178571     0.000417
     0.128794     1.178696     0.000262
     0.154376     1.178737     0.000228
     0.180031     1.178840     0.000254
     0.205609     1.178829     0.000286
     0.231241     1.178920     0.000300
     0.256806     1.178911     0.000289
     0.282421     1.178995     0.000264
     0.307999     1.178981     0.000236
     0.333613     1.179040     0.000209
     0.359202     1.179024     0.000193
     0.384809     1.179072     0.000179
     0.410394     1.179062     0.000168
     0.435999     1.179099     0.000144
     0.461598     1.179095     0.000127
     0.487204     1.179098     0.000114
     0.512800     1.179102     0.000114
     0.538406     1.179092     0.000126
     0.564005     1.179103     0.000144
     0.589607     1.179057     0.000168
     0.615195     1.179077     0.000180
     0.640801     1.179019     0.000194
     0.666391     1.179045     0.000210
     0.692004     1.178977     0.000236
     0.717585     1.179001     0.000264
     0.743197     1.178906     0.000288
     0.768766     1.178926     0.000300
     0.794396     1.178826     0.000287
     0.819975     1.178849     0.000255
     0.845629     1.178736     0.000229
     0.871211     1.178705     0.000262
     0.896885     1.178570     0.000419
     0.922464     1.178491     0.000761
     0.948158     1.178281     0.001251
     0.973672     1.178101     0.001755
     0.999398     1.177772     0.002181
     0.001082     1.203938     0.001895
     0.026482     1.203881     0.001554
     0.052122     1.203905     0.001132
     0.077592     1.203925     0.000663
     0.103265     1.203998     0.000306
     0.128772     1.204098     0.000126
     0.154452     1.204151     0.000084
     0.179953     1.204249     0.000101
     0.205641     1.204288     0.000115
     0.231135     1.204367     0.000111
     0.256841     1.204383     0.000094
     0.282334     1.204439     0.000078
     0.308046     1.204447     0.000067
     0.333529     1.204498     0.000063
     0.359246     1.204503     0.000060
     0.384724     1.204538     0.000054
     0.410457     1.204534     0.000048
     0.435929     1.204550     0.000039
     0.461664     1.204546     0.000033
     0.487132     1.204556     0.000031
     0.512870     1.204554     0.000031
     0.538337     1.204547     0.000032
     0.564073     1.204548     0.000038
     0.589547     1.204535     0.000048
     0.615277     1.204536     0.000055
     0.640756     1.204504     0.000060
     0.666472     1.204497     0.000064
     0.691956     1.204448     0.000068
     0.717666     1.204438     0.000078
     0.743161     1.204386     0.000094
     0.768863     1.204367     0.000111
     0.794359     1.204295     0.000115
     0.820047     1.204246     0.000101
     0.845547     1.204156     0.000084
     0.871229     1.204096     0.000127
     0.896735     1.204002     0.000308
     0.922407     1.203923     0.000666
     0.947879     1.203909     0.001137
     0.973519     1.203882     0.001559
     0.998921     1.203941     0.001901
     0.000490     1.228984     0.001594
     0.026182     1.229220     0.001307
     0.051740     1.229346     0.000946
     0.077406     1.229517     0.000557
     0.102966     1.229567     0.000248
     0.128636     1.229670     0.000086
     0.154209     1.229714     0.000033
     0.179874     1.229791     0.000027
     0.205452     1.229805     0.000025
     0.231106     1.229868     0.000018
     0.256682     1.229877     0.000012
     0.282324     1.229936     0.000010
     0.307903     1.229938     0.000010
     0.333541     1.229978     0.000011
     0.359128     1.229977     0.000009
     0.384763     1.230005     0.000007
     0.410350     1.230007     0.000004
     0.435983     1.230030     0.000005
     0.461573     1.230032     0.000005
     0.487206     1.230033     0.000004
     0.512796     1.230038     0.000004
     0.538431     1.230028     0.000005
     0.564019     1.230034     0.000005
     0.589651     1.230004     0.000004
     0.615240     1.230010     0.000007
     0.640874     1.229973     0.000010
     0.666462     1.229984     0.000011
     0.692100     1.229935     0.000010
     0.717681     1.229941     0.000010
     0.743321     1.229873     0.000012
     0.768899     1.229874     0.000018
     0.794553     1.229801     0.000025
     0.820131     1.229800     0.000027
     0.845797     1.229713     0.000033
     0.871368     1.229678     0.000086
     0.897039     1.229568     0.000250
     0.922597     1.229523     0.000559
     0.948265     1.229347     0.000950
     0.973821     1.229222     0.001312
     0.999512     1.228985     0.001599
     0.000807     1.254949     0.001322
     0.026270     1.254907     0.001084
     0.051893     1.254929     0.000788
     0.077417     1.254936     0.000459
     0.103089     1.255003     0.000209
     0.128614     1.255075     0.000070
     0.154294     1.255129     0.000014
     0.179821     1.255203     0.000001
     0.205506     1.255251     0.000000
     0.231030     1.255311     0.000000
     0.256725     1.255339     0.000000
     0.282247     1.255379     0.000000
     0.307949     1.255396     0.000000
     0.333470     1.255430     0.000000
     0.359173     1.255442     0.000000
     0.384692     1.255465     0.000000
     0.410399     1.255469     0.000000
     0.435918     1.255477     0.000000
     0.461629     1.255478     0.000000
     0.487146     1.255484     0.000000
     0.512857     1.255482     0.000000
     0.538372     1.255478     0.000000
     0.564085     1.255477     0.000000
     0.589602     1.255468     0.000000
     0.615310     1.255464     0.000000
     0.640829     1.255443     0.000000
     0.666531     1.255428     0.000000
     0.692053     1.255397     0.000000
     0.717751     1.255378     0.000000
     0.743278     1.255342     0.000000
     0.768968     1.255310     0.000000
     0.794494     1.255256     0.000000
     0.820178     1.255201     0.000001
     0.845706     1.255133     0.000014
     0.871386     1.255073     0.000070
     0.896913     1.255006     0.000209
     0.922584     1.254935     0.000461
     0.948108     1.254932     0.000791
     0.973733     1.254910     0.001088
     0.999197     1.254952     0.001326
     0.000407     1.280136     0.001082
     0.026080     1.280305     0.000886
     0.051662     1.280394     0.000643
     0.077303     1.280522     0.000387
     0.102860     1.280571     0.000181
     0.128523     1.280646     0.000063
     0.154094     1.280687     0.000013
     0.179756     1.280746     0.000001
     0.205337     1.280767     0.000000
     0.230998     1.280814     0.000000
     0.256581     1.280829     0.000000
     0.282239     1.280871     0.000000
     0.307824     1.280880     0.000000
     0.333477     1.280908     0.000000
     0.359069     1.280912     0.000000
     0.384718     1.280931     0.000000
     0.410314     1.280937     0.000000
     0.435961     1.280951     0.000000
     0.461556     1.280956     0.000000
     0.487203     1.280956     0.000000
     0.512799     1.280961     0.000000
     0.538447     1.280952     0.000000
     0.564040     1.280955     0.000000
     0.589689     1.280935     0.000000
     0.615283     1.280936     0.000000
     0.640933     1.280909     0.000000
     0.666526     1.280913     0.000000
     0.692178     1.280878     0.000000
     0.717766     1.280874     0.000000
     0.743420     1.280826     0.000000
     0.769006     1.280818     0.000000
     0.794668     1.280764     0.000000
     0.820248     1.280753     0.000001
     0.845911     1.280687     0.000013
     0.871481     1.280653     0.000063
     0.897144     1.280570     0.000182
     0.922701     1.280526     0.000388
     0.948341     1.280394     0.000645
     0.973922     1.280306     0.000888
     0.999595     1.280138     0.001085
     0.000609     1.305941     0.000896
     0.026116     1.305914     0.000744
     0.051730     1.305940     0.000557
     0.077281     1.305959     0.000344
     0.102956     1.306002     0.000172
     0.128497     1.306061     0.000064
     0.154171     1.306110     0.000015
     0.179717     1.306165     0.000002
     0.205395     1.306209     0.000000
     0.230943     1.306253     0.000000
     0.256627     1.306284     0.000000
     0.282177     1.306311     0.000000
     0.307867     1.306332     0.000000
     0.333419     1.306354     0.000000
     0.359109     1.306368     0.000000
     0.384661     1.306384     0.000000
     0.410353     1.306388     0.000000
     0.435906     1.306396     0.000000
     0.461600     1.306397     0.000000
     0.487153     1.306401     0.000000
     0.512848     1.306398     0.000000
     0.538400     1.306398     0.000000
     0.564096     1.306395     0.000000
     0.589647     1.306389     0.000000
     0.615340     1.306382     0.000000
     0.640893     1.306369     0.000000
     0.666581     1.306352     0.000000
     0.692135     1.306333     0.000000
     0.717821     1.306311     0.000000
     0.743376     1.306285     0.000000
     0.769055     1.306251     0.000000
     0.794606     1.306214     0.000000
     0.820281     1.306163     0.000002
     0.845831     1.306113     0.000015
     0.871502     1.306060     0.000065
     0.897047     1.306004     0.000172
     0.922719     1.305959     0.000345
     0.948273     1.305944     0.000558
     0.973885     1.305917     0.000746
     0.999393     1.305943     0.000898
     0.000346     1.331244     0.000752
     0.026003     1.331364     0.000645
     0.051587     1.331434     0.000505
     0.077224     1.331509     0.000338
     0.102781     1.331568     0.000183
     0.128430     1.331625     0.000077
     0.154007     1.331662     0.000022
     0.179662     1.331704     0.000003
     0.205252     1.331723     0.000000
     0.230910     1.331758     0.000000
     0.256508     1.331770     0.000000
     0.282166     1.331803     0.000000
     0.307764     1.331808     0.000000
     0.333422     1.331831     0.000000
     0.359024     1.331836     0.000000
     0.384681     1.331848     0.000000
     0.410285     1.331855     0.000000
     0.435940     1.331864     0.000000
     0.461544     1.331869     0.000000
     0.487198     1.331869     0.000000
     0.512803     1.331873     0.000000
     0.538457     1.331865     0.000000
     0.564061     1.331868     0.000000
     0.589718     1.331854     0.000000
     0.615321     1.331851     0.000000
     0.640978     1.331835     0.000000
     0.666580     1.331833     0.000000
     0.692238     1.331809     0.000000
     0.717837     1.331802     0.000000
     0.743494     1.331770     0.000000
     0.769093     1.331761     0.000000
     0.794751     1.331721     0.000000
     0.820342     1.331709     0.000003
     0.845996     1.331661     0.000022
     0.871573     1.331630     0.000077
     0.897222     1.331568     0.000184
     0.922779     1.331512     0.000339
     0.948414     1.331435     0.000506
     0.974000     1.331366     0.000646
     0.999656     1.331246     0.000753
     0.000462     1.356925     0.000683
     0.025997     1.356919     0.000627
     0.051617     1.356942     0.000522
     0.077182     1.356976     0.000365
     0.102837     1.357009     0.000211
     0.128402     1.357055     0.000096
     0.154061     1.357093     0.000031
     0.179633     1.357130     0.000005
     0.205298     1.357166     0.000000
     0.230875     1.357194     0.000000
     0.256544     1.357221     0.000000
     0.282123     1.357239     0.000000
     0.307799     1.357258     0.000000
     0.333378     1.357273     0.000000
     0.359057     1.357284     0.000000
     0.384636     1.357295     0.000000
     0.410316     1.357300     0.000000
     0.435896     1.357305     0.000000
     0.461579     1.357306     0.000000
     0.487159     1.357309     0.000000
     0.512841     1.357307     0.000000
     0.538422     1.357308     0.000000
     0.564105     1.357302     0.000000
     0.589684     1.357300     0.000000
     0.615363     1.357295     0.000000
     0.640945     1.357285     0.000000
     0.666622     1.357270     0.000000
     0.692203     1.357259     0.000000
     0.717876     1.357240     0.000000
     0.743457     1.357222     0.000000
     0.769125     1.357193     0.000000
     0.794702     1.357169     0.000000
     0.820366     1.357129     0.000005
     0.845939     1.357095     0.000031
     0.871598     1.357054     0.000096
     0.897165     1.357012     0.000211
     0.922819     1.356977     0.000366
     0.948385     1.356945     0.000523
     0.974004     1.356921     0.000628
     0.999539     1.356928     0.000683
     0.000290     1.382324     0.000745
     0.025937     1.382402     0.000698
     0.051520     1.382459     0.000579
     0.077149     1.382507     0.000415
     0.102705     1.382573     0.000243
     0.128342     1.382607     0.000111
     0.153937     1.382635     0.000035
     0.179583     1.382661     0.000005
     0.205189     1.382675     0.000000
     0.230842     1.382697     0.000000
     0.256452     1.382705     0.000000
     0.282109     1.382727     0.000000
     0.307720     1.382732     0.000000
     0.333379     1.382746     0.000000
     0.358992     1.382750     0.000000
     0.384650     1.382759     0.000000
     0.410265     1.382763     0.000000
     0.435923     1.382770     0.000000
     0.461535     1.382772     0.000000
     0.487193     1.382773     0.000000
     0.512807     1.382775     0.000000
     0.538466     1.382770     0.000000
     0.564078     1.382772     0.000000
     0.589736     1.382764     0.000000
     0.615352     1.382760     0.000000
     0.641009     1.382749     0.000000
     0.666622     1.382749     0.000000
     0.692280     1.382732     0.000000
     0.717893     1.382726     0.000000
     0.743549     1.382707     0.000000
     0.769159     1.382699     0.000000
     0.794813     1.382673     0.000000
     0.820419     1.382664     0.000005
     0.846066     1.382634     0.000035
     0.871660     1.382611     0.000111
     0.897296     1.382572     0.000243
     0.922853     1.382510     0.000415
     0.948481     1.382459     0.000580
     0.974064     1.382404     0.000699
     0.999711     1.382326     0.000745
     0.000354     1.407903     0.000965
     0.025907     1.407919     0.000853
     0.051535     1.407946     0.000675
     0.077078     1.408012     0.000461
     0.102717     1.408033     0.000256
     0.128317     1.408047     0.000106
     0.153962     1.408074     0.000028
     0.179565     1.408094     0.000003
     0.205216     1.408118     0.000000
     0.230821     1.408134     0.000000
     0.256478     1.408154     0.000000
     0.282082     1.408163     0.000000
     0.307745     1.408178     0.000000
     0.333350     1.408184     0.000000
     0.359015     1.408194     0.000000
     0.384621     1.408199     0.000000
     0.410286     1.408203     0.000000
     0.435892     1.408207     0.000000
     0.461560     1.408208     0.000000
     0.487167     1.408209     0.000000
     0.512834     1.408207     0.000000
     0.538440     1.408210     0.000000
     0.564109     1.408205     0.000000
     0.589714     1.408204     0.000000
     0.615380     1.408200     0.000000
     0.640984     1.408195     0.000000
     0.666651     1.408184     0.000000
     0.692256     1.408177     0.000000
     0.717917     1.408164     0.000000
     0.743522     1.408153     0.000000
     0.769180     1.408133     0.000000
     0.794783     1.408120     0.000000
     0.820434     1.408092     0.000003
     0.846038     1.408076     0.000028
     0.871683     1.408046     0.000107
     0.897285     1.408034     0.000257
     0.922922     1.408013     0.000462
     0.948467     1.407948     0.000676
     0.974094     1.407921     0.000854
     0.999648     1.407905     0.000965
     0.000235     1.433384     0.001176
     0.025882     1.433425     0.000983
     0.051408     1.433514     0.000743
     0.077026     1.433554     0.000468
     0.102638     1.433562     0.000233
     0.128265     1.433588     0.000081
     0.153884     1.433598     0.000015
     0.179521     1.433612     0.000001
     0.205147     1.433620     0.000000
     0.230792     1.433629     0.000000
     0.256419     1.433637     0.000000
     0.282069     1.433644     0.000000
     0.307696     1.433650     0.000000
     0.333349     1.433656     0.000000
     0.358974     1.433659     0.000000
     0.384629     1.433662     0.000000
     0.410255     1.433666     0.000000
     0.435908     1.433668     0.000000
     0.461534     1.433669     0.000000
     0.487187     1.433671     0.000000
     0.512814     1.433672     0.000000
     0.538466     1.433668     0.000000
     0.564093     1.433670     0.000000
     0.589745     1.433666     0.000000
     0.615373     1.433664     0.000000
     0.641026     1.433658     0.000000
     0.666653     1.433657     0.000000
     0.692305     1.433650     0.000000
     0.717933     1.433645     0.000000
     0.743582     1.433635     0.000000
     0.769208     1.433632     0.000000
     0.794855     1.433618     0.000000
     0.820480     1.433614     0.000001
     0.846117     1.433597     0.000015
     0.871736     1.433590     0.000081
     0.897362     1.433562     0.000234
     0.922975     1.433555     0.000469
     0.948593     1.433516     0.000744
     0.974118     1.433425     0.000984
     0.999765     1.433385     0.001177
     0.000267     1.458878     0.001248
     0.025784     1.458984     0.001001
     0.051357     1.459029     0.000726
     0.076994     1.459008     0.000421
     0.102618     1.459034     0.000172
     0.128248     1.459028     0.000041
     0.153887     1.459046     0.000003
     0.179514     1.459050     0.000000
     0.205159     1.459063     0.000000
     0.230784     1.459069     0.000000
     0.256432     1.459079     0.000000
     0.282057     1.459083     0.000000
     0.307709     1.459090     0.000000
     0.333334     1.459093     0.000000
     0.358987     1.459098     0.000000
     0.384613     1.459101     0.000000
     0.410266     1.459103     0.000000
     0.435893     1.459104     0.000000
     0.461546     1.459106     0.000000
     0.487174     1.459105     0.000000
     0.512827     1.459104     0.000000
     0.538454     1.459106     0.000000
     0.564107     1.459104     0.000000
     0.589734     1.459102     0.000000
     0.615388     1.459100     0.000000
     0.641013     1.459099     0.000000
     0.666666     1.459092     0.000000
     0.692292     1.459090     0.000000
     0.717943     1.459082     0.000000
     0.743568     1.459080     0.000000
     0.769217     1.459069     0.000000
     0.794842     1.459064     0.000000
     0.820485     1.459049     0.000000
     0.846114     1.459046     0.000003
     0.871751     1.459028     0.000042
     0.897384     1.459035     0.000173
     0.923004     1.459008     0.000422
     0.948645     1.459031     0.000727
     0.974218     1.458985     0.001002
     0.999735     1.458879     0.001249
     0.000070     1.484522     0.001205
     0.025625     1.484561     0.000934
     0.051320     1.484535     0.000637
     0.076926     1.484547     0.000325
     0.102581     1.484546     0.000097
     0.128207     1.484550     0.000012
     0.153851     1.484553     0.000000
     0.179486     1.484554     0.000000
     0.205127     1.484556     0.000000
     0.230767     1.484557     0.000000
     0.256408     1.484559     0.000000
     0.282049     1.484559     0.000000
     0.307690     1.484561     0.000000
     0.333333     1.484562     0.000000
     0.358972     1.484563     0.000000
     0.384615     1.484563     0.000000
     0.410255     1.484564     0.000000
     0.435897     1.484564     0.000000
     0.461538     1.484564     0.000000
     0.487181     1.484565     0.000000
     0.512820     1.484565     0.000000
     0.538463     1.484564     0.000000
     0.564102     1.484564     0.000000
     0.589746     1.484564     0.000000
     0.615384     1.484564     0.000000
     0.641028     1.484562     0.000000
     0.666667     1.484562     0.000000
     0.692311     1.484561     0.000000
     0.717950     1.484560     0.000000
     0.743593     1.484559     0.000000
     0.769232     1.484557     0.000000
     0.794874     1.484556     0.000000
     0.820514     1.484554     0.000000
     0.846150     1.484553     0.000000
     0.871793     1.484550     0.000012
     0.897419     1.484546     0.000097
     0.923074     1.484547     0.000326
     0.948680     1.484535     0.000638
     0.974375     1.484561     0.000935
     0.999931     1.484522     0.001206
     0.000000     1.510000     0.001070
     0.025641     1.510000     0.000797
     0.051282     1.510000     0.000493
     0.076923     1.510000     0.000194
     0.102564     1.510000     0.000035
     0.128205     1.510000     0.000002
     0.153846     1.510000     0.000000
     0.179487     1.510000     0.000000
     0.205128     1.510000     0.000000
     0.230769     1.510000     0.000000
     0.256410     1.510000     0.000000
     0.282051     1.510000     0.000000
     0.307692     1.510000     0.000000
     0.333333     1.510000     0.000000
     0.358974     1.510000     0.000000
     0.384615     1.510000     0.000000
     0.410256     1.510000     0.000000
     0.435897     1.510000     0.000000
     0.461538     1.510000     0.000000
     0.487179     1.510000     0.000000
     0.512821     1.510000     0.000000
     0.538462     1.510000     0.000000
     0.564103     1.510000     0.000000
     0.589744     1.510000     0.000000
     0.615385     1.510000     0.000000
     0.641026     1.510000     0.000000
     0.666667     1.510000     0.000000
     0.692308     1.510000     0.000000
     0.717949     1.510000     0.000000
     0.743590     1.510000     0.000000
     0.769231     1.510000     0.000000
     0.794872     1.510000     0.000000
     0.820513     1.510000     0.000000
     0.846154     1.510000     0.000000
     0.871795     1.510000     0.000002
     0.897436     1.510000     0.000035
     0.923077     1.510000     0.000195
     0.948718     1.510000     0.000494
     0.974359     1.510000     0.000798
     1.000000     1.510000     0.001071
