     0.000000    -0.009999     0.000567
     0.025641    -0.009999     0.000488
     0.051282    -0.009999     0.000422
     0.076923    -0.009999     0.000363
     0.102564    -0.009999     0.000304
     0.128205    -0.009999     0.000237
     0.153846    -0.009999     0.000160
     0.179487    -0.009999     0.000079
     0.205128    -0.009999     0.000024
     0.230769    -0.009999     0.000003
     0.256410    -0.009999     0.000000
     0.282051    -0.009999     0.000000
     0.307692    -0.009999     0.000000
     0.333333    -0.009999     0.000000
     0.358974    -0.009999     0.000000
     0.384615    -0.009999     0.000000
     0.410256    -0.009999     0.000000
     0.435897    -0.009999     0.000000
     0.461538    -0.009999     0.000000
     0.487179    -0.009999     0.000000
     0.512821    -0.009999     0.000000
     0.538462    -0.009999     0.000000
     0.564103    -0.009999     0.000000
     0.589744    -0.009999     0.000000
     0.615385    -0.009999     0.000000
     0.641026    -0.009999     0.000000
     0.666667    -0.009999     0.000000
     0.692308    -0.009999     0.000000
     0.717949    -0.009999     0.000000
     0.743590    -0.009999     0.000000
     0.769231    -0.009999     0.000003
     0.794872    -0.009999     0.000024
     0.820513    -0.009999     0.000079
     0.846154    -0.009999     0.000160
     0.871795    -0.009999     0.000237
     0.897436    -0.009999     0.000304
     0.923077    -0.009999     0.000363
     0.948718    -0.009999     0.000422
     0.974359    -0.009999     0.000488
     1.000000    -0.009999     0.000567
     0.000088     0.015491     0.000525
     0.025627     0.015443     0.000451
     0.051329     0.015474     0.000390
     0.076929     0.015461     0.000337
     0.102588     0.015462     0.000286
     0.128211     0.015458     0.000230
     0.153856     0.015455     0.000163
     0.179490     0.015453     0.000090
     0.205132     0.015452     0.000034
     0.230772     0.015450     0.000008
     0.256412     0.015448     0.000001
     0.282054     0.015447     0.000000
     0.307693     0.015446     0.000000
     0.333336     0.015444     0.000000
     0.358974     0.015444     0.000000
     0.384617     0.015443     0.000000
     0.410256     0.015442     0.000000
     0.435899     0.015442     0.000000
     0.461537     0.015442     0.000000
     0.487182     0.015442     0.000000
     0.512819     0.015442     0.000000
     0.538464     0.015442     0.000000
     0.564101     0.015442     0.000000
     0.589745     0.015442     0.000000
     0.615384     0.015443     0.000000
     0.641027     0.015444     0.000000
     0.666665     0.015444     0.000000
     0.692308     0.015446     0.000000
     0.717948     0.015447     0.000000
     0.743589     0.015448     0.000001
     0.769229     0.015450     0.000008
     0.794868     0.015451     0.000034
     0.820510     0.015453     0.000090
     0.846144     0.015455     0.000163
     0.871790     0.015457     0.000230
     0.897413     0.015461     0.000286
     0.923072     0.015460     0.000336
     0.948672     0.015473     0.000389
     0.974373     0.015443     0.000450
     0.999914     0.015490     0.000524
     0.000310     0.041184     0.000496
     0.025825     0.041053     0.000425
     0.051382     0.041006     0.000367
     0.077024     0.041023     0.000318
     0.102635     0.040993     0.000269
     0.128272     0.040996     0.000217
     0.153900     0.040977     0.000157
     0.179532     0.040973     0.000092
     0.205169     0.040959     0.000040
     0.230798     0.040955     0.000012
     0.256441     0.040945     0.000002
     0.282068     0.040942     0.000000
     0.307716     0.040934     0.000000
     0.333342     0.040933     0.000000
     0.358994     0.040927     0.000000
     0.384619     0.040926     0.000000
     0.410272     0.040921     0.000000
     0.435896     0.040921     0.000000
     0.461551     0.040919     0.000000
     0.487173     0.040919     0.000000
     0.512829     0.040919     0.000000
     0.538452     0.040919     0.000000
     0.564107     0.040922     0.000000
     0.589730     0.040921     0.000000
     0.615383     0.040926     0.000000
     0.641009     0.040926     0.000000
     0.666660     0.040933     0.000000
     0.692287     0.040934     0.000000
     0.717935     0.040942     0.000000
     0.743562     0.040944     0.000002
     0.769205     0.040954     0.000012
     0.794834     0.040958     0.000040
     0.820471     0.040973     0.000092
     0.846102     0.040976     0.000157
     0.871731     0.040995     0.000217
     0.897368     0.040991     0.000269
     0.922979     0.041021     0.000317
     0.948621     0.041003     0.000366
     0.974179     0.041051     0.000423
     0.999694     0.041179     0.000494
     0.000296     0.066659     0.000483
     0.025924     0.066624     0.000413
     0.051446     0.066529     0.000355
     0.077058     0.066487     0.000304
     0.102674     0.066476     0.000256
     0.128291     0.066450     0.000205
     0.153914     0.066440     0.000147
     0.179544     0.066425     0.000086
     0.205172     0.066417     0.000041
     0.230812     0.066405     0.000014
     0.256440     0.066399     0.000003
     0.282085     0.066388     0.000000
     0.307712     0.066384     0.000000
     0.333361     0.066375     0.000000
     0.358985     0.066373     0.000000
     0.384637     0.066366     0.000000
     0.410260     0.066366     0.000000
     0.435914     0.066362     0.000000
     0.461536     0.066362     0.000000
     0.487192     0.066361     0.000000
     0.512813     0.066360     0.000000
     0.538469     0.066362     0.000000
     0.564091     0.066361     0.000000
     0.589745     0.066366     0.000000
     0.615368     0.066366     0.000000
     0.641020     0.066373     0.000000
     0.666644     0.066374     0.000000
     0.692293     0.066383     0.000000
     0.717919     0.066387     0.000000
     0.743565     0.066398     0.000003
     0.769192     0.066404     0.000014
     0.794833     0.066416     0.000040
     0.820460     0.066424     0.000086
     0.846091     0.066438     0.000147
     0.871714     0.066449     0.000205
     0.897331     0.066474     0.000255
     0.922947     0.066485     0.000303
     0.948559     0.066525     0.000354
     0.974082     0.066621     0.000411
     0.999710     0.066655     0.000481
     0.000410     0.092210     0.000486
     0.025972     0.092165     0.000415
     0.051585     0.092126     0.000354
     0.077131     0.092046     0.000301
     0.102752     0.092024     0.000248
     0.128361     0.092003     0.000194
     0.153991     0.091974     0.000136
     0.179602     0.091955     0.000079
     0.205240     0.091928     0.000038
     0.230849     0.091917     0.000014
     0.256496     0.091895     0.000004
     0.282104     0.091890     0.000000
     0.307760     0.091872     0.000000
     0.333367     0.091870     0.000000
     0.359028     0.091856     0.000000
     0.384633     0.091856     0.000000
     0.410298     0.091845     0.000000
     0.435900     0.091846     0.000000
     0.461568     0.091840     0.000000
     0.487168     0.091841     0.000000
     0.512837     0.091841     0.000000
     0.538437     0.091840     0.000000
     0.564105     0.091846     0.000000
     0.589707     0.091845     0.000000
     0.615372     0.091855     0.000000
     0.640977     0.091856     0.000000
     0.666639     0.091869     0.000000
     0.692245     0.091872     0.000000
     0.717901     0.091889     0.000000
     0.743509     0.091894     0.000004
     0.769157     0.091915     0.000014
     0.794765     0.091926     0.000038
     0.820404     0.091953     0.000079
     0.846014     0.091971     0.000135
     0.871645     0.092000     0.000193
     0.897253     0.092021     0.000247
     0.922876     0.092043     0.000300
     0.948421     0.092121     0.000353
     0.974035     0.092160     0.000413
     0.999597     0.092202     0.000484
     0.000382     0.117734     0.000500
     0.026007     0.117678     0.000425
     0.051592     0.117615     0.000360
     0.077208     0.117571     0.000301
     0.102769     0.117498     0.000244
     0.128392     0.117463     0.000186
     0.153989     0.117435     0.000125
     0.179625     0.117408     0.000071
     0.205232     0.117393     0.000035
     0.230877     0.117368     0.000013
     0.256487     0.117359     0.000004
     0.282138     0.117335     0.000000
     0.307748     0.117328     0.000000
     0.333401     0.117309     0.000000
     0.359010     0.117308     0.000000
     0.384667     0.117294     0.000000
     0.410274     0.117296     0.000000
     0.435934     0.117286     0.000000
     0.461540     0.117288     0.000000
     0.487202     0.117285     0.000000
     0.512807     0.117284     0.000000
     0.538469     0.117288     0.000000
     0.564075     0.117285     0.000000
     0.589735     0.117295     0.000000
     0.615342     0.117293     0.000000
     0.640999     0.117308     0.000000
     0.666608     0.117309     0.000000
     0.692261     0.117328     0.000000
     0.717871     0.117333     0.000000
     0.743521     0.117357     0.000004
     0.769132     0.117366     0.000013
     0.794776     0.117391     0.000034
     0.820383     0.117406     0.000071
     0.846020     0.117432     0.000124
     0.871617     0.117461     0.000185
     0.897240     0.117495     0.000244
     0.922801     0.117567     0.000300
     0.948419     0.117611     0.000359
     0.974004     0.117671     0.000424
     0.999630     0.117726     0.000498
     0.000512     0.143231     0.000516
     0.026071     0.143198     0.000439
     0.051682     0.143160     0.000370
     0.077250     0.143111     0.000305
     0.102892     0.143075     0.000242
     0.128466     0.143024     0.000178
     0.154106     0.142981     0.000117
     0.179685     0.142946     0.000066
     0.205333     0.142906     0.000031
     0.230915     0.142885     0.000012
     0.256573     0.142852     0.000003
     0.282155     0.142843     0.000000
     0.307823     0.142818     0.000000
     0.333403     0.142814     0.000000
     0.359077     0.142793     0.000000
     0.384655     0.142792     0.000000
     0.410334     0.142775     0.000000
     0.435908     0.142778     0.000000
     0.461591     0.142768     0.000000
     0.487163     0.142768     0.000000
     0.512846     0.142768     0.000000
     0.538417     0.142767     0.000000
     0.564100     0.142778     0.000000
     0.589674     0.142775     0.000000
     0.615353     0.142791     0.000000
     0.640931     0.142792     0.000000
     0.666605     0.142813     0.000000
     0.692185     0.142817     0.000000
     0.717854     0.142842     0.000000
     0.743435     0.142851     0.000003
     0.769094     0.142883     0.000012
     0.794675     0.142904     0.000031
     0.820324     0.142943     0.000066
     0.845903     0.142977     0.000116
     0.871544     0.143019     0.000177
     0.897117     0.143069     0.000241
     0.922760     0.143105     0.000304
     0.948328     0.143153     0.000369
     0.973940     0.143191     0.000438
     0.999499     0.143221     0.000514
     0.000472     0.168811     0.000517
     0.026100     0.168729     0.000440
     0.051687     0.168667     0.000369
     0.077307     0.168601     0.000302
     0.102869     0.168526     0.000237
     0.128495     0.168482     0.000173
     0.154079     0.168440     0.000114
     0.179718     0.168400     0.000064
     0.205311     0.168378     0.000030
     0.230958     0.168338     0.000012
     0.256554     0.168326     0.000003
     0.282205     0.168288     0.000001
     0.307800     0.168281     0.000001
     0.333454     0.168251     0.000001
     0.359048     0.168251     0.000001
     0.384705     0.168229     0.000001
     0.410298     0.168234     0.000001
     0.435958     0.168217     0.000000
     0.461549     0.168222     0.000000
     0.487211     0.168216     0.000000
     0.512802     0.168217     0.000000
     0.538465     0.168222     0.000000
     0.564055     0.168216     0.000000
     0.589715     0.168233     0.000001
     0.615308     0.168228     0.000001
     0.640965     0.168251     0.000001
     0.666560     0.168250     0.000001
     0.692213     0.168280     0.000001
     0.717808     0.168287     0.000001
     0.743459     0.168324     0.000003
     0.769055     0.168336     0.000011
     0.794701     0.168375     0.000030
     0.820295     0.168397     0.000063
     0.845934     0.168437     0.000113
     0.871518     0.168478     0.000173
     0.897145     0.168522     0.000237
     0.922707     0.168596     0.000301
     0.948328     0.168660     0.000368
     0.973916     0.168721     0.000439
     0.999545     0.168802     0.000516
     0.000641     0.194258     0.000492
     0.026180     0.194233     0.000420
     0.051792     0.194187     0.000353
     0.077366     0.194151     0.000291
     0.103017     0.194117     0.000231
     0.128574     0.194046     0.000173
     0.154225     0.193991     0.000116
     0.179780     0.193940     0.000066
     0.205441     0.193889     0.000033
     0.230994     0.193860     0.000016
     0.256667     0.193816     0.000010
     0.282218     0.193803     0.000008
     0.307902     0.193771     0.000008
     0.333451     0.193764     0.000007
     0.359140     0.193737     0.000007
     0.384685     0.193735     0.000006
     0.410379     0.193714     0.000005
     0.435920     0.193718     0.000004
     0.461619     0.193704     0.000002
     0.487156     0.193705     0.000001
     0.512856     0.193705     0.000001
     0.538392     0.193703     0.000002
     0.564092     0.193718     0.000003
     0.589632     0.193713     0.000005
     0.615327     0.193735     0.000006
     0.640871     0.193736     0.000007
     0.666561     0.193763     0.000007
     0.692110     0.193769     0.000007
     0.717794     0.193801     0.000008
     0.743344     0.193814     0.000009
     0.769018     0.193857     0.000016
     0.794572     0.193886     0.000032
     0.820233     0.193937     0.000065
     0.845787     0.193986     0.000115
     0.871440     0.194041     0.000172
     0.896996     0.194109     0.000231
     0.922648     0.194142     0.000290
     0.948221     0.194178     0.000353
     0.973834     0.194223     0.000419
     0.999373     0.194245     0.000491
     0.000573     0.219911     0.000454
     0.026213     0.219796     0.000389
     0.051796     0.219715     0.000331
     0.077396     0.219620     0.000278
     0.102959     0.219553     0.000230
     0.128602     0.219493     0.000178
     0.154177     0.219449     0.000124
     0.179826     0.219393     0.000076
     0.205406     0.219369     0.000044
     0.231056     0.219312     0.000030
     0.256637     0.219303     0.000028
     0.282287     0.219248     0.000029
     0.307867     0.219243     0.000030
     0.333517     0.219200     0.000029
     0.359099     0.219204     0.000026
     0.384750     0.219172     0.000022
     0.410333     0.219183     0.000019
     0.435984     0.219157     0.000016
     0.461564     0.219167     0.000013
     0.487218     0.219159     0.000010
     0.512799     0.219159     0.000010
     0.538453     0.219167     0.000012
     0.564034     0.219156     0.000015
     0.589685     0.219182     0.000018
     0.615268     0.219171     0.000022
     0.640919     0.219204     0.000025
     0.666501     0.219198     0.000028
     0.692150     0.219241     0.000029
     0.717731     0.219245     0.000028
     0.743380     0.219300     0.000027
     0.768962     0.219309     0.000030
     0.794611     0.219367     0.000044
     0.820192     0.219389     0.000075
     0.845840     0.219445     0.000124
     0.871416     0.219488     0.000177
     0.897060     0.219548     0.000229
     0.922623     0.219614     0.000278
     0.948223     0.219707     0.000330
     0.973806     0.219784     0.000388
     0.999448     0.219900     0.000453
     0.000808     0.245285     0.000427
     0.026315     0.245266     0.000368
     0.051930     0.245236     0.000319
     0.077497     0.245213     0.000277
     0.103156     0.245142     0.000234
     0.128694     0.245062     0.000189
     0.154360     0.244998     0.000143
     0.179888     0.244932     0.000100
     0.205565     0.244875     0.000074
     0.231087     0.244836     0.000066
     0.256780     0.244788     0.000066
     0.282294     0.244768     0.000070
     0.307999     0.244735     0.000072
     0.333508     0.244721     0.000073
     0.359217     0.244693     0.000069
     0.384719     0.244687     0.000062
     0.410435     0.244663     0.000053
     0.435932     0.244669     0.000045
     0.461653     0.244651     0.000042
     0.487146     0.244652     0.000041
     0.512868     0.244652     0.000041
     0.538361     0.244650     0.000041
     0.564082     0.244669     0.000045
     0.589580     0.244662     0.000052
     0.615295     0.244687     0.000061
     0.640798     0.244691     0.000068
     0.666507     0.244720     0.000072
     0.692017     0.244733     0.000071
     0.717721     0.244766     0.000068
     0.743236     0.244785     0.000065
     0.768929     0.244834     0.000065
     0.794451     0.244871     0.000073
     0.820128     0.244927     0.000099
     0.845657     0.244992     0.000142
     0.871323     0.245055     0.000188
     0.896861     0.245133     0.000233
     0.922520     0.245203     0.000276
     0.948087     0.245224     0.000318
     0.973702     0.245255     0.000367
     0.999208     0.245271     0.000426
     0.000693     0.271049     0.000452
     0.026349     0.270891     0.000392
     0.051892     0.270774     0.000343
     0.077504     0.270637     0.000297
     0.103077     0.270579     0.000258
     0.128725     0.270497     0.000217
     0.154303     0.270458     0.000174
     0.179953     0.270382     0.000138
     0.205528     0.270368     0.000122
     0.231173     0.270287     0.000124
     0.256742     0.270289     0.000133
     0.282382     0.270211     0.000141
     0.307952     0.270215     0.000143
     0.333589     0.270157     0.000141
     0.359165     0.270170     0.000136
     0.384801     0.270126     0.000129
     0.410378     0.270146     0.000121
     0.436009     0.270107     0.000111
     0.461588     0.270125     0.000104
     0.487220     0.270114     0.000100
     0.512802     0.270114     0.000100
     0.538433     0.270126     0.000103
     0.564013     0.270106     0.000111
     0.589644     0.270145     0.000120
     0.615222     0.270124     0.000129
     0.640857     0.270169     0.000135
     0.666434     0.270154     0.000140
     0.692069     0.270213     0.000141
     0.717640     0.270207     0.000139
     0.743280     0.270286     0.000131
     0.768850     0.270282     0.000122
     0.794494     0.270364     0.000121
     0.820069     0.270377     0.000137
     0.845719     0.270453     0.000173
     0.871297     0.270492     0.000215
     0.896946     0.270573     0.000257
     0.922519     0.270630     0.000296
     0.948131     0.270765     0.000342
     0.973674     0.270880     0.000391
     0.999331     0.271036     0.000452
     0.001014     0.296314     0.000813
     0.026480     0.296327     0.000696
     0.052118     0.296323     0.000553
     0.077667     0.296254     0.000415
     0.103333     0.296169     0.000329
     0.128846     0.296062     0.000278
     0.154525     0.296002     0.000241
     0.180018     0.295918     0.000209
     0.205716     0.295865     0.000196
     0.231196     0.295816     0.000205
     0.256915     0.295769     0.000224
     0.282385     0.295738     0.000239
     0.308117     0.295713     0.000246
     0.333573     0.295686     0.000244
     0.359311     0.295663     0.000238
     0.384754     0.295650     0.000233
     0.410502     0.295628     0.000225
     0.435944     0.295632     0.000219
     0.461695     0.295613     0.000211
     0.487133     0.295611     0.000205
     0.512884     0.295612     0.000205
     0.538323     0.295611     0.000211
     0.564073     0.295632     0.000219
     0.589516     0.295626     0.000225
     0.615263     0.295649     0.000232
     0.640707     0.295660     0.000237
     0.666444     0.295685     0.000243
     0.691902     0.295710     0.000245
     0.717633     0.295737     0.000237
     0.743104     0.295765     0.000221
     0.768823     0.295813     0.000202
     0.794303     0.295860     0.000194
     0.820003     0.295913     0.000207
     0.845495     0.295995     0.000240
     0.871175     0.296054     0.000277
     0.896687     0.296159     0.000327
     0.922354     0.296243     0.000414
     0.947902     0.296310     0.000552
     0.973541     0.296314     0.000696
     0.999007     0.296300     0.000814
     0.000806     0.322230     0.002459
     0.026480     0.322010     0.002212
     0.052009     0.321818     0.001777
     0.077669     0.321648     0.001251
     0.103230     0.321604     0.000805
     0.128900     0.321493     0.000519
     0.154465     0.321474     0.000397
     0.180123     0.321367     0.000350
     0.205679     0.321378     0.000338
     0.231319     0.321262     0.000346
     0.256870     0.321290     0.000364
     0.282492     0.321177     0.000383
     0.308057     0.321203     0.000394
     0.333669     0.321122     0.000400
     0.359245     0.321154     0.000402
     0.384855     0.321090     0.000398
     0.410435     0.321127     0.000394
     0.436026     0.321067     0.000389
     0.461628     0.321101     0.000385
     0.487207     0.321082     0.000384
     0.512819     0.321082     0.000384
     0.538398     0.321102     0.000385
     0.564001     0.321066     0.000389
     0.589591     0.321126     0.000394
     0.615172     0.321087     0.000398
     0.640781     0.321153     0.000401
     0.666359     0.321119     0.000399
     0.691969     0.321200     0.000393
     0.717535     0.321173     0.000381
     0.743156     0.321286     0.000362
     0.768708     0.321257     0.000343
     0.794348     0.321374     0.000336
     0.819903     0.321362     0.000348
     0.845562     0.321468     0.000395
     0.871125     0.321487     0.000518
     0.896797     0.321598     0.000805
     0.922357     0.321640     0.001253
     0.948018     0.321809     0.001782
     0.973547     0.321998     0.002219
     0.999222     0.322216     0.002468
     0.001264     0.347342     0.006355
     0.026720     0.347390     0.005920
     0.052395     0.347389     0.005149
     0.077893     0.347271     0.004100
     0.103572     0.347195     0.002918
     0.129042     0.347044     0.001851
     0.154741     0.347014     0.001151
     0.180173     0.346899     0.000819
     0.205899     0.346870     0.000683
     0.231318     0.346801     0.000640
     0.257079     0.346767     0.000635
     0.282503     0.346712     0.000643
     0.308254     0.346714     0.000653
     0.333654     0.346658     0.000665
     0.359421     0.346655     0.000675
     0.384771     0.346619     0.000678
     0.410589     0.346617     0.000684
     0.435946     0.346602     0.000683
     0.461744     0.346595     0.000685
     0.487112     0.346581     0.000686
     0.512909     0.346583     0.000687
     0.538277     0.346593     0.000686
     0.564074     0.346603     0.000683
     0.589432     0.346615     0.000684
     0.615247     0.346618     0.000678
     0.640600     0.346651     0.000674
     0.666367     0.346657     0.000664
     0.691768     0.346710     0.000652
     0.717519     0.346710     0.000641
     0.742942     0.346763     0.000633
     0.768705     0.346798     0.000638
     0.794121     0.346865     0.000681
     0.819852     0.346894     0.000816
     0.845283     0.347007     0.001150
     0.870983     0.347035     0.001854
     0.896452     0.347184     0.002928
     0.922132     0.347259     0.004116
     0.947629     0.347375     0.005171
     0.973305     0.347376     0.005946
     0.998760     0.347328     0.006384
     0.000924     0.373407     0.011975
     0.026626     0.373085     0.011339
     0.052182     0.372839     0.010354
     0.077887     0.372639     0.009014
     0.103452     0.372638     0.007326
     0.129132     0.372475     0.005415
     0.154683     0.372522     0.003653
     0.180351     0.372359     0.002459
     0.205876     0.372436     0.001766
     0.231503     0.372235     0.001378
     0.257045     0.372303     0.001184
     0.282605     0.372148     0.001099
     0.308187     0.372230     0.001080
     0.333750     0.372082     0.001084
     0.359348     0.372211     0.001098
     0.384922     0.372050     0.001112
     0.410497     0.372138     0.001124
     0.436024     0.372034     0.001134
     0.461691     0.372100     0.001145
     0.487173     0.372061     0.001150
     0.512858     0.372061     0.001150
     0.538339     0.372100     0.001145
     0.564007     0.372032     0.001135
     0.589532     0.372137     0.001125
     0.615111     0.372048     0.001113
     0.640682     0.372208     0.001099
     0.666281     0.372078     0.001085
     0.691842     0.372226     0.001080
     0.717426     0.372144     0.001099
     0.742985     0.372299     0.001183
     0.768527     0.372230     0.001377
     0.794159     0.372429     0.001766
     0.819678     0.372352     0.002463
     0.845350     0.372516     0.003664
     0.870896     0.372469     0.005436
     0.896581     0.372633     0.007356
     0.922143     0.372631     0.009052
     0.947850     0.372830     0.010399
     0.973404     0.373073     0.011389
     0.999107     0.373392     0.012030
     0.001638     0.398361     0.018104
     0.027074     0.398402     0.017256
     0.052779     0.398433     0.016203
     0.078151     0.398248     0.014881
     0.103892     0.398223     0.013175
     0.129254     0.398006     0.011006
     0.155004     0.398046     0.008492
     0.180290     0.397880     0.006197
     0.206160     0.397912     0.004530
     0.231476     0.397771     0.003361
     0.257342     0.397850     0.002573
     0.282624     0.397716     0.002092
     0.308463     0.397773     0.001836
     0.333695     0.397649     0.001730
     0.359564     0.397677     0.001705
     0.384822     0.397600     0.001718
     0.410691     0.397696     0.001738
     0.435997     0.397556     0.001761
     0.461736     0.397619     0.001773
     0.487165     0.397558     0.001781
     0.512858     0.397560     0.001781
     0.538289     0.397614     0.001774
     0.564026     0.397559     0.001762
     0.589336     0.397692     0.001741
     0.615200     0.397600     0.001721
     0.640460     0.397672     0.001708
     0.666328     0.397647     0.001733
     0.691563     0.397770     0.001838
     0.717401     0.397713     0.002095
     0.742682     0.397847     0.002578
     0.768552     0.397762     0.003370
     0.793863     0.397910     0.004545
     0.819738     0.397873     0.006220
     0.845020     0.398039     0.008525
     0.870774     0.397997     0.011049
     0.896135     0.398210     0.013227
     0.921878     0.398236     0.014940
     0.947248     0.398419     0.016268
     0.972955     0.398388     0.017327
     0.998391     0.398346     0.018181
     0.001087     0.424582     0.023824
     0.026821     0.424079     0.022786
     0.052435     0.423893     0.021760
     0.078145     0.423585     0.020631
     0.103789     0.423692     0.019219
     0.129407     0.423465     0.017326
     0.155011     0.423704     0.014807
     0.180586     0.423337     0.011896
     0.206161     0.423494     0.009322
     0.231615     0.423199     0.007248
     0.257270     0.423375     0.005613
     0.282713     0.423151     0.004393
     0.308426     0.423335     0.003534
     0.333885     0.423124     0.002994
     0.359490     0.423259     0.002699
     0.384973     0.423098     0.002575
     0.410541     0.423092     0.002548
     0.436166     0.423155     0.002560
     0.461666     0.423054     0.002576
     0.487313     0.423111     0.002587
     0.512725     0.423107     0.002588
     0.538370     0.423055     0.002579
     0.563867     0.423151     0.002563
     0.589493     0.423091     0.002552
     0.615063     0.423098     0.002580
     0.640548     0.423256     0.002705
     0.666146     0.423119     0.003003
     0.691609     0.423328     0.003547
     0.717319     0.423148     0.004411
     0.742772     0.423368     0.005637
     0.768415     0.423196     0.007280
     0.793877     0.423487     0.009363
     0.819448     0.423330     0.011945
     0.845026     0.423697     0.014864
     0.870627     0.423457     0.017391
     0.896247     0.423688     0.019291
     0.921889     0.423576     0.020709
     0.947599     0.423884     0.021844
     0.973213     0.424065     0.022876
     0.998946     0.424566     0.023920
     0.002320     0.449413     0.028699
     0.027561     0.449283     0.027510
     0.053404     0.449554     0.026533
     0.078334     0.449139     0.025640
     0.104291     0.449273     0.024628
     0.129219     0.448969     0.023243
     0.155362     0.449111     0.021200
     0.180442     0.448831     0.018399
     0.206578     0.449073     0.015420
     0.231658     0.448805     0.012718
     0.257603     0.448950     0.010385
     0.282752     0.448760     0.008430
     0.308576     0.448763     0.006845
     0.333904     0.448791     0.005610
     0.359642     0.448687     0.004711
     0.385118     0.448773     0.004117
     0.410647     0.448635     0.003774
     0.436140     0.448643     0.003616
     0.461762     0.448614     0.003572
     0.487133     0.448654     0.003571
     0.512896     0.448655     0.003573
     0.538265     0.448614     0.003576
     0.563889     0.448645     0.003622
     0.589382     0.448631     0.003783
     0.614907     0.448769     0.004130
     0.640387     0.448687     0.004730
     0.666122     0.448790     0.005638
     0.691452     0.448759     0.006882
     0.717275     0.448752     0.008475
     0.742421     0.448946     0.010440
     0.768370     0.448798     0.012780
     0.793451     0.449067     0.015487
     0.819586     0.448825     0.018471
     0.844667     0.449102     0.021277
     0.870809     0.448959     0.023325
     0.895736     0.449260     0.024714
     0.921699     0.449128     0.025731
     0.946627     0.449539     0.026628
     0.972475     0.449269     0.027612
     0.997715     0.449398     0.028809
     0.002031     0.476398     0.032622
     0.026514     0.474810     0.031341
     0.053255     0.475216     0.030440
     0.078422     0.474574     0.029765
     0.104555     0.475009     0.029110
     0.129637     0.474571     0.028235
     0.155369     0.474692     0.026801
     0.180768     0.474374     0.024526
     0.206264     0.474443     0.021726
     0.231970     0.474388     0.018879
     0.257337     0.474378     0.016192
     0.283185     0.474387     0.013788
     0.308389     0.474300     0.011683
     0.334187     0.474289     0.009848
     0.359479     0.474192     0.008287
     0.385175     0.474257     0.007009
     0.410721     0.474200     0.006036
     0.436227     0.474186     0.005371
     0.461733     0.474241     0.004979
     0.487278     0.474141     0.004805
     0.512762     0.474137     0.004806
     0.538306     0.474243     0.004986
     0.563813     0.474178     0.005385
     0.589318     0.474205     0.006061
     0.614864     0.474256     0.007044
     0.640560     0.474190     0.008330
     0.665852     0.474286     0.009901
     0.691650     0.474292     0.011747
     0.716850     0.474386     0.013863
     0.742705     0.474369     0.016276
     0.768067     0.474381     0.018962
     0.793776     0.474437     0.021809
     0.819268     0.474366     0.024613
     0.844671     0.474682     0.026895
     0.870400     0.474567     0.028333
     0.895490     0.475001     0.029209
     0.921611     0.474566     0.029867
     0.946787     0.475204     0.030546
     0.973521     0.474794     0.031453
     0.998001     0.476385     0.032741
     0.009148     0.503611     0.035682
     0.030375     0.501028     0.034397
     0.053475     0.500373     0.033557
     0.078748     0.500215     0.033020
     0.104138     0.500192     0.032622
     0.129926     0.500371     0.032151
     0.155463     0.499970     0.031252
     0.181111     0.500195     0.029584
     0.206545     0.499964     0.027317
     0.232065     0.500018     0.024801
     0.257615     0.499872     0.022195
     0.283052     0.499924     0.019684
     0.308763     0.499914     0.017361
     0.334132     0.499843     0.015217
     0.359848     0.499899     0.013233
     0.385157     0.499689     0.011414
     0.410826     0.499807     0.009799
     0.436166     0.499776     0.008430
     0.461830     0.499729     0.007398
     0.487243     0.499792     0.006834
     0.512786     0.499794     0.006840
     0.538202     0.499728     0.007417
     0.563868     0.499781     0.008462
     0.589198     0.499804     0.009843
     0.614878     0.499684     0.011470
     0.640180     0.499899     0.013301
     0.665905     0.499841     0.015297
     0.691263     0.499915     0.017455
     0.716977     0.499911     0.019787
     0.742413     0.499871     0.022295
     0.767963     0.500012     0.024895
     0.793483     0.499958     0.027411
     0.818921     0.500192     0.029684
     0.844563     0.499961     0.031359
     0.870104     0.500357     0.032264
     0.895888     0.500178     0.032735
     0.921293     0.500204     0.033128
     0.946563     0.500354     0.033667
     0.969655     0.501027     0.034516
     0.990869     0.503605     0.035811
     0.016406     0.534091     0.037913
     0.040357     0.531926     0.036740
     0.060687     0.529107     0.035966
     0.084014     0.526726     0.035505
     0.106282     0.526872     0.035254
     0.130986     0.525834     0.035018
     0.155836     0.525905     0.034501
     0.181351     0.525594     0.033397
     0.206860     0.525722     0.031789
     0.232415     0.525565     0.029853
     0.257858     0.525684     0.027692
     0.283373     0.525506     0.025430
     0.308801     0.525526     0.023176
     0.334401     0.525433     0.020975
     0.359843     0.525436     0.018839
     0.385502     0.525491     0.016774
     0.410833     0.525439     0.014782
     0.436483     0.525463     0.012956
     0.461784     0.525433     0.011517
     0.487295     0.525444     0.010718
     0.512749     0.525441     0.010731
     0.538256     0.525429     0.011550
     0.563558     0.525463     0.013008
     0.589218     0.525444     0.014848
     0.614538     0.525489     0.016853
     0.640197     0.525430     0.018935
     0.665642     0.525429     0.021085
     0.691239     0.525529     0.023291
     0.716675     0.525501     0.025538
     0.742174     0.525676     0.027795
     0.767633     0.525557     0.029960
     0.793175     0.525714     0.031899
     0.818689     0.525586     0.033510
     0.844210     0.525896     0.034619
     0.869063     0.525828     0.035139
     0.893770     0.526866     0.035379
     0.915991     0.526718     0.035629
     0.939296     0.529111     0.036082
     0.959604     0.531930     0.036858
     0.983531     0.534108     0.038046
     0.013783     0.557445     0.039189
     0.039968     0.558514     0.038274
     0.064861     0.557591     0.037621
     0.087820     0.555950     0.037221
     0.111174     0.555264     0.037016
     0.134816     0.552814     0.036870
     0.158236     0.552357     0.036590
     0.182569     0.551653     0.035982
     0.207286     0.551397     0.035078
     0.232590     0.551290     0.033853
     0.258118     0.551170     0.032329
     0.283627     0.551213     0.030577
     0.309154     0.551147     0.028644
     0.334593     0.551114     0.026599
     0.360050     0.551065     0.024516
     0.385472     0.550984     0.022421
     0.410999     0.551099     0.020421
     0.436364     0.551045     0.018741
     0.461969     0.551176     0.017577
     0.487253     0.551093     0.017006
     0.512785     0.551104     0.017019
     0.538059     0.551177     0.017617
     0.563671     0.551039     0.018805
     0.589031     0.551096     0.020509
     0.614565     0.550990     0.022529
     0.639984     0.551063     0.024633
     0.665434     0.551116     0.026718
     0.690880     0.551144     0.028756
     0.716395     0.551214     0.030685
     0.741914     0.551167     0.032443
     0.767440     0.551280     0.033977
     0.792732     0.551395     0.035206
     0.817491     0.551645     0.036107
     0.841761     0.552357     0.036715
     0.865186     0.552784     0.036997
     0.888800     0.555290     0.037145
     0.912166     0.555987     0.037354
     0.935163     0.557591     0.037751
     0.960070     0.558557     0.038395
     0.986268     0.557468     0.039314
     0.015896     0.585001     0.039072
     0.041064     0.583940     0.038632
     0.067210     0.583890     0.038239
     0.091896     0.583012     0.037952
     0.115949     0.581548     0.037776
     0.140091     0.580552     0.037669
     0.163169     0.580392     0.037581
     0.186923     0.578750     0.037504
     0.210035     0.578376     0.037301
     0.234164     0.577276     0.036814
     0.258571     0.577148     0.036009
     0.283878     0.576797     0.034904
     0.309212     0.576805     0.033489
     0.334859     0.576727     0.031785
     0.360331     0.576806     0.029919
     0.385768     0.576826     0.028103
     0.411116     0.576834     0.026623
     0.436579     0.576774     0.025655
     0.461832     0.576841     0.025171
     0.487449     0.576890     0.025005
     0.512581     0.576893     0.025017
     0.538233     0.576835     0.025212
     0.563467     0.576771     0.025725
     0.588930     0.576837     0.026722
     0.614277     0.576824     0.028222
     0.639699     0.576814     0.030041
     0.665187     0.576719     0.031900
     0.690825     0.576811     0.033598
     0.716176     0.576795     0.035017
     0.741478     0.577133     0.036133
     0.765871     0.577289     0.036950
     0.790014     0.578345     0.037443
     0.813047     0.578752     0.037642
     0.836875     0.580434     0.037712
     0.859911     0.580566     0.037796
     0.884032     0.581553     0.037905
     0.908131     0.582977     0.038084
     0.932749     0.583873     0.038372
     0.958900     0.583928     0.038759
     0.984060     0.585018     0.039191
     0.014665     0.608679     0.036908
     0.040493     0.609250     0.037227
     0.065496     0.609229     0.037308
     0.091528     0.609793     0.037289
     0.116761     0.609004     0.037240
     0.141163     0.607904     0.037266
     0.166171     0.607279     0.037514
     0.190783     0.606456     0.038102
     0.214913     0.606121     0.038633
     0.238801     0.604787     0.038888
     0.262261     0.604050     0.038829
     0.285857     0.603172     0.038405
     0.310197     0.602765     0.037567
     0.334996     0.602404     0.036372
     0.360336     0.602440     0.035066
     0.385822     0.602426     0.034021
     0.411289     0.602528     0.033462
     0.436658     0.602643     0.033326
     0.461953     0.602564     0.033392
     0.487283     0.602644     0.033472
     0.512768     0.602614     0.033486
     0.538079     0.602557     0.033432
     0.563356     0.602661     0.033395
     0.588748     0.602517     0.033554
     0.614196     0.602447     0.034124
     0.639720     0.602434     0.035177
     0.665035     0.602405     0.036482
     0.689836     0.602755     0.037678
     0.714168     0.603171     0.038526
     0.737716     0.604075     0.038959
     0.761177     0.604781     0.039026
     0.784981     0.606184     0.038778
     0.809208     0.606430     0.038250
     0.833744     0.607263     0.037653
     0.858744     0.607937     0.037392
     0.883275     0.608970     0.037359
     0.908479     0.609849     0.037409
     0.934534     0.609274     0.037431
     0.959520     0.609284     0.037349
     0.985354     0.608698     0.037021
     0.015713     0.635921     0.032100
     0.041143     0.635303     0.033404
     0.067033     0.635030     0.034203
     0.092417     0.634088     0.034692
     0.118311     0.634396     0.035055
     0.143154     0.634002     0.035555
     0.167176     0.633488     0.036471
     0.191539     0.632706     0.037838
     0.216168     0.632499     0.039163
     0.241238     0.631732     0.040190
     0.265443     0.631960     0.040861
     0.290062     0.630708     0.041119
     0.313571     0.629978     0.040964
     0.337598     0.629127     0.040606
     0.361284     0.628609     0.040330
     0.386132     0.628328     0.040335
     0.411156     0.628268     0.040591
     0.436793     0.628371     0.040940
     0.462021     0.628537     0.041233
     0.487442     0.628371     0.041400
     0.512620     0.628408     0.041413
     0.537987     0.628567     0.041270
     0.563272     0.628348     0.040995
     0.588886     0.628279     0.040659
     0.613924     0.628306     0.040413
     0.638767     0.628619     0.040419
     0.662377     0.629155     0.040708
     0.686431     0.629986     0.041083
     0.709844     0.630752     0.041249
     0.734581     0.631947     0.040992
     0.758770     0.631826     0.040318
     0.783893     0.632468     0.039299
     0.808438     0.632689     0.037982
     0.832827     0.633593     0.036613
     0.856998     0.633918     0.035684
     0.881650     0.634349     0.035164
     0.907549     0.634067     0.034791
     0.932930     0.635013     0.034302
     0.958824     0.635304     0.033503
     0.984254     0.635937     0.032192
     0.015107     0.659756     0.024606
     0.040844     0.660144     0.026960
     0.066305     0.660230     0.028666
     0.091905     0.660686     0.029965
     0.117019     0.660480     0.031165
     0.142920     0.661006     0.032595
     0.168618     0.660750     0.034498
     0.193520     0.659795     0.036762
     0.218298     0.658855     0.038914
     0.242737     0.658260     0.040748
     0.267615     0.657641     0.042217
     0.292490     0.657176     0.043317
     0.316805     0.657297     0.044163
     0.341076     0.656702     0.044974
     0.364701     0.656271     0.045820
     0.388240     0.655100     0.046628
     0.411932     0.654536     0.047275
     0.436586     0.654123     0.047715
     0.462057     0.654174     0.047984
     0.487491     0.654388     0.048115
     0.512490     0.654404     0.048124
     0.538049     0.654153     0.048009
     0.563444     0.654127     0.047747
     0.588076     0.654542     0.047313
     0.611789     0.655104     0.046678
     0.635243     0.656343     0.045886
     0.658959     0.656726     0.045065
     0.683161     0.657356     0.044278
     0.707571     0.657153     0.043437
     0.732414     0.657606     0.042339
     0.757187     0.658240     0.040873
     0.781729     0.658954     0.039042
     0.806339     0.659872     0.036889
     0.831384     0.660505     0.034621
     0.857088     0.661074     0.032711
     0.882970     0.660598     0.031267
     0.908090     0.660715     0.030049
     0.933694     0.660283     0.028734
     0.959159     0.660171     0.027021
     0.984896     0.659768     0.024663
     0.015673     0.686845     0.015940
     0.041125     0.686264     0.018868
     0.066956     0.686051     0.021398
     0.092480     0.685542     0.023727
     0.118124     0.685752     0.026116
     0.143001     0.685084     0.028755
     0.168431     0.685466     0.031731
     0.193860     0.685409     0.034953
     0.218385     0.685392     0.038021
     0.243742     0.684752     0.040813
     0.268166     0.684493     0.043311
     0.293425     0.683946     0.045525
     0.318225     0.683750     0.047553
     0.343429     0.683413     0.049408
     0.367618     0.683678     0.050971
     0.391675     0.683255     0.052108
     0.414808     0.682451     0.052789
     0.438246     0.680930     0.053119
     0.461870     0.680114     0.053236
     0.487235     0.680250     0.053253
     0.512845     0.680126     0.053255
     0.538143     0.680122     0.053241
     0.561744     0.681009     0.053127
     0.585228     0.682439     0.052801
     0.608268     0.683295     0.052128
     0.632450     0.683664     0.051013
     0.656594     0.683445     0.049478
     0.681803     0.683775     0.047635
     0.706568     0.683933     0.045617
     0.731696     0.684623     0.043416
     0.756248     0.684781     0.040924
     0.781560     0.685352     0.038128
     0.806446     0.685454     0.035054
     0.831641     0.685456     0.031824
     0.856841     0.685057     0.028841
     0.881886     0.685716     0.026196
     0.907493     0.685532     0.023793
     0.933026     0.686022     0.021447
     0.958854     0.686260     0.018896
     0.984308     0.686862     0.015954
     0.015589     0.710877     0.009248
     0.041262     0.711071     0.011878
     0.066581     0.711198     0.014761
     0.091895     0.711870     0.017852
     0.117277     0.711969     0.021157
     0.143218     0.712656     0.024758
     0.168567     0.711869     0.028700
     0.194213     0.712145     0.032909
     0.219814     0.711282     0.037026
     0.244508     0.710860     0.040887
     0.269579     0.710279     0.044462
     0.294147     0.709696     0.047751
     0.318663     0.709958     0.050692
     0.343232     0.709951     0.053125
     0.367963     0.710453     0.054931
     0.393314     0.710116     0.056090
     0.417517     0.710200     0.056674
     0.441228     0.709399     0.056848
     0.463933     0.707937     0.056797
     0.487567     0.705862     0.056706
     0.512501     0.705992     0.056701
     0.535965     0.707981     0.056784
     0.558832     0.709357     0.056835
     0.582423     0.710286     0.056667
     0.606718     0.710092     0.056092
     0.632017     0.710449     0.054949
     0.656729     0.710023     0.053156
     0.681356     0.710010     0.050731
     0.705768     0.709843     0.047807
     0.730442     0.710191     0.044531
     0.755633     0.710823     0.040957
     0.780207     0.711173     0.037094
     0.805660     0.712062     0.032973
     0.831369     0.712081     0.028757
     0.856804     0.712718     0.024810
     0.882682     0.711989     0.021205
     0.908112     0.711923     0.017897
     0.933422     0.711242     0.014799
     0.958720     0.711104     0.011901
     0.984391     0.710885     0.009251
     0.015822     0.737829     0.006202
     0.041233     0.737453     0.008281
     0.066575     0.737505     0.011012
     0.092208     0.737004     0.014245
     0.117684     0.736736     0.017898
     0.143125     0.736214     0.021987
     0.168667     0.736813     0.026562
     0.194059     0.736454     0.031529
     0.219503     0.737379     0.036449
     0.244972     0.737225     0.041083
     0.269949     0.737055     0.045367
     0.294708     0.737152     0.049251
     0.319279     0.736857     0.052606
     0.343953     0.736686     0.055245
     0.368393     0.736282     0.057075
     0.392967     0.736511     0.058169
     0.417620     0.737092     0.058666
     0.442782     0.736797     0.058738
     0.466731     0.736226     0.058593
     0.489628     0.734375     0.058448
     0.510284     0.734420     0.058437
     0.533415     0.736250     0.058566
     0.557150     0.736835     0.058709
     0.582411     0.737121     0.058645
     0.607053     0.736503     0.058159
     0.631539     0.736346     0.057067
     0.656074     0.736654     0.055233
     0.680679     0.736919     0.052607
     0.705412     0.737183     0.049267
     0.730152     0.737000     0.045386
     0.754933     0.737261     0.041103
     0.780511     0.737510     0.036466
     0.805961     0.736539     0.031542
     0.831320     0.736742     0.026575
     0.856893     0.736195     0.022002
     0.882325     0.736712     0.017918
     0.907766     0.736957     0.014272
     0.933389     0.737503     0.011043
     0.958764     0.737459     0.008313
     0.984187     0.737842     0.006222
     0.015819     0.762166     0.006207
     0.041235     0.762540     0.008287
     0.066579     0.762482     0.011018
     0.092208     0.762975     0.014254
     0.117673     0.763246     0.017909
     0.143120     0.763790     0.022000
     0.168687     0.763169     0.026579
     0.194037     0.763489     0.031549
     0.219474     0.762609     0.036472
     0.245001     0.762769     0.041108
     0.269928     0.762918     0.045392
     0.294691     0.762856     0.049276
     0.319286     0.763122     0.052627
     0.343927     0.763290     0.055264
     0.368402     0.763713     0.057092
     0.392965     0.763436     0.058181
     0.417592     0.762915     0.058673
     0.442840     0.763159     0.058743
     0.466630     0.763706     0.058596
     0.489590     0.765691     0.058449
     0.510403     0.765517     0.058436
     0.533271     0.763753     0.058563
     0.557204     0.763241     0.058704
     0.582401     0.762869     0.058639
     0.607031     0.763549     0.058151
     0.631565     0.763691     0.057055
     0.656066     0.763343     0.055219
     0.680669     0.763110     0.052591
     0.705397     0.762805     0.049245
     0.730090     0.763051     0.045360
     0.755026     0.762790     0.041074
     0.780535     0.762431     0.036437
     0.805878     0.763498     0.031516
     0.831294     0.763301     0.026554
     0.856899     0.763819     0.021987
     0.882320     0.763313     0.017907
     0.907784     0.763063     0.014265
     0.933400     0.762509     0.011039
     0.958745     0.762541     0.008312
     0.984160     0.762159     0.006222
     0.015597     0.789114     0.009270
     0.041270     0.788917     0.011902
     0.066591     0.788789     0.014788
     0.091898     0.788122     0.017883
     0.117268     0.788020     0.021193
     0.143222     0.787306     0.024799
     0.168609     0.788119     0.028748
     0.194230     0.787865     0.032965
     0.219788     0.788656     0.037090
     0.244490     0.789125     0.040956
     0.269590     0.789736     0.044534
     0.294151     0.790271     0.047819
     0.318695     0.790035     0.050754
     0.343237     0.790031     0.053181
     0.367984     0.789506     0.054979
     0.393320     0.789893     0.056125
     0.417512     0.789729     0.056698
     0.441248     0.790617     0.056864
     0.463913     0.792117     0.056805
     0.487604     0.793933     0.056711
     0.512425     0.794104     0.056699
     0.535989     0.792087     0.056775
     0.558773     0.790562     0.056819
     0.582461     0.789805     0.056647
     0.606678     0.789910     0.056068
     0.632064     0.789567     0.054915
     0.656732     0.790021     0.053113
     0.681380     0.789996     0.050679
     0.705776     0.790218     0.047744
     0.730432     0.789772     0.044458
     0.755655     0.789138     0.040879
     0.780188     0.788950     0.037017
     0.805660     0.787980     0.032902
     0.831414     0.787886     0.028699
     0.856804     0.787300     0.024763
     0.882686     0.788031     0.021170
     0.908097     0.788083     0.017869
     0.933429     0.788788     0.014779
     0.958746     0.788916     0.011888
     0.984423     0.789118     0.009244
     0.015676     0.813146     0.015989
     0.041130     0.813727     0.018926
     0.066958     0.813940     0.021460
     0.092483     0.814452     0.023789
     0.118139     0.814237     0.026181
     0.143006     0.814870     0.028823
     0.168395     0.814500     0.031806
     0.193872     0.814609     0.035036
     0.218389     0.814627     0.038113
     0.243711     0.815195     0.040911
     0.268170     0.815479     0.043413
     0.293430     0.816033     0.045625
     0.318221     0.816235     0.047648
     0.343428     0.816577     0.049497
     0.367612     0.816303     0.051048
     0.391654     0.816735     0.052166
     0.414838     0.817526     0.052832
     0.438166     0.819048     0.053150
     0.461927     0.819834     0.053254
     0.487157     0.819852     0.053261
     0.512719     0.819850     0.053252
     0.538155     0.819835     0.053227
     0.561706     0.819046     0.053101
     0.585178     0.817542     0.052766
     0.608297     0.816747     0.052085
     0.632402     0.816317     0.050956
     0.656616     0.816597     0.049403
     0.681780     0.816230     0.047549
     0.706588     0.816103     0.045520
     0.731726     0.815389     0.043309
     0.756199     0.815271     0.040813
     0.781534     0.814652     0.038020
     0.806486     0.814503     0.034955
     0.831618     0.814596     0.031738
     0.856812     0.814985     0.028766
     0.881892     0.814305     0.026131
     0.907510     0.814486     0.023734
     0.933029     0.813963     0.021395
     0.958858     0.813730     0.018853
     0.984304     0.813140     0.015920
     0.015116     0.840233     0.024688
     0.040852     0.839844     0.027053
     0.066313     0.839758     0.028763
     0.091918     0.839301     0.030062
     0.117035     0.839500     0.031261
     0.142939     0.839006     0.032690
     0.168601     0.839234     0.034595
     0.193508     0.840166     0.036866
     0.218322     0.841143     0.039024
     0.242760     0.841721     0.040862
     0.267611     0.842334     0.042334
     0.292499     0.842804     0.043434
     0.316804     0.842699     0.044279
     0.341094     0.843281     0.045081
     0.364691     0.843721     0.045917
     0.388253     0.844861     0.046711
     0.411887     0.845479     0.047339
     0.436581     0.845870     0.047762
     0.461962     0.845828     0.048016
     0.487457     0.845654     0.048128
     0.512532     0.845557     0.048120
     0.537954     0.845846     0.047988
     0.563412     0.845883     0.047712
     0.588048     0.845450     0.047264
     0.611749     0.844899     0.046611
     0.635264     0.843675     0.045803
     0.658920     0.843289     0.044968
     0.683196     0.842666     0.044166
     0.707544     0.842843     0.043317
     0.732450     0.842416     0.042214
     0.757192     0.841792     0.040746
     0.781771     0.841065     0.038918
     0.806326     0.840172     0.036774
     0.831374     0.839527     0.034516
     0.857118     0.838922     0.032613
     0.882981     0.839386     0.031171
     0.908098     0.839295     0.029957
     0.933717     0.839746     0.028646
     0.959178     0.839851     0.026936
     0.984918     0.840241     0.024588
     0.015719     0.864070     0.032213
     0.041150     0.864688     0.033521
     0.067039     0.864956     0.034326
     0.092424     0.865900     0.034817
     0.118313     0.865583     0.035178
     0.143141     0.865996     0.035674
     0.167194     0.866509     0.036588
     0.191532     0.867259     0.037956
     0.216173     0.867495     0.039283
     0.241230     0.868256     0.040311
     0.265442     0.868011     0.040984
     0.290041     0.869277     0.041242
     0.313561     0.869999     0.041084
     0.337563     0.870878     0.040719
     0.361255     0.871381     0.040435
     0.386079     0.871690     0.040432
     0.411100     0.871724     0.040674
     0.436749     0.871637     0.041003
     0.461977     0.871479     0.041276
     0.487410     0.871574     0.041420
     0.512561     0.871638     0.041408
     0.537955     0.871458     0.041244
     0.563223     0.871633     0.040951
     0.588837     0.871726     0.040594
     0.613866     0.871678     0.040327
     0.638710     0.871377     0.040318
     0.662346     0.870859     0.040596
     0.686400     0.870005     0.040961
     0.709841     0.869275     0.041122
     0.734544     0.868056     0.040860
     0.758760     0.868234     0.040188
     0.783878     0.867511     0.039172
     0.808445     0.867332     0.037859
     0.832830     0.866421     0.036494
     0.857009     0.866095     0.035565
     0.881652     0.865694     0.035046
     0.907550     0.865938     0.034673
     0.932929     0.864959     0.034182
     0.958837     0.864687     0.033387
     0.984259     0.864068     0.032083
     0.014676     0.891310     0.037044
     0.040505     0.890735     0.037361
     0.065504     0.890758     0.037444
     0.091544     0.890191     0.037427
     0.116773     0.891001     0.037378
     0.141172     0.892085     0.037402
     0.166194     0.892715     0.037646
     0.190788     0.893519     0.038230
     0.214915     0.893857     0.038759
     0.238811     0.895214     0.039013
     0.262244     0.895945     0.038954
     0.285845     0.896816     0.038527
     0.310158     0.897241     0.037682
     0.334965     0.897596     0.036483
     0.360296     0.897562     0.035173
     0.385784     0.897572     0.034120
     0.411263     0.897474     0.033553
     0.436613     0.897352     0.033399
     0.461932     0.897438     0.033442
     0.487232     0.897376     0.033497
     0.512720     0.897370     0.033483
     0.538062     0.897439     0.033404
     0.563333     0.897354     0.033342
     0.588722     0.897484     0.033479
     0.614175     0.897557     0.034031
     0.639677     0.897565     0.035068
     0.665002     0.897585     0.036363
     0.689797     0.897238     0.037557
     0.714133     0.896831     0.038401
     0.737715     0.895950     0.038830
     0.761167     0.895212     0.038897
     0.785021     0.893827     0.038650
     0.809190     0.893620     0.038121
     0.833766     0.892741     0.037525
     0.858749     0.892062     0.037263
     0.883300     0.891018     0.037228
     0.908536     0.890159     0.037273
     0.934561     0.890751     0.037293
     0.959515     0.890741     0.037214
     0.985350     0.891323     0.036889
     0.015907     0.914990     0.039219
     0.041073     0.916056     0.038777
     0.067220     0.916096     0.038380
     0.091889     0.916972     0.038094
     0.115952     0.918444     0.037920
     0.140100     0.919428     0.037811
     0.163168     0.919611     0.037719
     0.186910     0.921254     0.037637
     0.210012     0.921602     0.037430
     0.234121     0.922733     0.036939
     0.258540     0.922845     0.036129
     0.283830     0.923208     0.035018
     0.309167     0.923189     0.033598
     0.334815     0.923278     0.031889
     0.360287     0.923197     0.030021
     0.385726     0.923176     0.028199
     0.411067     0.923171     0.026707
     0.436537     0.923225     0.025725
     0.461776     0.923158     0.025221
     0.487420     0.923110     0.025029
     0.512540     0.923103     0.025016
     0.538173     0.923161     0.025183
     0.563422     0.923230     0.025670
     0.588889     0.923157     0.026646
     0.614236     0.923182     0.028130
     0.639658     0.923186     0.029936
     0.665147     0.923282     0.031789
     0.690774     0.923187     0.033481
     0.716131     0.923199     0.034897
     0.741417     0.922859     0.036011
     0.765847     0.922711     0.036825
     0.789961     0.921652     0.037314
     0.813050     0.921272     0.037512
     0.836882     0.919543     0.037580
     0.859921     0.919461     0.037662
     0.884038     0.918445     0.037766
     0.908108     0.917026     0.037941
     0.932748     0.916155     0.038232
     0.958913     0.916081     0.038619
     0.984072     0.914988     0.039051
     0.013793     0.942546     0.039336
     0.039982     0.941467     0.038421
     0.064880     0.942411     0.037764
     0.087827     0.944042     0.037361
     0.111181     0.944728     0.037157
     0.134800     0.947186     0.037012
     0.158205     0.947649     0.036729
     0.182555     0.948348     0.036115
     0.207252     0.948609     0.035205
     0.232561     0.948713     0.033972
     0.258085     0.948835     0.032440
     0.283593     0.948792     0.030683
     0.309124     0.948856     0.028745
     0.334554     0.948884     0.026695
     0.360021     0.948936     0.024604
     0.385434     0.949014     0.022503
     0.410973     0.948900     0.020492
     0.436330     0.948961     0.018797
     0.461938     0.948819     0.017617
     0.487211     0.948909     0.017026
     0.512759     0.948907     0.017017
     0.538024     0.948818     0.017592
     0.563646     0.948956     0.018759
     0.588995     0.948903     0.020443
     0.614540     0.949017     0.022448
     0.639953     0.948933     0.024543
     0.665414     0.948884     0.026622
     0.690849     0.948850     0.028652
     0.716366     0.948797     0.030574
     0.741879     0.948832     0.032327
     0.767405     0.948702     0.033856
     0.792698     0.948613     0.035082
     0.817461     0.948334     0.035980
     0.841739     0.947647     0.036584
     0.865166     0.947205     0.036861
     0.888815     0.944709     0.037007
     0.912177     0.944034     0.037217
     0.935187     0.942408     0.037615
     0.960077     0.941474     0.038257
     0.986271     0.942558     0.039179
     0.016431     0.965899     0.038055
     0.040368     0.968068     0.036881
     0.060672     0.970890     0.036106
     0.084003     0.973278     0.035642
     0.106239     0.973131     0.035389
     0.130949     0.974182     0.035152
     0.155799     0.974093     0.034634
     0.181308     0.974416     0.033524
     0.206819     0.974279     0.031908
     0.232371     0.974440     0.029962
     0.257814     0.974321     0.027793
     0.283331     0.974497     0.025525
     0.308757     0.974475     0.023264
     0.334362     0.974569     0.021057
     0.359799     0.974566     0.018911
     0.385464     0.974511     0.016833
     0.410784     0.974561     0.014830
     0.436441     0.974538     0.012993
     0.461743     0.974577     0.011541
     0.487252     0.974547     0.010729
     0.512708     0.974556     0.010727
     0.538217     0.974571     0.011531
     0.563513     0.974537     0.012975
     0.589171     0.974554     0.014802
     0.614495     0.974508     0.016796
     0.640158     0.974565     0.018868
     0.665602     0.974571     0.021006
     0.691196     0.974481     0.023203
     0.716634     0.974497     0.025443
     0.742142     0.974313     0.027692
     0.767592     0.974444     0.029850
     0.793136     0.974277     0.031783
     0.818648     0.974412     0.033388
     0.844161     0.974086     0.034491
     0.869026     0.974164     0.035008
     0.893716     0.973124     0.035249
     0.915963     0.973273     0.035501
     0.939276     0.970904     0.035953
     0.959609     0.968087     0.036729
     0.983556     0.965900     0.037921
     0.009140     0.996400     0.035819
     0.030353     0.998992     0.034528
     0.053450     0.999641     0.033687
     0.078712     0.999804     0.033149
     0.104109     0.999824     0.032749
     0.129898     0.999625     0.032275
     0.155436     1.000043     0.031372
     0.181080     0.999810     0.029698
     0.206517     1.000045     0.027422
     0.232032     0.999985     0.024897
     0.257587     1.000131     0.022282
     0.283021     1.000081     0.019762
     0.308736     1.000089     0.017430
     0.334096     1.000157     0.015276
     0.359819     1.000103     0.013281
     0.385120     1.000312     0.011451
     0.410802     1.000196     0.009824
     0.436131     1.000221     0.008446
     0.461805     1.000268     0.007405
     0.487213     1.000213     0.006834
     0.512755     1.000209     0.006834
     0.538169     1.000269     0.007405
     0.563845     1.000222     0.008444
     0.589170     1.000195     0.009819
     0.614851     1.000313     0.011437
     0.640148     1.000096     0.013257
     0.665873     1.000162     0.015242
     0.691236     1.000080     0.017389
     0.716952     1.000086     0.019711
     0.742380     1.000129     0.022210
     0.767938     0.999981     0.024800
     0.793451     1.000042     0.027308
     0.818897     0.999795     0.029572
     0.844535     1.000034     0.031241
     0.870073     0.999634     0.032143
     0.895863     0.999812     0.032615
     0.921260     0.999788     0.033009
     0.946534     0.999627     0.033549
     0.969639     0.998960     0.034400
     0.990865     0.996390     0.035695
     0.001990     1.023612     0.032751
     0.026470     1.025200     0.031462
     0.053219     1.024800     0.030558
     0.078381     1.025435     0.029882
     0.104523     1.024991     0.029224
     0.129597     1.025445     0.028345
     0.155323     1.025313     0.026905
     0.180730     1.025635     0.024622
     0.206221     1.025560     0.021813
     0.231933     1.025617     0.018956
     0.257294     1.025625     0.016259
     0.283148     1.025616     0.013844
     0.308345     1.025705     0.011729
     0.334152     1.025714     0.009883
     0.359436     1.025811     0.008313
     0.385141     1.025741     0.007027
     0.410678     1.025800     0.006046
     0.436192     1.025817     0.005373
     0.461691     1.025764     0.004977
     0.487237     1.025856     0.004799
     0.512729     1.025861     0.004800
     0.538266     1.025754     0.004979
     0.563769     1.025820     0.005377
     0.589280     1.025794     0.006050
     0.614827     1.025742     0.007028
     0.640522     1.025811     0.008308
     0.665812     1.025711     0.009870
     0.691609     1.025707     0.011706
     0.716812     1.025616     0.013811
     0.742676     1.025621     0.016213
     0.768027     1.025620     0.018889
     0.793744     1.025554     0.021725
     0.819228     1.025629     0.024518
     0.844634     1.025311     0.026791
     0.870362     1.025422     0.028226
     0.895450     1.024991     0.029102
     0.921574     1.025423     0.029760
     0.946748     1.024795     0.030439
     0.973478     1.025195     0.031348
     0.997964     1.023602     0.032633
     0.002293     1.050607     0.028814
     0.027533     1.050733     0.027619
     0.053377     1.050460     0.026637
     0.078312     1.050879     0.025741
     0.104261     1.050738     0.024726
     0.129187     1.051042     0.023335
     0.155342     1.050899     0.021283
     0.180410     1.051175     0.018473
     0.206556     1.050934     0.015484
     0.231626     1.051201     0.012772
     0.257580     1.051053     0.010429
     0.282719     1.051247     0.008463
     0.308552     1.051238     0.006869
     0.333872     1.051208     0.005626
     0.359620     1.051314     0.004720
     0.385085     1.051228     0.004121
     0.410622     1.051368     0.003776
     0.436108     1.051353     0.003615
     0.461740     1.051389     0.003569
     0.487108     1.051343     0.003567
     0.512864     1.051348     0.003567
     0.538237     1.051392     0.003570
     0.563867     1.051353     0.003616
     0.589354     1.051364     0.003777
     0.614880     1.051230     0.004124
     0.640358     1.051312     0.004722
     0.666095     1.051213     0.005624
     0.691425     1.051235     0.006861
     0.717249     1.051234     0.008446
     0.742391     1.051055     0.010401
     0.768344     1.051196     0.012732
     0.793427     1.050931     0.015428
     0.819560     1.051169     0.018399
     0.844644     1.050890     0.021195
     0.870781     1.051036     0.023237
     0.895711     1.050729     0.024623
     0.921667     1.050864     0.025637
     0.946602     1.050445     0.026535
     0.972453     1.050713     0.027517
     0.997690     1.050582     0.028708
     0.001049     1.075428     0.023921
     0.026785     1.075932     0.022878
     0.052398     1.076115     0.021847
     0.078108     1.076424     0.020713
     0.103752     1.076320     0.019296
     0.129374     1.076540     0.017395
     0.154970     1.076303     0.014866
     0.180552     1.076671     0.011944
     0.206121     1.076509     0.009360
     0.231582     1.076806     0.007277
     0.257228     1.076629     0.005634
     0.282682     1.076850     0.004407
     0.308390     1.076670     0.003543
     0.333853     1.076879     0.002998
     0.359451     1.076743     0.002700
     0.384938     1.076904     0.002575
     0.410506     1.076908     0.002547
     0.436132     1.076846     0.002559
     0.461629     1.076943     0.002575
     0.487277     1.076893     0.002584
     0.512686     1.076894     0.002584
     0.538338     1.076933     0.002574
     0.563833     1.076848     0.002558
     0.589457     1.076911     0.002547
     0.615028     1.076901     0.002575
     0.640510     1.076745     0.002701
     0.666112     1.076875     0.002998
     0.691581     1.076671     0.003540
     0.717281     1.076853     0.004399
     0.742738     1.076625     0.005620
     0.768380     1.076799     0.007255
     0.793844     1.076506     0.009329
     0.819413     1.076665     0.011901
     0.844991     1.076297     0.014809
     0.870593     1.076534     0.017326
     0.896212     1.076306     0.019219
     0.921855     1.076414     0.020633
     0.947562     1.076105     0.021765
     0.973175     1.075926     0.022792
     0.998909     1.075425     0.023828
     0.001614     1.101659     0.018176
     0.027049     1.101615     0.017325
     0.052755     1.101582     0.016267
     0.078124     1.101768     0.014939
     0.103868     1.101788     0.013227
     0.129226     1.102005     0.011050
     0.154982     1.101962     0.008526
     0.180263     1.102127     0.006222
     0.206140     1.102094     0.004547
     0.231447     1.102236     0.003373
     0.257321     1.102153     0.002580
     0.282595     1.102286     0.002096
     0.308439     1.102230     0.001837
     0.333668     1.102353     0.001730
     0.359542     1.102327     0.001704
     0.384796     1.102398     0.001717
     0.410670     1.102307     0.001737
     0.435970     1.102441     0.001759
     0.461714     1.102385     0.001772
     0.487138     1.102441     0.001779
     0.512842     1.102440     0.001779
     0.538265     1.102388     0.001771
     0.563996     1.102444     0.001759
     0.589314     1.102303     0.001737
     0.615172     1.102401     0.001716
     0.640440     1.102327     0.001704
     0.666303     1.102348     0.001729
     0.691535     1.102229     0.001835
     0.717380     1.102281     0.002091
     0.742657     1.102152     0.002572
     0.768528     1.102232     0.003361
     0.793839     1.102087     0.004531
     0.819714     1.102121     0.006200
     0.844998     1.101953     0.008496
     0.870749     1.101998     0.011010
     0.896111     1.101779     0.013179
     0.921852     1.101755     0.014885
     0.947225     1.101567     0.016207
     0.972931     1.101596     0.017260
     0.998368     1.101635     0.018107
     0.000889     1.126604     0.012021
     0.026593     1.126925     0.011382
     0.052148     1.127170     0.010394
     0.077855     1.127369     0.009048
     0.103418     1.127372     0.007354
     0.129102     1.127531     0.005436
     0.154649     1.127484     0.003667
     0.180321     1.127648     0.002467
     0.205839     1.127569     0.001771
     0.231474     1.127770     0.001381
     0.257013     1.127701     0.001185
     0.282576     1.127856     0.001099
     0.308156     1.127773     0.001079
     0.333720     1.127920     0.001083
     0.359316     1.127791     0.001097
     0.384891     1.127952     0.001110
     0.410464     1.127861     0.001123
     0.435994     1.127968     0.001133
     0.461658     1.127898     0.001143
     0.487144     1.127938     0.001148
     0.512822     1.127936     0.001148
     0.538309     1.127903     0.001144
     0.563979     1.127963     0.001133
     0.589501     1.127866     0.001123
     0.615077     1.127951     0.001110
     0.640653     1.127787     0.001095
     0.666250     1.127922     0.001081
     0.691814     1.127770     0.001077
     0.717393     1.127855     0.001096
     0.742955     1.127696     0.001181
     0.768497     1.127765     0.001375
     0.794128     1.127564     0.001764
     0.819647     1.127640     0.002458
     0.845318     1.127479     0.003655
     0.870867     1.127524     0.005419
     0.896549     1.127361     0.007331
     0.922112     1.127360     0.009019
     0.947817     1.127161     0.010360
     0.973372     1.126919     0.011343
     0.999073     1.126599     0.011979
     0.001243     1.152676     0.006377
     0.026697     1.152627     0.005940
     0.052373     1.152626     0.005166
     0.077870     1.152743     0.004113
     0.103550     1.152815     0.002928
     0.129019     1.152966     0.001856
     0.154720     1.152994     0.001154
     0.180149     1.153107     0.000821
     0.205881     1.153137     0.000684
     0.231294     1.153201     0.000640
     0.257060     1.153238     0.000634
     0.282479     1.153289     0.000642
     0.308234     1.153290     0.000653
     0.333630     1.153343     0.000664
     0.359401     1.153347     0.000673
     0.384750     1.153382     0.000676
     0.410570     1.153385     0.000683
     0.435924     1.153397     0.000681
     0.461725     1.153406     0.000684
     0.487090     1.153418     0.000685
     0.512889     1.153419     0.000685
     0.538255     1.153405     0.000685
     0.564051     1.153398     0.000682
     0.589410     1.153385     0.000683
     0.615231     1.153380     0.000676
     0.640577     1.153346     0.000672
     0.666346     1.153339     0.000662
     0.691746     1.153287     0.000650
     0.717499     1.153285     0.000639
     0.742921     1.153234     0.000631
     0.768684     1.153197     0.000637
     0.794100     1.153131     0.000681
     0.819830     1.153101     0.000817
     0.845261     1.152986     0.001150
     0.870961     1.152959     0.001851
     0.896430     1.152807     0.002920
     0.922110     1.152732     0.004103
     0.947607     1.152611     0.005152
     0.973283     1.152609     0.005922
     0.998740     1.152653     0.006358
     0.000774     1.177781     0.002465
     0.026451     1.178001     0.002217
     0.051980     1.178191     0.001780
     0.077642     1.178360     0.001253
     0.103201     1.178405     0.000806
     0.128873     1.178513     0.000520
     0.154436     1.178532     0.000397
     0.180097     1.178637     0.000350
     0.205650     1.178626     0.000338
     0.231293     1.178743     0.000345
     0.256842     1.178713     0.000363
     0.282467     1.178827     0.000382
     0.308029     1.178799     0.000394
     0.333643     1.178880     0.000399
     0.359217     1.178846     0.000401
     0.384829     1.178912     0.000397
     0.410406     1.178873     0.000393
     0.436000     1.178935     0.000388
     0.461600     1.178897     0.000384
     0.487182     1.178918     0.000383
     0.512790     1.178916     0.000383
     0.538372     1.178900     0.000384
     0.563974     1.178932     0.000388
     0.589566     1.178872     0.000393
     0.615144     1.178911     0.000397
     0.640756     1.178846     0.000400
     0.666331     1.178880     0.000397
     0.691943     1.178796     0.000391
     0.717507     1.178825     0.000379
     0.743129     1.178709     0.000360
     0.768681     1.178738     0.000342
     0.794321     1.178621     0.000335
     0.819876     1.178632     0.000348
     0.845535     1.178526     0.000395
     0.871099     1.178506     0.000517
     0.896769     1.178395     0.000803
     0.922330     1.178351     0.001250
     0.947991     1.178183     0.001776
     0.973520     1.177993     0.002211
     0.999192     1.177775     0.002458
     0.000995     1.203704     0.000813
     0.026460     1.203688     0.000695
     0.052100     1.203690     0.000552
     0.077647     1.203758     0.000414
     0.103315     1.203840     0.000327
     0.128826     1.203947     0.000277
     0.154507     1.204005     0.000240
     0.179998     1.204088     0.000208
     0.205699     1.204140     0.000195
     0.231176     1.204186     0.000203
     0.256898     1.204235     0.000223
     0.282366     1.204263     0.000238
     0.308099     1.204290     0.000246
     0.333555     1.204315     0.000244
     0.359293     1.204339     0.000238
     0.384736     1.204351     0.000232
     0.410485     1.204374     0.000224
     0.435926     1.204367     0.000218
     0.461678     1.204388     0.000210
     0.487115     1.204388     0.000204
     0.512867     1.204389     0.000204
     0.538304     1.204387     0.000210
     0.564056     1.204369     0.000218
     0.589497     1.204374     0.000224
     0.615246     1.204349     0.000231
     0.640689     1.204338     0.000237
     0.666427     1.204312     0.000242
     0.691883     1.204288     0.000243
     0.717616     1.204260     0.000236
     0.743086     1.204232     0.000220
     0.768806     1.204183     0.000202
     0.794285     1.204136     0.000194
     0.819984     1.204083     0.000207
     0.845476     1.203998     0.000239
     0.871156     1.203940     0.000276
     0.896669     1.203832     0.000326
     0.922335     1.203748     0.000413
     0.947883     1.203677     0.000551
     0.973522     1.203672     0.000693
     0.998989     1.203683     0.000811
     0.000666     1.228962     0.000451
     0.026324     1.229119     0.000391
     0.051867     1.229235     0.000341
     0.077480     1.229370     0.000296
     0.103053     1.229429     0.000256
     0.128702     1.229508     0.000215
     0.154280     1.229547     0.000173
     0.179931     1.229622     0.000137
     0.205505     1.229636     0.000121
     0.231151     1.229718     0.000123
     0.256719     1.229713     0.000132
     0.282361     1.229792     0.000140
     0.307929     1.229787     0.000142
     0.333567     1.229845     0.000141
     0.359142     1.229830     0.000136
     0.384779     1.229876     0.000129
     0.410355     1.229854     0.000120
     0.435987     1.229894     0.000111
     0.461565     1.229873     0.000103
     0.487198     1.229886     0.000099
     0.512779     1.229885     0.000099
     0.538412     1.229875     0.000103
     0.563990     1.229892     0.000111
     0.589623     1.229853     0.000120
     0.615199     1.229875     0.000128
     0.640836     1.229829     0.000135
     0.666411     1.229845     0.000139
     0.692048     1.229785     0.000141
     0.717618     1.229790     0.000139
     0.743258     1.229710     0.000131
     0.768827     1.229714     0.000123
     0.794471     1.229631     0.000120
     0.820047     1.229617     0.000136
     0.845696     1.229542     0.000172
     0.871275     1.229502     0.000215
     0.896923     1.229421     0.000256
     0.922496     1.229362     0.000295
     0.948108     1.229227     0.000341
     0.973651     1.229111     0.000390
     0.999306     1.228955     0.000450
     0.000794     1.254731     0.000426
     0.026299     1.254747     0.000366
     0.051914     1.254776     0.000318
     0.077480     1.254798     0.000276
     0.103140     1.254866     0.000233
     0.128678     1.254946     0.000188
     0.154345     1.255008     0.000141
     0.179872     1.255073     0.000098
     0.205551     1.255129     0.000073
     0.231071     1.255166     0.000065
     0.256765     1.255215     0.000065
     0.282278     1.255233     0.000069
     0.307985     1.255267     0.000072
     0.333492     1.255280     0.000072
     0.359204     1.255309     0.000069
     0.384704     1.255313     0.000061
     0.410421     1.255338     0.000053
     0.435918     1.255331     0.000045
     0.461640     1.255350     0.000041
     0.487132     1.255348     0.000040
     0.512854     1.255348     0.000040
     0.538345     1.255348     0.000041
     0.564068     1.255332     0.000045
     0.589564     1.255338     0.000052
     0.615282     1.255312     0.000061
     0.640782     1.255307     0.000068
     0.666493     1.255277     0.000071
     0.692001     1.255266     0.000071
     0.717707     1.255231     0.000068
     0.743221     1.255213     0.000065
     0.768914     1.255163     0.000065
     0.794436     1.255125     0.000073
     0.820113     1.255069     0.000098
     0.845641     1.255002     0.000141
     0.871308     1.254940     0.000187
     0.896845     1.254860     0.000232
     0.922504     1.254789     0.000275
     0.948071     1.254765     0.000317
     0.973686     1.254733     0.000365
     0.999193     1.254713     0.000424
     0.000551     1.280098     0.000452
     0.026192     1.280215     0.000388
     0.051776     1.280293     0.000330
     0.077377     1.280386     0.000277
     0.102940     1.280453     0.000228
     0.128583     1.280511     0.000177
     0.154159     1.280556     0.000123
     0.179808     1.280610     0.000075
     0.205389     1.280634     0.000044
     0.231038     1.280691     0.000030
     0.256618     1.280700     0.000028
     0.282270     1.280755     0.000029
     0.307849     1.280759     0.000030
     0.333500     1.280801     0.000029
     0.359081     1.280796     0.000026
     0.384733     1.280829     0.000022
     0.410314     1.280817     0.000019
     0.435967     1.280844     0.000015
     0.461545     1.280832     0.000012
     0.487201     1.280841     0.000010
     0.512780     1.280840     0.000010
     0.538437     1.280833     0.000012
     0.564015     1.280842     0.000015
     0.589669     1.280817     0.000018
     0.615249     1.280828     0.000022
     0.640902     1.280795     0.000025
     0.666482     1.280801     0.000028
     0.692133     1.280757     0.000029
     0.717712     1.280753     0.000029
     0.743363     1.280697     0.000028
     0.768943     1.280688     0.000030
     0.794593     1.280630     0.000043
     0.820174     1.280606     0.000075
     0.845822     1.280551     0.000123
     0.871398     1.280506     0.000177
     0.897041     1.280447     0.000228
     0.922604     1.280379     0.000276
     0.948204     1.280285     0.000329
     0.973788     1.280207     0.000386
     0.999427     1.280092     0.000451
     0.000628     1.305757     0.000490
     0.026167     1.305778     0.000419
     0.051780     1.305822     0.000352
     0.077353     1.305858     0.000290
     0.103005     1.305890     0.000230
     0.128561     1.305960     0.000172
     0.154214     1.306013     0.000115
     0.179768     1.306064     0.000065
     0.205429     1.306114     0.000032
     0.230982     1.306143     0.000016
     0.256656     1.306186     0.000009
     0.282206     1.306198     0.000008
     0.307891     1.306230     0.000008
     0.333438     1.306237     0.000007
     0.359130     1.306264     0.000007
     0.384673     1.306265     0.000006
     0.410369     1.306287     0.000005
     0.435908     1.306282     0.000004
     0.461608     1.306297     0.000002
     0.487144     1.306295     0.000001
     0.512845     1.306295     0.000001
     0.538380     1.306296     0.000002
     0.564081     1.306282     0.000003
     0.589620     1.306287     0.000005
     0.615316     1.306264     0.000006
     0.640859     1.306263     0.000007
     0.666550     1.306235     0.000007
     0.692098     1.306229     0.000008
     0.717783     1.306196     0.000008
     0.743333     1.306183     0.000009
     0.769007     1.306140     0.000016
     0.794560     1.306111     0.000032
     0.820221     1.306060     0.000065
     0.845775     1.306009     0.000115
     0.871427     1.305955     0.000172
     0.896983     1.305884     0.000230
     0.922635     1.305850     0.000289
     0.948208     1.305813     0.000351
     0.973820     1.305767     0.000417
     0.999361     1.305741     0.000489
     0.000454     1.331197     0.000515
     0.026084     1.331279     0.000438
     0.051672     1.331340     0.000367
     0.077293     1.331405     0.000301
     0.102854     1.331479     0.000236
     0.128481     1.331522     0.000172
     0.154066     1.331563     0.000113
     0.179704     1.331602     0.000063
     0.205299     1.331625     0.000030
     0.230945     1.331664     0.000011
     0.256541     1.331676     0.000003
     0.282193     1.331714     0.000001
     0.307786     1.331720     0.000001
     0.333441     1.331750     0.000001
     0.359034     1.331749     0.000001
     0.384692     1.331772     0.000001
     0.410284     1.331766     0.000001
     0.435945     1.331784     0.000000
     0.461535     1.331778     0.000000
     0.487198     1.331783     0.000000
     0.512788     1.331783     0.000000
     0.538452     1.331778     0.000000
     0.564041     1.331783     0.000000
     0.589702     1.331766     0.000000
     0.615295     1.331771     0.000001
     0.640952     1.331749     0.000001
     0.666546     1.331749     0.000001
     0.692200     1.331719     0.000001
     0.717794     1.331712     0.000001
     0.743446     1.331674     0.000003
     0.769041     1.331662     0.000011
     0.794688     1.331622     0.000029
     0.820282     1.331599     0.000063
     0.845920     1.331559     0.000113
     0.871505     1.331518     0.000172
     0.897131     1.331474     0.000235
     0.922693     1.331399     0.000300
     0.948313     1.331334     0.000366
     0.973901     1.331271     0.000437
     0.999528     1.331190     0.000514
     0.000502     1.356780     0.000514
     0.026060     1.356810     0.000437
     0.051673     1.356847     0.000368
     0.077240     1.356896     0.000304
     0.102883     1.356930     0.000240
     0.128457     1.356981     0.000177
     0.154098     1.357023     0.000116
     0.179676     1.357058     0.000065
     0.205325     1.357096     0.000031
     0.230906     1.357117     0.000012
     0.256565     1.357149     0.000003
     0.282146     1.357158     0.000000
     0.307815     1.357183     0.000000
     0.333395     1.357187     0.000000
     0.359070     1.357208     0.000000
     0.384646     1.357209     0.000000
     0.410326     1.357225     0.000000
     0.435899     1.357222     0.000000
     0.461584     1.357233     0.000000
     0.487154     1.357231     0.000000
     0.512838     1.357232     0.000000
     0.538408     1.357232     0.000000
     0.564092     1.357222     0.000000
     0.589665     1.357225     0.000000
     0.615345     1.357208     0.000000
     0.640922     1.357207     0.000000
     0.666598     1.357186     0.000000
     0.692177     1.357182     0.000000
     0.717846     1.357156     0.000000
     0.743427     1.357148     0.000003
     0.769086     1.357114     0.000012
     0.794667     1.357094     0.000031
     0.820316     1.357055     0.000065
     0.845894     1.357019     0.000116
     0.871535     1.356977     0.000176
     0.897108     1.356926     0.000240
     0.922750     1.356890     0.000303
     0.948318     1.356840     0.000367
     0.973930     1.356801     0.000436
     0.999489     1.356767     0.000512
     0.000370     1.382273     0.000498
     0.025996     1.382328     0.000424
     0.051581     1.382390     0.000359
     0.077199     1.382433     0.000300
     0.102760     1.382506     0.000243
     0.128383     1.382539     0.000185
     0.153980     1.382568     0.000124
     0.179616     1.382594     0.000071
     0.205223     1.382609     0.000034
     0.230868     1.382634     0.000013
     0.256478     1.382643     0.000004
     0.282130     1.382666     0.000000
     0.307738     1.382672     0.000000
     0.333393     1.382691     0.000000
     0.359000     1.382692     0.000000
     0.384658     1.382707     0.000000
     0.410265     1.382704     0.000000
     0.435926     1.382715     0.000000
     0.461530     1.382712     0.000000
     0.487194     1.382715     0.000000
     0.512797     1.382715     0.000000
     0.538461     1.382712     0.000000
     0.564065     1.382714     0.000000
     0.589726     1.382704     0.000000
     0.615333     1.382706     0.000000
     0.640991     1.382692     0.000000
     0.666598     1.382691     0.000000
     0.692253     1.382671     0.000000
     0.717861     1.382665     0.000000
     0.743512     1.382642     0.000004
     0.769122     1.382632     0.000013
     0.794767     1.382607     0.000034
     0.820374     1.382592     0.000071
     0.846011     1.382565     0.000124
     0.871607     1.382536     0.000184
     0.897231     1.382503     0.000243
     0.922792     1.382429     0.000299
     0.948408     1.382385     0.000358
     0.973993     1.382323     0.000423
     0.999618     1.382268     0.000496
     0.000403     1.407799     0.000484
     0.025964     1.407841     0.000413
     0.051579     1.407879     0.000353
     0.077125     1.407957     0.000299
     0.102747     1.407979     0.000247
     0.128356     1.408000     0.000193
     0.153986     1.408029     0.000135
     0.179596     1.408047     0.000078
     0.205235     1.408074     0.000038
     0.230844     1.408085     0.000014
     0.256491     1.408106     0.000004
     0.282099     1.408112     0.000000
     0.307755     1.408128     0.000000
     0.333361     1.408130     0.000000
     0.359023     1.408144     0.000000
     0.384627     1.408144     0.000000
     0.410293     1.408155     0.000000
     0.435894     1.408153     0.000000
     0.461564     1.408160     0.000000
     0.487162     1.408159     0.000000
     0.512832     1.408159     0.000000
     0.538432     1.408159     0.000000
     0.564100     1.408154     0.000000
     0.589702     1.408155     0.000000
     0.615367     1.408144     0.000000
     0.640971     1.408144     0.000000
     0.666634     1.408130     0.000000
     0.692240     1.408128     0.000000
     0.717896     1.408110     0.000000
     0.743504     1.408105     0.000004
     0.769151     1.408083     0.000014
     0.794760     1.408072     0.000038
     0.820399     1.408045     0.000078
     0.846009     1.408027     0.000135
     0.871639     1.407998     0.000193
     0.897247     1.407976     0.000247
     0.922869     1.407954     0.000299
     0.948415     1.407874     0.000352
     0.974028     1.407835     0.000412
     0.999590     1.407790     0.000483
     0.000290     1.433345     0.000481
     0.025918     1.433379     0.000411
     0.051440     1.433474     0.000353
     0.077053     1.433515     0.000303
     0.102669     1.433526     0.000255
     0.128286     1.433551     0.000204
     0.153909     1.433562     0.000147
     0.179540     1.433576     0.000086
     0.205167     1.433584     0.000040
     0.230808     1.433596     0.000014
     0.256435     1.433602     0.000003
     0.282081     1.433613     0.000000
     0.307707     1.433617     0.000000
     0.333356     1.433626     0.000000
     0.358980     1.433627     0.000000
     0.384632     1.433634     0.000000
     0.410255     1.433634     0.000000
     0.435910     1.433639     0.000000
     0.461530     1.433638     0.000000
     0.487187     1.433639     0.000000
     0.512808     1.433639     0.000000
     0.538465     1.433638     0.000000
     0.564085     1.433638     0.000000
     0.589740     1.433634     0.000000
     0.615363     1.433634     0.000000
     0.641015     1.433627     0.000000
     0.666639     1.433626     0.000000
     0.692289     1.433616     0.000000
     0.717914     1.433612     0.000000
     0.743560     1.433601     0.000003
     0.769188     1.433595     0.000014
     0.794828     1.433583     0.000040
     0.820456     1.433575     0.000086
     0.846086     1.433560     0.000147
     0.871709     1.433549     0.000204
     0.897326     1.433524     0.000255
     0.922942     1.433512     0.000302
     0.948554     1.433472     0.000353
     0.974077     1.433376     0.000410
     0.999704     1.433341     0.000480
     0.000307     1.458821     0.000494
     0.025822     1.458949     0.000423
     0.051379     1.458997     0.000366
     0.077021     1.458979     0.000317
     0.102632     1.459009     0.000268
     0.128269     1.459006     0.000217
     0.153898     1.459024     0.000157
     0.179530     1.459028     0.000091
     0.205167     1.459042     0.000040
     0.230795     1.459045     0.000012
     0.256438     1.459056     0.000002
     0.282066     1.459058     0.000000
     0.307713     1.459066     0.000000
     0.333340     1.459067     0.000000
     0.358991     1.459073     0.000000
     0.384616     1.459074     0.000000
     0.410270     1.459079     0.000000
     0.435893     1.459078     0.000000
     0.461549     1.459081     0.000000
     0.487171     1.459081     0.000000
     0.512827     1.459081     0.000000
     0.538449     1.459081     0.000000
     0.564104     1.459078     0.000000
     0.589727     1.459079     0.000000
     0.615381     1.459074     0.000000
     0.641006     1.459073     0.000000
     0.666658     1.459067     0.000000
     0.692284     1.459066     0.000000
     0.717932     1.459058     0.000000
     0.743559     1.459055     0.000002
     0.769203     1.459045     0.000012
     0.794831     1.459041     0.000040
     0.820468     1.459027     0.000091
     0.846100     1.459023     0.000157
     0.871729     1.459004     0.000216
     0.897365     1.459007     0.000268
     0.922976     1.458977     0.000316
     0.948618     1.458994     0.000365
     0.974175     1.458946     0.000423
     0.999690     1.458816     0.000493
     0.000086     1.484510     0.000524
     0.025627     1.484557     0.000450
     0.051328     1.484526     0.000389
     0.076928     1.484540     0.000336
     0.102587     1.484539     0.000286
     0.128210     1.484543     0.000229
     0.153856     1.484545     0.000163
     0.179490     1.484547     0.000090
     0.205132     1.484549     0.000034
     0.230771     1.484550     0.000008
     0.256411     1.484552     0.000001
     0.282053     1.484553     0.000000
     0.307692     1.484554     0.000000
     0.333335     1.484556     0.000000
     0.358973     1.484556     0.000000
     0.384616     1.484557     0.000000
     0.410255     1.484557     0.000000
     0.435898     1.484558     0.000000
     0.461536     1.484558     0.000000
     0.487181     1.484558     0.000000
     0.512818     1.484558     0.000000
     0.538463     1.484558     0.000000
     0.564101     1.484558     0.000000
     0.589744     1.484557     0.000000
     0.615383     1.484557     0.000000
     0.641026     1.484556     0.000000
     0.666665     1.484555     0.000000
     0.692307     1.484554     0.000000
     0.717946     1.484553     0.000000
     0.743588     1.484552     0.000001
     0.769228     1.484550     0.000007
     0.794867     1.484549     0.000034
     0.820510     1.484547     0.000090
     0.846143     1.484545     0.000163
     0.871789     1.484542     0.000229
     0.897412     1.484538     0.000285
     0.923071     1.484539     0.000336
     0.948671     1.484526     0.000388
     0.974373     1.484557     0.000449
     0.999912     1.484509     0.000523
     0.000000     1.509999     0.000567
     0.025641     1.509999     0.000487
     0.051282     1.509999     0.000422
     0.076923     1.509999     0.000363
     0.102564     1.509999     0.000303
     0.128205     1.509999     0.000237
     0.153846     1.509999     0.000160
     0.179487     1.509999     0.000079
     0.205128     1.509999     0.000024
     0.230769     1.509999     0.000003
     0.256410     1.509999     0.000000
     0.282051     1.509999     0.000000
     0.307692     1.509999     0.000000
     0.333333     1.509999     0.000000
     0.358974     1.509999     0.000000
     0.384615     1.509999     0.000000
     0.410256     1.509999     0.000000
     0.435897     1.509999     0.000000
     0.461538     1.509999     0.000000
     0.487179     1.509999     0.000000
     0.512821     1.509999     0.000000
     0.538462     1.509999     0.000000
     0.564103     1.509999     0.000000
     0.589744     1.509999     0.000000
     0.615385     1.509999     0.000000
     0.641026     1.509999     0.000000
     0.666667     1.509999     0.000000
     0.692308     1.509999     0.000000
     0.717949     1.509999     0.000000
     0.743590     1.509999     0.000000
     0.769231     1.509999     0.000003
     0.794872     1.509999     0.000024
     0.820513     1.509999     0.000078
     0.846154     1.509999     0.000160
     0.871795     1.509999     0.000237
     0.897436     1.509999     0.000303
     0.923077     1.509999     0.000362
     0.948718     1.509999     0.000421
     0.974359     1.509999     0.000487
     1.000000     1.509999     0.000566
