                 8.386744                 0.000005
                13.045743                 0.000020
                20.805287                 0.000044
                31.657775                 0.000079
                45.591572                 0.000123
                62.591825                 0.000177
                82.642111                 0.000240
               105.718195                 0.000313
               131.793556                 0.000396
               160.841397                 0.000488
               192.831982                 0.000590
               227.728908                 0.000701
               265.496321                 0.000821
               306.092239                 0.000950
               349.470632                 0.001088
               384.286229                 0.001234
               407.841699                 0.001390
               430.934689                 0.001554
               453.878470                 0.001726
               476.845080                 0.001906
               499.317343                 0.002094
               521.781880                 0.002290
               543.287081                 0.002494
               564.168444                 0.002705
               584.542329                 0.002923
               603.157281                 0.003148
               619.894052                 0.003380
               635.316074                 0.003619
               648.900553                 0.003863
               660.688516                 0.004114
               670.766217                 0.004371
               680.168577                 0.004633
               686.970015                 0.004900
               692.975112                 0.005173
               694.460949                 0.005450
               700.504892                 0.005732
               701.488262                 0.006018
               701.105399                 0.006307
               698.857716                 0.006601
               696.339027                 0.006898
               691.393700                 0.007197
               685.663619                 0.007500
               678.756765                 0.007805
               670.395765                 0.008112
               661.175949                 0.008421
               651.622598                 0.008732
               641.113628                 0.009044
               630.395357                 0.009357
               619.015220                 0.009670
               607.454372                 0.009984
