     0.000000    -0.009999     0.000070
     0.025641    -0.009999     0.000060
     0.051282    -0.009999     0.000052
     0.076923    -0.009999     0.000045
     0.102564    -0.009999     0.000037
     0.128205    -0.009999     0.000029
     0.153846    -0.009999     0.000020
     0.179487    -0.009999     0.000010
     0.205128    -0.009999     0.000003
     0.230769    -0.009999     0.000000
     0.256410    -0.009999     0.000000
     0.282051    -0.009999     0.000000
     0.307692    -0.009999     0.000000
     0.333333    -0.009999     0.000000
     0.358974    -0.009999     0.000000
     0.384615    -0.009999     0.000000
     0.410256    -0.009999     0.000000
     0.435897    -0.009999     0.000000
     0.461538    -0.009999     0.000000
     0.487179    -0.009999     0.000000
     0.512821    -0.009999     0.000000
     0.538462    -0.009999     0.000000
     0.564103    -0.009999     0.000000
     0.589744    -0.009999     0.000000
     0.615385    -0.009999     0.000000
     0.641026    -0.009999     0.000000
     0.666667    -0.009999     0.000000
     0.692308    -0.009999     0.000000
     0.717949    -0.009999     0.000000
     0.743590    -0.009999     0.000000
     0.769231    -0.009999     0.000000
     0.794872    -0.009999     0.000003
     0.820513    -0.009999     0.000010
     0.846154    -0.009999     0.000020
     0.871795    -0.009999     0.000029
     0.897436    -0.009999     0.000037
     0.923077    -0.009999     0.000045
     0.948718    -0.009999     0.000052
     0.974359    -0.009999     0.000060
     1.000000    -0.009999     0.000070
     0.000088     0.015491     0.000064
     0.025627     0.015443     0.000055
     0.051329     0.015474     0.000048
     0.076929     0.015461     0.000041
     0.102588     0.015462     0.000035
     0.128211     0.015458     0.000028
     0.153856     0.015455     0.000020
     0.179490     0.015453     0.000011
     0.205132     0.015452     0.000004
     0.230772     0.015450     0.000001
     0.256412     0.015448     0.000000
     0.282054     0.015447     0.000000
     0.307693     0.015446     0.000000
     0.333336     0.015444     0.000000
     0.358974     0.015444     0.000000
     0.384617     0.015443     0.000000
     0.410256     0.015442     0.000000
     0.435899     0.015442     0.000000
     0.461537     0.015442     0.000000
     0.487182     0.015442     0.000000
     0.512819     0.015442     0.000000
     0.538464     0.015442     0.000000
     0.564101     0.015442     0.000000
     0.589745     0.015442     0.000000
     0.615384     0.015443     0.000000
     0.641027     0.015444     0.000000
     0.666665     0.015444     0.000000
     0.692308     0.015446     0.000000
     0.717948     0.015447     0.000000
     0.743589     0.015448     0.000000
     0.769229     0.015450     0.000001
     0.794868     0.015451     0.000004
     0.820510     0.015453     0.000011
     0.846144     0.015455     0.000020
     0.871790     0.015457     0.000028
     0.897413     0.015461     0.000035
     0.923072     0.015460     0.000041
     0.948672     0.015473     0.000048
     0.974373     0.015443     0.000055
     0.999914     0.015490     0.000064
     0.000310     0.041184     0.000061
     0.025825     0.041053     0.000052
     0.051382     0.041006     0.000045
     0.077024     0.041023     0.000039
     0.102635     0.040993     0.000033
     0.128272     0.040996     0.000027
     0.153900     0.040977     0.000019
     0.179532     0.040973     0.000011
     0.205169     0.040959     0.000005
     0.230798     0.040955     0.000001
     0.256441     0.040945     0.000000
     0.282068     0.040942     0.000000
     0.307716     0.040934     0.000000
     0.333342     0.040933     0.000000
     0.358994     0.040927     0.000000
     0.384619     0.040926     0.000000
     0.410272     0.040921     0.000000
     0.435896     0.040921     0.000000
     0.461551     0.040919     0.000000
     0.487173     0.040919     0.000000
     0.512829     0.040919     0.000000
     0.538452     0.040919     0.000000
     0.564107     0.040922     0.000000
     0.589730     0.040921     0.000000
     0.615383     0.040926     0.000000
     0.641009     0.040926     0.000000
     0.666660     0.040933     0.000000
     0.692287     0.040934     0.000000
     0.717935     0.040942     0.000000
     0.743562     0.040944     0.000000
     0.769205     0.040954     0.000001
     0.794834     0.040958     0.000005
     0.820471     0.040973     0.000011
     0.846102     0.040976     0.000019
     0.871731     0.040995     0.000027
     0.897368     0.040991     0.000033
     0.922979     0.041021     0.000039
     0.948621     0.041003     0.000045
     0.974179     0.041051     0.000052
     0.999694     0.041179     0.000061
     0.000296     0.066659     0.000059
     0.025924     0.066624     0.000051
     0.051446     0.066529     0.000043
     0.077058     0.066487     0.000037
     0.102674     0.066476     0.000031
     0.128291     0.066450     0.000025
     0.153914     0.066440     0.000018
     0.179544     0.066425     0.000011
     0.205172     0.066417     0.000005
     0.230812     0.066405     0.000002
     0.256440     0.066399     0.000000
     0.282085     0.066388     0.000000
     0.307712     0.066384     0.000000
     0.333361     0.066375     0.000000
     0.358985     0.066373     0.000000
     0.384637     0.066366     0.000000
     0.410260     0.066366     0.000000
     0.435914     0.066362     0.000000
     0.461536     0.066362     0.000000
     0.487192     0.066361     0.000000
     0.512813     0.066360     0.000000
     0.538469     0.066362     0.000000
     0.564091     0.066361     0.000000
     0.589745     0.066366     0.000000
     0.615368     0.066366     0.000000
     0.641020     0.066373     0.000000
     0.666644     0.066374     0.000000
     0.692293     0.066383     0.000000
     0.717919     0.066387     0.000000
     0.743565     0.066398     0.000000
     0.769192     0.066404     0.000002
     0.794833     0.066416     0.000005
     0.820460     0.066424     0.000011
     0.846091     0.066438     0.000018
     0.871714     0.066449     0.000025
     0.897331     0.066474     0.000031
     0.922947     0.066485     0.000037
     0.948559     0.066525     0.000043
     0.974082     0.066621     0.000050
     0.999710     0.066655     0.000059
     0.000410     0.092210     0.000060
     0.025972     0.092165     0.000051
     0.051585     0.092126     0.000043
     0.077131     0.092046     0.000037
     0.102752     0.092024     0.000030
     0.128361     0.092003     0.000024
     0.153991     0.091974     0.000017
     0.179602     0.091955     0.000010
     0.205240     0.091928     0.000005
     0.230849     0.091917     0.000002
     0.256496     0.091895     0.000000
     0.282104     0.091890     0.000000
     0.307760     0.091872     0.000000
     0.333367     0.091870     0.000000
     0.359028     0.091856     0.000000
     0.384633     0.091856     0.000000
     0.410298     0.091845     0.000000
     0.435900     0.091846     0.000000
     0.461568     0.091840     0.000000
     0.487168     0.091841     0.000000
     0.512837     0.091841     0.000000
     0.538437     0.091840     0.000000
     0.564105     0.091846     0.000000
     0.589707     0.091845     0.000000
     0.615372     0.091855     0.000000
     0.640977     0.091856     0.000000
     0.666639     0.091869     0.000000
     0.692245     0.091872     0.000000
     0.717901     0.091889     0.000000
     0.743509     0.091894     0.000000
     0.769157     0.091915     0.000002
     0.794765     0.091926     0.000005
     0.820404     0.091953     0.000010
     0.846014     0.091971     0.000017
     0.871645     0.092000     0.000024
     0.897253     0.092021     0.000030
     0.922876     0.092043     0.000037
     0.948421     0.092121     0.000043
     0.974035     0.092160     0.000051
     0.999597     0.092202     0.000059
     0.000382     0.117734     0.000061
     0.026007     0.117678     0.000052
     0.051592     0.117615     0.000044
     0.077208     0.117571     0.000037
     0.102769     0.117498     0.000030
     0.128392     0.117463     0.000023
     0.153989     0.117435     0.000015
     0.179625     0.117408     0.000009
     0.205232     0.117393     0.000004
     0.230877     0.117368     0.000002
     0.256487     0.117359     0.000000
     0.282138     0.117335     0.000000
     0.307748     0.117328     0.000000
     0.333401     0.117309     0.000000
     0.359010     0.117308     0.000000
     0.384667     0.117294     0.000000
     0.410274     0.117296     0.000000
     0.435934     0.117286     0.000000
     0.461540     0.117288     0.000000
     0.487202     0.117285     0.000000
     0.512807     0.117284     0.000000
     0.538469     0.117288     0.000000
     0.564075     0.117285     0.000000
     0.589735     0.117295     0.000000
     0.615342     0.117293     0.000000
     0.640999     0.117308     0.000000
     0.666608     0.117309     0.000000
     0.692261     0.117328     0.000000
     0.717871     0.117333     0.000000
     0.743521     0.117357     0.000000
     0.769132     0.117366     0.000002
     0.794776     0.117391     0.000004
     0.820383     0.117406     0.000009
     0.846020     0.117432     0.000015
     0.871617     0.117461     0.000023
     0.897240     0.117495     0.000030
     0.922801     0.117567     0.000037
     0.948419     0.117611     0.000044
     0.974004     0.117671     0.000052
     0.999630     0.117726     0.000061
     0.000512     0.143231     0.000063
     0.026071     0.143198     0.000054
     0.051682     0.143160     0.000045
     0.077250     0.143111     0.000037
     0.102892     0.143075     0.000030
     0.128466     0.143024     0.000022
     0.154106     0.142981     0.000014
     0.179685     0.142946     0.000008
     0.205333     0.142906     0.000004
     0.230915     0.142885     0.000001
     0.256573     0.142852     0.000000
     0.282155     0.142843     0.000000
     0.307823     0.142818     0.000000
     0.333403     0.142814     0.000000
     0.359077     0.142793     0.000000
     0.384655     0.142792     0.000000
     0.410334     0.142775     0.000000
     0.435908     0.142778     0.000000
     0.461591     0.142768     0.000000
     0.487163     0.142768     0.000000
     0.512846     0.142768     0.000000
     0.538417     0.142767     0.000000
     0.564100     0.142778     0.000000
     0.589674     0.142775     0.000000
     0.615353     0.142791     0.000000
     0.640931     0.142792     0.000000
     0.666605     0.142813     0.000000
     0.692185     0.142817     0.000000
     0.717854     0.142842     0.000000
     0.743435     0.142851     0.000000
     0.769094     0.142883     0.000001
     0.794675     0.142904     0.000004
     0.820324     0.142943     0.000008
     0.845903     0.142977     0.000014
     0.871544     0.143019     0.000022
     0.897117     0.143069     0.000030
     0.922760     0.143105     0.000037
     0.948328     0.143153     0.000045
     0.973940     0.143191     0.000054
     0.999499     0.143221     0.000063
     0.000472     0.168811     0.000063
     0.026100     0.168729     0.000054
     0.051687     0.168667     0.000045
     0.077307     0.168601     0.000037
     0.102869     0.168526     0.000029
     0.128495     0.168482     0.000021
     0.154079     0.168440     0.000014
     0.179718     0.168400     0.000008
     0.205311     0.168378     0.000004
     0.230958     0.168338     0.000001
     0.256554     0.168326     0.000000
     0.282205     0.168288     0.000000
     0.307800     0.168281     0.000000
     0.333454     0.168251     0.000000
     0.359048     0.168251     0.000000
     0.384705     0.168229     0.000000
     0.410298     0.168234     0.000000
     0.435958     0.168217     0.000000
     0.461549     0.168222     0.000000
     0.487211     0.168216     0.000000
     0.512802     0.168217     0.000000
     0.538465     0.168222     0.000000
     0.564055     0.168216     0.000000
     0.589715     0.168233     0.000000
     0.615308     0.168228     0.000000
     0.640965     0.168251     0.000000
     0.666560     0.168250     0.000000
     0.692213     0.168280     0.000000
     0.717808     0.168287     0.000000
     0.743459     0.168324     0.000000
     0.769055     0.168336     0.000001
     0.794701     0.168375     0.000004
     0.820295     0.168397     0.000008
     0.845934     0.168437     0.000014
     0.871518     0.168478     0.000021
     0.897145     0.168522     0.000029
     0.922707     0.168596     0.000037
     0.948328     0.168660     0.000045
     0.973916     0.168721     0.000054
     0.999545     0.168802     0.000063
     0.000641     0.194258     0.000060
     0.026180     0.194233     0.000052
     0.051792     0.194187     0.000043
     0.077366     0.194151     0.000036
     0.103017     0.194117     0.000028
     0.128574     0.194046     0.000021
     0.154225     0.193991     0.000014
     0.179780     0.193940     0.000008
     0.205441     0.193889     0.000004
     0.230994     0.193860     0.000002
     0.256667     0.193816     0.000001
     0.282218     0.193803     0.000001
     0.307902     0.193771     0.000001
     0.333451     0.193764     0.000001
     0.359140     0.193737     0.000001
     0.384685     0.193735     0.000001
     0.410379     0.193714     0.000001
     0.435920     0.193718     0.000000
     0.461619     0.193704     0.000000
     0.487156     0.193705     0.000000
     0.512856     0.193705     0.000000
     0.538392     0.193703     0.000000
     0.564092     0.193718     0.000000
     0.589632     0.193713     0.000001
     0.615327     0.193735     0.000001
     0.640871     0.193736     0.000001
     0.666561     0.193763     0.000001
     0.692110     0.193769     0.000001
     0.717794     0.193801     0.000001
     0.743344     0.193814     0.000001
     0.769018     0.193857     0.000002
     0.794572     0.193886     0.000004
     0.820233     0.193937     0.000008
     0.845787     0.193986     0.000014
     0.871440     0.194041     0.000021
     0.896996     0.194109     0.000028
     0.922648     0.194142     0.000036
     0.948221     0.194178     0.000043
     0.973834     0.194223     0.000051
     0.999373     0.194245     0.000060
     0.000573     0.219911     0.000056
     0.026213     0.219796     0.000048
     0.051796     0.219715     0.000041
     0.077396     0.219620     0.000034
     0.102959     0.219553     0.000028
     0.128602     0.219493     0.000022
     0.154177     0.219449     0.000015
     0.179826     0.219393     0.000009
     0.205406     0.219369     0.000005
     0.231056     0.219312     0.000004
     0.256637     0.219303     0.000003
     0.282287     0.219248     0.000004
     0.307867     0.219243     0.000004
     0.333517     0.219200     0.000004
     0.359099     0.219204     0.000003
     0.384750     0.219172     0.000003
     0.410333     0.219183     0.000002
     0.435984     0.219157     0.000002
     0.461564     0.219167     0.000002
     0.487218     0.219159     0.000001
     0.512799     0.219159     0.000001
     0.538453     0.219167     0.000002
     0.564034     0.219156     0.000002
     0.589685     0.219182     0.000002
     0.615268     0.219171     0.000003
     0.640919     0.219204     0.000003
     0.666501     0.219198     0.000003
     0.692150     0.219241     0.000004
     0.717731     0.219245     0.000003
     0.743380     0.219300     0.000003
     0.768962     0.219309     0.000004
     0.794611     0.219367     0.000005
     0.820192     0.219389     0.000009
     0.845840     0.219445     0.000015
     0.871416     0.219488     0.000022
     0.897060     0.219548     0.000028
     0.922623     0.219614     0.000034
     0.948223     0.219707     0.000040
     0.973806     0.219784     0.000048
     0.999448     0.219900     0.000056
     0.000808     0.245285     0.000052
     0.026315     0.245266     0.000045
     0.051930     0.245236     0.000039
     0.077497     0.245213     0.000034
     0.103156     0.245142     0.000029
     0.128694     0.245062     0.000023
     0.154360     0.244998     0.000017
     0.179888     0.244932     0.000012
     0.205565     0.244875     0.000009
     0.231087     0.244836     0.000008
     0.256780     0.244788     0.000008
     0.282294     0.244768     0.000009
     0.307999     0.244735     0.000009
     0.333508     0.244721     0.000009
     0.359217     0.244693     0.000008
     0.384719     0.244687     0.000008
     0.410435     0.244663     0.000006
     0.435932     0.244669     0.000006
     0.461653     0.244651     0.000005
     0.487146     0.244652     0.000005
     0.512868     0.244652     0.000005
     0.538361     0.244650     0.000005
     0.564082     0.244669     0.000006
     0.589580     0.244662     0.000006
     0.615295     0.244687     0.000007
     0.640798     0.244691     0.000008
     0.666507     0.244720     0.000009
     0.692017     0.244733     0.000009
     0.717721     0.244766     0.000008
     0.743236     0.244785     0.000008
     0.768929     0.244834     0.000008
     0.794451     0.244871     0.000009
     0.820128     0.244927     0.000012
     0.845657     0.244992     0.000017
     0.871323     0.245055     0.000023
     0.896861     0.245133     0.000029
     0.922520     0.245203     0.000034
     0.948087     0.245224     0.000039
     0.973702     0.245255     0.000045
     0.999208     0.245271     0.000052
     0.000693     0.271049     0.000055
     0.026349     0.270891     0.000048
     0.051892     0.270774     0.000042
     0.077504     0.270637     0.000036
     0.103077     0.270579     0.000032
     0.128725     0.270497     0.000027
     0.154303     0.270458     0.000021
     0.179953     0.270382     0.000017
     0.205528     0.270368     0.000015
     0.231173     0.270287     0.000015
     0.256742     0.270289     0.000016
     0.282382     0.270211     0.000017
     0.307952     0.270215     0.000017
     0.333589     0.270157     0.000017
     0.359165     0.270170     0.000017
     0.384801     0.270126     0.000016
     0.410378     0.270146     0.000015
     0.436009     0.270107     0.000014
     0.461588     0.270125     0.000013
     0.487220     0.270114     0.000012
     0.512802     0.270114     0.000012
     0.538433     0.270126     0.000013
     0.564013     0.270106     0.000014
     0.589644     0.270145     0.000015
     0.615222     0.270124     0.000016
     0.640857     0.270169     0.000017
     0.666434     0.270154     0.000017
     0.692069     0.270213     0.000017
     0.717640     0.270207     0.000017
     0.743280     0.270286     0.000016
     0.768850     0.270282     0.000015
     0.794494     0.270364     0.000015
     0.820069     0.270377     0.000017
     0.845719     0.270453     0.000021
     0.871297     0.270492     0.000026
     0.896946     0.270573     0.000031
     0.922519     0.270630     0.000036
     0.948131     0.270765     0.000042
     0.973674     0.270880     0.000048
     0.999331     0.271036     0.000055
     0.001014     0.296314     0.000100
     0.026480     0.296327     0.000085
     0.052118     0.296323     0.000068
     0.077667     0.296254     0.000051
     0.103333     0.296169     0.000040
     0.128846     0.296062     0.000034
     0.154525     0.296002     0.000030
     0.180018     0.295918     0.000026
     0.205716     0.295865     0.000024
     0.231196     0.295816     0.000025
     0.256915     0.295769     0.000027
     0.282385     0.295738     0.000029
     0.308117     0.295713     0.000030
     0.333573     0.295686     0.000030
     0.359311     0.295663     0.000029
     0.384754     0.295650     0.000028
     0.410502     0.295628     0.000028
     0.435944     0.295632     0.000027
     0.461695     0.295613     0.000026
     0.487133     0.295611     0.000025
     0.512884     0.295612     0.000025
     0.538323     0.295611     0.000026
     0.564073     0.295632     0.000027
     0.589516     0.295626     0.000028
     0.615263     0.295649     0.000028
     0.640707     0.295660     0.000029
     0.666444     0.295685     0.000030
     0.691902     0.295710     0.000030
     0.717633     0.295737     0.000029
     0.743104     0.295765     0.000027
     0.768823     0.295813     0.000025
     0.794303     0.295860     0.000024
     0.820003     0.295913     0.000025
     0.845495     0.295995     0.000029
     0.871175     0.296054     0.000034
     0.896687     0.296159     0.000040
     0.922354     0.296243     0.000051
     0.947902     0.296310     0.000068
     0.973541     0.296314     0.000085
     0.999007     0.296300     0.000100
     0.000806     0.322230     0.000304
     0.026480     0.322010     0.000273
     0.052009     0.321818     0.000219
     0.077669     0.321648     0.000154
     0.103230     0.321604     0.000099
     0.128900     0.321493     0.000064
     0.154465     0.321474     0.000049
     0.180123     0.321367     0.000043
     0.205679     0.321378     0.000041
     0.231319     0.321262     0.000042
     0.256870     0.321290     0.000045
     0.282492     0.321177     0.000047
     0.308057     0.321203     0.000048
     0.333669     0.321122     0.000049
     0.359245     0.321154     0.000049
     0.384855     0.321090     0.000049
     0.410435     0.321127     0.000048
     0.436026     0.321067     0.000048
     0.461628     0.321101     0.000047
     0.487207     0.321082     0.000047
     0.512819     0.321082     0.000047
     0.538398     0.321102     0.000047
     0.564001     0.321066     0.000048
     0.589591     0.321126     0.000048
     0.615172     0.321087     0.000049
     0.640781     0.321153     0.000049
     0.666359     0.321119     0.000049
     0.691969     0.321200     0.000048
     0.717535     0.321173     0.000047
     0.743156     0.321286     0.000044
     0.768708     0.321257     0.000042
     0.794348     0.321374     0.000041
     0.819903     0.321362     0.000043
     0.845562     0.321468     0.000048
     0.871125     0.321487     0.000064
     0.896797     0.321598     0.000099
     0.922357     0.321640     0.000154
     0.948018     0.321809     0.000219
     0.973547     0.321998     0.000274
     0.999222     0.322216     0.000305
     0.001264     0.347342     0.000794
     0.026720     0.347390     0.000738
     0.052395     0.347389     0.000641
     0.077893     0.347271     0.000508
     0.103572     0.347195     0.000361
     0.129042     0.347044     0.000228
     0.154741     0.347014     0.000141
     0.180173     0.346899     0.000101
     0.205899     0.346870     0.000084
     0.231318     0.346801     0.000079
     0.257079     0.346767     0.000078
     0.282503     0.346712     0.000079
     0.308254     0.346714     0.000080
     0.333654     0.346658     0.000082
     0.359421     0.346655     0.000083
     0.384771     0.346619     0.000083
     0.410589     0.346617     0.000084
     0.435946     0.346602     0.000084
     0.461744     0.346595     0.000084
     0.487112     0.346581     0.000084
     0.512909     0.346583     0.000084
     0.538277     0.346593     0.000084
     0.564074     0.346603     0.000084
     0.589432     0.346615     0.000084
     0.615247     0.346618     0.000083
     0.640600     0.346651     0.000083
     0.666367     0.346657     0.000081
     0.691768     0.346710     0.000080
     0.717519     0.346710     0.000079
     0.742942     0.346763     0.000078
     0.768705     0.346798     0.000078
     0.794121     0.346865     0.000084
     0.819852     0.346894     0.000100
     0.845283     0.347007     0.000141
     0.870983     0.347035     0.000228
     0.896452     0.347184     0.000362
     0.922132     0.347259     0.000511
     0.947629     0.347375     0.000643
     0.973305     0.347376     0.000742
     0.998760     0.347328     0.000797
     0.000924     0.373407     0.001522
     0.026626     0.373085     0.001438
     0.052182     0.372839     0.001309
     0.077887     0.372639     0.001135
     0.103452     0.372638     0.000918
     0.129132     0.372475     0.000674
     0.154683     0.372522     0.000452
     0.180351     0.372359     0.000303
     0.205876     0.372436     0.000217
     0.231503     0.372235     0.000170
     0.257045     0.372303     0.000145
     0.282605     0.372148     0.000135
     0.308187     0.372230     0.000133
     0.333750     0.372082     0.000133
     0.359348     0.372211     0.000135
     0.384922     0.372050     0.000137
     0.410497     0.372138     0.000138
     0.436024     0.372034     0.000139
     0.461691     0.372100     0.000141
     0.487173     0.372061     0.000141
     0.512858     0.372061     0.000141
     0.538339     0.372100     0.000141
     0.564007     0.372032     0.000139
     0.589532     0.372137     0.000138
     0.615111     0.372048     0.000137
     0.640682     0.372208     0.000135
     0.666281     0.372078     0.000133
     0.691842     0.372226     0.000133
     0.717426     0.372144     0.000135
     0.742985     0.372299     0.000145
     0.768527     0.372230     0.000169
     0.794159     0.372429     0.000218
     0.819678     0.372352     0.000304
     0.845350     0.372516     0.000454
     0.870896     0.372469     0.000677
     0.896581     0.372633     0.000921
     0.922143     0.372631     0.001140
     0.947850     0.372830     0.001315
     0.973404     0.373073     0.001445
     0.999107     0.373392     0.001529
     0.001638     0.398361     0.002345
     0.027074     0.398402     0.002229
     0.052779     0.398433     0.002086
     0.078151     0.398248     0.001908
     0.103892     0.398223     0.001680
     0.129254     0.398006     0.001394
     0.155004     0.398046     0.001068
     0.180290     0.397880     0.000774
     0.206160     0.397912     0.000563
     0.231476     0.397771     0.000416
     0.257342     0.397850     0.000318
     0.282624     0.397716     0.000258
     0.308463     0.397773     0.000226
     0.333695     0.397649     0.000213
     0.359564     0.397677     0.000210
     0.384822     0.397600     0.000212
     0.410691     0.397696     0.000214
     0.435997     0.397556     0.000217
     0.461736     0.397619     0.000218
     0.487165     0.397558     0.000219
     0.512858     0.397560     0.000219
     0.538289     0.397614     0.000218
     0.564026     0.397559     0.000217
     0.589336     0.397692     0.000214
     0.615200     0.397600     0.000212
     0.640460     0.397672     0.000210
     0.666328     0.397647     0.000213
     0.691563     0.397770     0.000226
     0.717401     0.397713     0.000258
     0.742682     0.397847     0.000318
     0.768552     0.397762     0.000417
     0.793863     0.397910     0.000564
     0.819738     0.397873     0.000777
     0.845020     0.398039     0.001072
     0.870774     0.397997     0.001400
     0.896135     0.398210     0.001687
     0.921878     0.398236     0.001916
     0.947248     0.398419     0.002095
     0.972955     0.398388     0.002239
     0.998391     0.398346     0.002355
     0.001087     0.424582     0.003141
     0.026821     0.424079     0.002995
     0.052435     0.423893     0.002851
     0.078145     0.423585     0.002693
     0.103789     0.423692     0.002498
     0.129407     0.423465     0.002239
     0.155011     0.423704     0.001898
     0.180586     0.423337     0.001511
     0.206161     0.423494     0.001175
     0.231615     0.423199     0.000908
     0.257270     0.423375     0.000699
     0.282713     0.423151     0.000545
     0.308426     0.423335     0.000438
     0.333885     0.423124     0.000370
     0.359490     0.423259     0.000333
     0.384973     0.423098     0.000318
     0.410541     0.423092     0.000315
     0.436166     0.423155     0.000316
     0.461666     0.423054     0.000318
     0.487313     0.423111     0.000319
     0.512725     0.423107     0.000319
     0.538370     0.423055     0.000318
     0.563867     0.423151     0.000316
     0.589493     0.423091     0.000315
     0.615063     0.423098     0.000318
     0.640548     0.423256     0.000334
     0.666146     0.423119     0.000371
     0.691609     0.423328     0.000439
     0.717319     0.423148     0.000548
     0.742772     0.423368     0.000702
     0.768415     0.423196     0.000912
     0.793877     0.423487     0.001180
     0.819448     0.423330     0.001518
     0.845026     0.423697     0.001906
     0.870627     0.423457     0.002247
     0.896247     0.423688     0.002508
     0.921889     0.423576     0.002704
     0.947599     0.423884     0.002863
     0.973213     0.424065     0.003007
     0.998946     0.424566     0.003155
     0.002320     0.449413     0.003843
     0.027561     0.449283     0.003670
     0.053404     0.449554     0.003528
     0.078334     0.449139     0.003400
     0.104291     0.449273     0.003256
     0.129219     0.448969     0.003059
     0.155362     0.449111     0.002773
     0.180442     0.448831     0.002385
     0.206578     0.449073     0.001981
     0.231658     0.448805     0.001620
     0.257603     0.448950     0.001313
     0.282752     0.448760     0.001060
     0.308576     0.448763     0.000856
     0.333904     0.448791     0.000699
     0.359642     0.448687     0.000585
     0.385118     0.448773     0.000511
     0.410647     0.448635     0.000468
     0.436140     0.448643     0.000448
     0.461762     0.448614     0.000442
     0.487133     0.448654     0.000442
     0.512896     0.448655     0.000442
     0.538265     0.448614     0.000443
     0.563889     0.448645     0.000449
     0.589382     0.448631     0.000469
     0.614907     0.448769     0.000512
     0.640387     0.448687     0.000588
     0.666122     0.448790     0.000703
     0.691452     0.448759     0.000861
     0.717275     0.448752     0.001065
     0.742421     0.448946     0.001320
     0.768370     0.448798     0.001628
     0.793451     0.449067     0.001990
     0.819586     0.448825     0.002395
     0.844667     0.449102     0.002783
     0.870809     0.448959     0.003071
     0.895736     0.449260     0.003268
     0.921699     0.449128     0.003413
     0.946627     0.449539     0.003542
     0.972475     0.449269     0.003684
     0.997715     0.449398     0.003859
     0.002031     0.476398     0.004422
     0.026514     0.474810     0.004231
     0.053255     0.475216     0.004098
     0.078422     0.474574     0.003999
     0.104555     0.475009     0.003903
     0.129637     0.474571     0.003775
     0.155369     0.474692     0.003567
     0.180768     0.474374     0.003241
     0.206264     0.474443     0.002846
     0.231970     0.474388     0.002451
     0.257337     0.474378     0.002085
     0.283185     0.474387     0.001762
     0.308389     0.474300     0.001483
     0.334187     0.474289     0.001243
     0.359479     0.474192     0.001041
     0.385175     0.474257     0.000877
     0.410721     0.474200     0.000753
     0.436227     0.474186     0.000669
     0.461733     0.474241     0.000619
     0.487278     0.474141     0.000597
     0.512762     0.474137     0.000597
     0.538306     0.474243     0.000620
     0.563813     0.474178     0.000670
     0.589318     0.474205     0.000756
     0.614864     0.474256     0.000882
     0.640560     0.474190     0.001047
     0.665852     0.474286     0.001250
     0.691650     0.474292     0.001492
     0.716850     0.474386     0.001772
     0.742705     0.474369     0.002096
     0.768067     0.474381     0.002463
     0.793776     0.474437     0.002858
     0.819268     0.474366     0.003253
     0.844671     0.474682     0.003581
     0.870400     0.474567     0.003789
     0.895490     0.475001     0.003917
     0.921611     0.474566     0.004014
     0.946787     0.475204     0.004114
     0.973521     0.474794     0.004248
     0.998001     0.476385     0.004440
     0.009148     0.503611     0.004884
     0.030375     0.501028     0.004689
     0.053475     0.500373     0.004563
     0.078748     0.500215     0.004482
     0.104138     0.500192     0.004422
     0.129926     0.500371     0.004352
     0.155463     0.499970     0.004218
     0.181111     0.500195     0.003972
     0.206545     0.499964     0.003642
     0.232065     0.500018     0.003280
     0.257615     0.499872     0.002912
     0.283052     0.499924     0.002562
     0.308763     0.499914     0.002243
     0.334132     0.499843     0.001953
     0.359848     0.499899     0.001688
     0.385157     0.499689     0.001448
     0.410826     0.499807     0.001237
     0.436166     0.499776     0.001060
     0.461830     0.499729     0.000927
     0.487243     0.499792     0.000855
     0.512786     0.499794     0.000856
     0.538202     0.499728     0.000929
     0.563868     0.499781     0.001064
     0.589198     0.499804     0.001243
     0.614878     0.499684     0.001455
     0.640180     0.499899     0.001697
     0.665905     0.499841     0.001964
     0.691263     0.499915     0.002256
     0.716977     0.499911     0.002576
     0.742413     0.499871     0.002926
     0.767963     0.500012     0.003294
     0.793483     0.499958     0.003655
     0.818921     0.500192     0.003987
     0.844563     0.499961     0.004234
     0.870104     0.500357     0.004369
     0.895888     0.500178     0.004439
     0.921293     0.500204     0.004498
     0.946563     0.500354     0.004579
     0.969655     0.501027     0.004707
     0.990869     0.503605     0.004904
     0.016406     0.534091     0.005227
     0.040357     0.531926     0.005046
     0.060687     0.529107     0.004928
     0.084014     0.526726     0.004857
     0.106282     0.526872     0.004819
     0.130986     0.525834     0.004783
     0.155836     0.525905     0.004705
     0.181351     0.525594     0.004539
     0.206860     0.525722     0.004298
     0.232415     0.525565     0.004012
     0.257858     0.525684     0.003696
     0.283373     0.525506     0.003370
     0.308801     0.525526     0.003050
     0.334401     0.525433     0.002741
     0.359843     0.525436     0.002446
     0.385502     0.525491     0.002164
     0.410833     0.525439     0.001895
     0.436483     0.525463     0.001651
     0.461784     0.525433     0.001461
     0.487295     0.525444     0.001357
     0.512749     0.525441     0.001358
     0.538256     0.525429     0.001466
     0.563558     0.525463     0.001658
     0.589218     0.525444     0.001904
     0.614538     0.525489     0.002174
     0.640197     0.525430     0.002459
     0.665642     0.525429     0.002757
     0.691239     0.525529     0.003066
     0.716675     0.525501     0.003386
     0.742174     0.525676     0.003711
     0.767633     0.525557     0.004027
     0.793175     0.525714     0.004315
     0.818689     0.525586     0.004556
     0.844210     0.525896     0.004723
     0.869063     0.525828     0.004802
     0.893770     0.526866     0.004838
     0.915991     0.526718     0.004876
     0.939296     0.529111     0.004945
     0.959604     0.531930     0.005064
     0.983531     0.534108     0.005247
     0.013783     0.557445     0.005425
     0.039968     0.558514     0.005282
     0.064861     0.557591     0.005182
     0.087820     0.555950     0.005120
     0.111174     0.555264     0.005088
     0.134816     0.552814     0.005066
     0.158236     0.552357     0.005023
     0.182569     0.551653     0.004930
     0.207286     0.551397     0.004793
     0.232590     0.551290     0.004607
     0.258118     0.551170     0.004379
     0.283627     0.551213     0.004118
     0.309154     0.551147     0.003835
     0.334593     0.551114     0.003538
     0.360050     0.551065     0.003240
     0.385472     0.550984     0.002943
     0.410999     0.551099     0.002664
     0.436364     0.551045     0.002432
     0.461969     0.551176     0.002273
     0.487253     0.551093     0.002195
     0.512785     0.551104     0.002197
     0.538059     0.551177     0.002278
     0.563671     0.551039     0.002441
     0.589031     0.551096     0.002676
     0.614565     0.550990     0.002959
     0.639984     0.551063     0.003256
     0.665434     0.551116     0.003555
     0.690880     0.551144     0.003851
     0.716395     0.551214     0.004134
     0.741914     0.551167     0.004396
     0.767440     0.551280     0.004626
     0.792732     0.551395     0.004812
     0.817491     0.551645     0.004949
     0.841761     0.552357     0.005042
     0.865186     0.552784     0.005086
     0.888800     0.555290     0.005108
     0.912166     0.555987     0.005140
     0.935163     0.557591     0.005202
     0.960070     0.558557     0.005301
     0.986268     0.557468     0.005444
     0.015896     0.585001     0.005406
     0.041064     0.583940     0.005338
     0.067210     0.583890     0.005277
     0.091896     0.583012     0.005233
     0.115949     0.581548     0.005205
     0.140091     0.580552     0.005189
     0.163169     0.580392     0.005175
     0.186923     0.578750     0.005163
     0.210035     0.578376     0.005132
     0.234164     0.577276     0.005057
     0.258571     0.577148     0.004934
     0.283878     0.576797     0.004766
     0.309212     0.576805     0.004552
     0.334859     0.576727     0.004298
     0.360331     0.576806     0.004022
     0.385768     0.576826     0.003756
     0.411116     0.576834     0.003541
     0.436579     0.576774     0.003402
     0.461832     0.576841     0.003333
     0.487449     0.576890     0.003309
     0.512581     0.576893     0.003311
     0.538233     0.576835     0.003339
     0.563467     0.576771     0.003412
     0.588930     0.576837     0.003556
     0.614277     0.576824     0.003773
     0.639699     0.576814     0.004039
     0.665187     0.576719     0.004315
     0.690825     0.576811     0.004569
     0.716176     0.576795     0.004783
     0.741478     0.577133     0.004953
     0.765871     0.577289     0.005078
     0.790014     0.578345     0.005154
     0.813047     0.578752     0.005185
     0.836875     0.580434     0.005196
     0.859911     0.580566     0.005209
     0.884032     0.581553     0.005225
     0.908131     0.582977     0.005253
     0.932749     0.583873     0.005298
     0.958900     0.583928     0.005358
     0.984060     0.585018     0.005425
     0.014665     0.608679     0.005072
     0.040493     0.609250     0.005121
     0.065496     0.609229     0.005133
     0.091528     0.609793     0.005130
     0.116761     0.609004     0.005123
     0.141163     0.607904     0.005127
     0.166171     0.607279     0.005165
     0.190783     0.606456     0.005256
     0.214913     0.606121     0.005338
     0.238801     0.604787     0.005378
     0.262261     0.604050     0.005368
     0.285857     0.603172     0.005303
     0.310197     0.602765     0.005173
     0.334996     0.602404     0.004990
     0.360336     0.602440     0.004791
     0.385822     0.602426     0.004632
     0.411289     0.602528     0.004548
     0.436658     0.602643     0.004528
     0.461953     0.602564     0.004538
     0.487283     0.602644     0.004550
     0.512768     0.602614     0.004552
     0.538079     0.602557     0.004544
     0.563356     0.602661     0.004538
     0.588748     0.602517     0.004562
     0.614196     0.602447     0.004648
     0.639720     0.602434     0.004807
     0.665035     0.602405     0.005007
     0.689836     0.602755     0.005190
     0.714168     0.603171     0.005322
     0.737716     0.604075     0.005389
     0.761177     0.604781     0.005399
     0.784981     0.606184     0.005361
     0.809208     0.606430     0.005279
     0.833744     0.607263     0.005187
     0.858744     0.607937     0.005146
     0.883275     0.608970     0.005141
     0.908479     0.609849     0.005149
     0.934534     0.609274     0.005152
     0.959520     0.609284     0.005140
     0.985354     0.608698     0.005089
     0.015713     0.635921     0.004344
     0.041143     0.635303     0.004540
     0.067033     0.635030     0.004660
     0.092417     0.634088     0.004734
     0.118311     0.634396     0.004789
     0.143154     0.634002     0.004865
     0.167176     0.633488     0.005005
     0.191539     0.632706     0.005215
     0.216168     0.632499     0.005420
     0.241238     0.631732     0.005581
     0.265443     0.631960     0.005686
     0.290062     0.630708     0.005727
     0.313571     0.629978     0.005702
     0.337598     0.629127     0.005646
     0.361284     0.628609     0.005603
     0.386132     0.628328     0.005604
     0.411156     0.628268     0.005644
     0.436793     0.628371     0.005699
     0.462021     0.628537     0.005745
     0.487442     0.628371     0.005771
     0.512620     0.628408     0.005773
     0.537987     0.628567     0.005751
     0.563272     0.628348     0.005707
     0.588886     0.628279     0.005654
     0.613924     0.628306     0.005616
     0.638767     0.628619     0.005617
     0.662377     0.629155     0.005662
     0.686431     0.629986     0.005721
     0.709844     0.630752     0.005747
     0.734581     0.631947     0.005707
     0.758770     0.631826     0.005601
     0.783893     0.632468     0.005442
     0.808438     0.632689     0.005237
     0.832827     0.633593     0.005027
     0.856998     0.633918     0.004885
     0.881650     0.634349     0.004806
     0.907549     0.634067     0.004749
     0.932930     0.635013     0.004675
     0.958824     0.635304     0.004555
     0.984254     0.635937     0.004358
     0.015107     0.659756     0.003252
     0.040844     0.660144     0.003590
     0.066305     0.660230     0.003838
     0.091905     0.660686     0.004028
     0.117019     0.660480     0.004205
     0.142920     0.661006     0.004418
     0.168618     0.660750     0.004705
     0.193520     0.659795     0.005049
     0.218298     0.658855     0.005382
     0.242737     0.658260     0.005668
     0.267615     0.657641     0.005900
     0.292490     0.657176     0.006075
     0.316805     0.657297     0.006211
     0.341076     0.656702     0.006341
     0.364701     0.656271     0.006478
     0.388240     0.655100     0.006610
     0.411932     0.654536     0.006715
     0.436586     0.654123     0.006787
     0.462057     0.654174     0.006831
     0.487491     0.654388     0.006853
     0.512490     0.654404     0.006854
     0.538049     0.654153     0.006835
     0.563444     0.654127     0.006792
     0.588076     0.654542     0.006721
     0.611789     0.655104     0.006618
     0.635243     0.656343     0.006489
     0.658959     0.656726     0.006356
     0.683161     0.657356     0.006229
     0.707571     0.657153     0.006095
     0.732414     0.657606     0.005920
     0.757187     0.658240     0.005688
     0.781729     0.658954     0.005402
     0.806339     0.659872     0.005069
     0.831384     0.660505     0.004723
     0.857088     0.661074     0.004436
     0.882970     0.660598     0.004221
     0.908090     0.660715     0.004041
     0.933694     0.660283     0.003848
     0.959159     0.660171     0.003599
     0.984896     0.659768     0.003261
     0.015673     0.686845     0.002051
     0.041125     0.686264     0.002450
     0.066956     0.686051     0.002800
     0.092480     0.685542     0.003128
     0.118124     0.685752     0.003469
     0.143001     0.685084     0.003851
     0.168431     0.685466     0.004289
     0.193860     0.685409     0.004773
     0.218385     0.685392     0.005243
     0.243742     0.684752     0.005679
     0.268166     0.684493     0.006074
     0.293425     0.683946     0.006430
     0.318225     0.683750     0.006761
     0.343429     0.683413     0.007066
     0.367618     0.683678     0.007327
     0.391675     0.683255     0.007518
     0.414808     0.682451     0.007633
     0.438246     0.680930     0.007689
     0.461870     0.680114     0.007708
     0.487235     0.680250     0.007711
     0.512845     0.680126     0.007712
     0.538143     0.680122     0.007709
     0.561744     0.681009     0.007690
     0.585228     0.682439     0.007635
     0.608268     0.683295     0.007521
     0.632450     0.683664     0.007334
     0.656594     0.683445     0.007078
     0.681803     0.683775     0.006774
     0.706568     0.683933     0.006445
     0.731696     0.684623     0.006091
     0.756248     0.684781     0.005696
     0.781560     0.685352     0.005260
     0.806446     0.685454     0.004789
     0.831641     0.685456     0.004303
     0.856841     0.685057     0.003863
     0.881886     0.685716     0.003480
     0.907493     0.685532     0.003137
     0.933026     0.686022     0.002807
     0.958854     0.686260     0.002454
     0.984308     0.686862     0.002053
     0.015589     0.710877     0.001165
     0.041262     0.711071     0.001509
     0.066581     0.711198     0.001892
     0.091895     0.711870     0.002310
     0.117277     0.711969     0.002767
     0.143218     0.712656     0.003274
     0.168567     0.711869     0.003843
     0.194213     0.712145     0.004465
     0.219814     0.711282     0.005090
     0.244508     0.710860     0.005690
     0.269579     0.710279     0.006259
     0.294147     0.709696     0.006793
     0.318663     0.709958     0.007280
     0.343232     0.709951     0.007689
     0.367963     0.710453     0.007997
     0.393314     0.710116     0.008197
     0.417517     0.710200     0.008298
     0.441228     0.709399     0.008328
     0.463933     0.707937     0.008319
     0.487567     0.705862     0.008303
     0.512501     0.705992     0.008302
     0.535965     0.707981     0.008317
     0.558832     0.709357     0.008326
     0.582423     0.710286     0.008297
     0.606718     0.710092     0.008197
     0.632017     0.710449     0.008000
     0.656729     0.710023     0.007695
     0.681356     0.710010     0.007287
     0.705768     0.709843     0.006802
     0.730442     0.710191     0.006270
     0.755633     0.710823     0.005701
     0.780207     0.711173     0.005100
     0.805660     0.712062     0.004475
     0.831369     0.712081     0.003851
     0.856804     0.712718     0.003281
     0.882682     0.711989     0.002773
     0.908112     0.711923     0.002317
     0.933422     0.711242     0.001897
     0.958720     0.711104     0.001512
     0.984391     0.710885     0.001166
     0.015822     0.737829     0.000774
     0.041233     0.737453     0.001040
     0.066575     0.737505     0.001395
     0.092208     0.737004     0.001823
     0.117684     0.736736     0.002317
     0.143125     0.736214     0.002882
     0.168667     0.736813     0.003533
     0.194059     0.736454     0.004259
     0.219503     0.737379     0.005002
     0.244972     0.737225     0.005721
     0.269949     0.737055     0.006405
     0.294708     0.737152     0.007040
     0.319279     0.736857     0.007602
     0.343953     0.736686     0.008051
     0.368393     0.736282     0.008367
     0.392967     0.736511     0.008558
     0.417620     0.737092     0.008645
     0.442782     0.736797     0.008658
     0.466731     0.736226     0.008632
     0.489628     0.734375     0.008607
     0.510284     0.734420     0.008605
     0.533415     0.736250     0.008628
     0.557150     0.736835     0.008653
     0.582411     0.737121     0.008641
     0.607053     0.736503     0.008556
     0.631539     0.736346     0.008366
     0.656074     0.736654     0.008049
     0.680679     0.736919     0.007602
     0.705412     0.737183     0.007043
     0.730152     0.737000     0.006408
     0.754933     0.737261     0.005724
     0.780511     0.737510     0.005004
     0.805961     0.736539     0.004261
     0.831320     0.736742     0.003535
     0.856893     0.736195     0.002885
     0.882325     0.736712     0.002319
     0.907766     0.736957     0.001827
     0.933389     0.737503     0.001399
     0.958764     0.737459     0.001045
     0.984187     0.737842     0.000777
     0.015819     0.762166     0.000775
     0.041235     0.762540     0.001041
     0.066579     0.762482     0.001396
     0.092208     0.762975     0.001824
     0.117673     0.763246     0.002318
     0.143120     0.763790     0.002884
     0.168687     0.763169     0.003535
     0.194037     0.763489     0.004262
     0.219474     0.762609     0.005005
     0.245001     0.762769     0.005725
     0.269928     0.762918     0.006409
     0.294691     0.762856     0.007044
     0.319286     0.763122     0.007605
     0.343927     0.763290     0.008055
     0.368402     0.763713     0.008370
     0.392965     0.763436     0.008560
     0.417592     0.762915     0.008646
     0.442840     0.763159     0.008659
     0.466630     0.763706     0.008633
     0.489590     0.765691     0.008607
     0.510403     0.765517     0.008605
     0.533271     0.763753     0.008627
     0.557204     0.763241     0.008652
     0.582401     0.762869     0.008640
     0.607031     0.763549     0.008555
     0.631565     0.763691     0.008364
     0.656066     0.763343     0.008047
     0.680669     0.763110     0.007599
     0.705397     0.762805     0.007039
     0.730090     0.763051     0.006404
     0.755026     0.762790     0.005720
     0.780535     0.762431     0.005000
     0.805878     0.763498     0.004258
     0.831294     0.763301     0.003532
     0.856899     0.763819     0.002883
     0.882320     0.763313     0.002318
     0.907784     0.763063     0.001826
     0.933400     0.762509     0.001399
     0.958745     0.762541     0.001044
     0.984160     0.762159     0.000777
     0.015597     0.789114     0.001168
     0.041270     0.788917     0.001512
     0.066591     0.788789     0.001896
     0.091898     0.788122     0.002315
     0.117268     0.788020     0.002772
     0.143222     0.787306     0.003280
     0.168609     0.788119     0.003850
     0.194230     0.787865     0.004474
     0.219788     0.788656     0.005100
     0.244490     0.789125     0.005701
     0.269590     0.789736     0.006270
     0.294151     0.790271     0.006804
     0.318695     0.790035     0.007290
     0.343237     0.790031     0.007699
     0.367984     0.789506     0.008006
     0.393320     0.789893     0.008203
     0.417512     0.789729     0.008302
     0.441248     0.790617     0.008331
     0.463913     0.792117     0.008321
     0.487604     0.793933     0.008304
     0.512425     0.794104     0.008302
     0.535989     0.792087     0.008315
     0.558773     0.790562     0.008323
     0.582461     0.789805     0.008293
     0.606678     0.789910     0.008193
     0.632064     0.789567     0.007995
     0.656732     0.790021     0.007687
     0.681380     0.789996     0.007278
     0.705776     0.790218     0.006792
     0.730432     0.789772     0.006258
     0.755655     0.789138     0.005689
     0.780188     0.788950     0.005089
     0.805660     0.787980     0.004464
     0.831414     0.787886     0.003843
     0.856804     0.787300     0.003275
     0.882686     0.788031     0.002768
     0.908097     0.788083     0.002313
     0.933429     0.788788     0.001894
     0.958746     0.788916     0.001510
     0.984423     0.789118     0.001165
     0.015676     0.813146     0.002057
     0.041130     0.813727     0.002458
     0.066958     0.813940     0.002809
     0.092483     0.814452     0.003136
     0.118139     0.814237     0.003478
     0.143006     0.814870     0.003861
     0.168395     0.814500     0.004301
     0.193872     0.814609     0.004786
     0.218389     0.814627     0.005258
     0.243711     0.815195     0.005694
     0.268170     0.815479     0.006091
     0.293430     0.816033     0.006447
     0.318221     0.816235     0.006776
     0.343428     0.816577     0.007081
     0.367612     0.816303     0.007339
     0.391654     0.816735     0.007527
     0.414838     0.817526     0.007640
     0.438166     0.819048     0.007694
     0.461927     0.819834     0.007711
     0.487157     0.819852     0.007713
     0.512719     0.819850     0.007711
     0.538155     0.819835     0.007707
     0.561706     0.819046     0.007685
     0.585178     0.817542     0.007629
     0.608297     0.816747     0.007514
     0.632402     0.816317     0.007324
     0.656616     0.816597     0.007066
     0.681780     0.816230     0.006760
     0.706588     0.816103     0.006430
     0.731726     0.815389     0.006074
     0.756199     0.815271     0.005679
     0.781534     0.814652     0.005243
     0.806486     0.814503     0.004774
     0.831618     0.814596     0.004290
     0.856812     0.814985     0.003853
     0.881892     0.814305     0.003471
     0.907510     0.814486     0.003129
     0.933029     0.813963     0.002800
     0.958858     0.813730     0.002448
     0.984304     0.813140     0.002048
     0.015116     0.840233     0.003264
     0.040852     0.839844     0.003603
     0.066313     0.839758     0.003852
     0.091918     0.839301     0.004043
     0.117035     0.839500     0.004220
     0.142939     0.839006     0.004433
     0.168601     0.839234     0.004719
     0.193508     0.840166     0.005065
     0.218322     0.841143     0.005399
     0.242760     0.841721     0.005686
     0.267611     0.842334     0.005919
     0.292499     0.842804     0.006094
     0.316804     0.842699     0.006229
     0.341094     0.843281     0.006359
     0.364691     0.843721     0.006494
     0.388253     0.844861     0.006623
     0.411887     0.845479     0.006726
     0.436581     0.845870     0.006795
     0.461962     0.845828     0.006837
     0.487457     0.845654     0.006855
     0.512532     0.845557     0.006854
     0.537954     0.845846     0.006832
     0.563412     0.845883     0.006787
     0.588048     0.845450     0.006713
     0.611749     0.844899     0.006607
     0.635264     0.843675     0.006475
     0.658920     0.843289     0.006340
     0.683196     0.842666     0.006211
     0.707544     0.842843     0.006075
     0.732450     0.842416     0.005900
     0.757192     0.841792     0.005668
     0.781771     0.841065     0.005382
     0.806326     0.840172     0.005051
     0.831374     0.839527     0.004707
     0.857118     0.838922     0.004421
     0.882981     0.839386     0.004206
     0.908098     0.839295     0.004027
     0.933717     0.839746     0.003835
     0.959178     0.839851     0.003587
     0.984918     0.840241     0.003250
     0.015719     0.864070     0.004361
     0.041150     0.864688     0.004557
     0.067039     0.864956     0.004678
     0.092424     0.865900     0.004753
     0.118313     0.865583     0.004808
     0.143141     0.865996     0.004883
     0.167194     0.866509     0.005023
     0.191532     0.867259     0.005233
     0.216173     0.867495     0.005439
     0.241230     0.868256     0.005600
     0.265442     0.868011     0.005706
     0.290041     0.869277     0.005746
     0.313561     0.869999     0.005721
     0.337563     0.870878     0.005664
     0.361255     0.871381     0.005619
     0.386079     0.871690     0.005619
     0.411100     0.871724     0.005657
     0.436749     0.871637     0.005709
     0.461977     0.871479     0.005752
     0.487410     0.871574     0.005774
     0.512561     0.871638     0.005772
     0.537955     0.871458     0.005746
     0.563223     0.871633     0.005700
     0.588837     0.871726     0.005644
     0.613866     0.871678     0.005602
     0.638710     0.871377     0.005601
     0.662346     0.870859     0.005644
     0.686400     0.870005     0.005702
     0.709841     0.869275     0.005727
     0.734544     0.868056     0.005686
     0.758760     0.868234     0.005581
     0.783878     0.867511     0.005422
     0.808445     0.867332     0.005218
     0.832830     0.866421     0.005008
     0.857009     0.866095     0.004867
     0.881652     0.865694     0.004788
     0.907550     0.865938     0.004731
     0.932929     0.864959     0.004657
     0.958837     0.864687     0.004537
     0.984259     0.864068     0.004342
     0.014676     0.891310     0.005093
     0.040505     0.890735     0.005141
     0.065504     0.890758     0.005154
     0.091544     0.890191     0.005152
     0.116773     0.891001     0.005144
     0.141172     0.892085     0.005148
     0.166194     0.892715     0.005185
     0.190788     0.893519     0.005276
     0.214915     0.893857     0.005358
     0.238811     0.895214     0.005397
     0.262244     0.895945     0.005388
     0.285845     0.896816     0.005322
     0.310158     0.897241     0.005191
     0.334965     0.897596     0.005007
     0.360296     0.897562     0.004807
     0.385784     0.897572     0.004648
     0.411263     0.897474     0.004562
     0.436613     0.897352     0.004539
     0.461932     0.897438     0.004545
     0.487232     0.897376     0.004554
     0.512720     0.897370     0.004551
     0.538062     0.897439     0.004540
     0.563333     0.897354     0.004530
     0.588722     0.897484     0.004551
     0.614175     0.897557     0.004634
     0.639677     0.897565     0.004791
     0.665002     0.897585     0.004988
     0.689797     0.897238     0.005172
     0.714133     0.896831     0.005302
     0.737715     0.895950     0.005369
     0.761167     0.895212     0.005379
     0.785021     0.893827     0.005341
     0.809190     0.893620     0.005259
     0.833766     0.892741     0.005167
     0.858749     0.892062     0.005126
     0.883300     0.891018     0.005121
     0.908536     0.890159     0.005128
     0.934561     0.890751     0.005131
     0.959515     0.890741     0.005119
     0.985350     0.891323     0.005069
     0.015907     0.914990     0.005429
     0.041073     0.916056     0.005360
     0.067220     0.916096     0.005299
     0.091889     0.916972     0.005255
     0.115952     0.918444     0.005228
     0.140100     0.919428     0.005211
     0.163168     0.919611     0.005197
     0.186910     0.921254     0.005184
     0.210012     0.921602     0.005152
     0.234121     0.922733     0.005077
     0.258540     0.922845     0.004953
     0.283830     0.923208     0.004783
     0.309167     0.923189     0.004569
     0.334815     0.923278     0.004313
     0.360287     0.923197     0.004036
     0.385726     0.923176     0.003770
     0.411067     0.923171     0.003554
     0.436537     0.923225     0.003412
     0.461776     0.923158     0.003340
     0.487420     0.923110     0.003313
     0.512540     0.923103     0.003311
     0.538173     0.923161     0.003335
     0.563422     0.923230     0.003405
     0.588889     0.923157     0.003545
     0.614236     0.923182     0.003760
     0.639658     0.923186     0.004024
     0.665147     0.923282     0.004298
     0.690774     0.923187     0.004551
     0.716131     0.923199     0.004765
     0.741417     0.922859     0.004934
     0.765847     0.922711     0.005059
     0.789961     0.921652     0.005134
     0.813050     0.921272     0.005165
     0.836882     0.919543     0.005175
     0.859921     0.919461     0.005188
     0.884038     0.918445     0.005204
     0.908108     0.917026     0.005231
     0.932748     0.916155     0.005276
     0.958913     0.916081     0.005336
     0.984072     0.914988     0.005403
     0.013793     0.942546     0.005447
     0.039982     0.941467     0.005305
     0.064880     0.942411     0.005204
     0.087827     0.944042     0.005141
     0.111181     0.944728     0.005110
     0.134800     0.947186     0.005088
     0.158205     0.947649     0.005044
     0.182555     0.948348     0.004950
     0.207252     0.948609     0.004812
     0.232561     0.948713     0.004625
     0.258085     0.948835     0.004395
     0.283593     0.948792     0.004134
     0.309124     0.948856     0.003849
     0.334554     0.948884     0.003552
     0.360021     0.948936     0.003252
     0.385434     0.949014     0.002955
     0.410973     0.948900     0.002674
     0.436330     0.948961     0.002440
     0.461938     0.948819     0.002278
     0.487211     0.948909     0.002198
     0.512759     0.948907     0.002197
     0.538024     0.948818     0.002275
     0.563646     0.948956     0.002435
     0.588995     0.948903     0.002667
     0.614540     0.949017     0.002947
     0.639953     0.948933     0.003244
     0.665414     0.948884     0.003541
     0.690849     0.948850     0.003836
     0.716366     0.948797     0.004118
     0.741879     0.948832     0.004378
     0.767405     0.948702     0.004608
     0.792698     0.948613     0.004793
     0.817461     0.948334     0.004930
     0.841739     0.947647     0.005022
     0.865166     0.947205     0.005065
     0.888815     0.944709     0.005087
     0.912177     0.944034     0.005119
     0.935187     0.942408     0.005181
     0.960077     0.941474     0.005280
     0.986271     0.942558     0.005423
     0.016431     0.965899     0.005249
     0.040368     0.968068     0.005068
     0.060672     0.970890     0.004949
     0.084003     0.973278     0.004878
     0.106239     0.973131     0.004840
     0.130949     0.974182     0.004804
     0.155799     0.974093     0.004725
     0.181308     0.974416     0.004558
     0.206819     0.974279     0.004316
     0.232371     0.974440     0.004028
     0.257814     0.974321     0.003711
     0.283331     0.974497     0.003384
     0.308757     0.974475     0.003062
     0.334362     0.974569     0.002753
     0.359799     0.974566     0.002455
     0.385464     0.974511     0.002172
     0.410784     0.974561     0.001901
     0.436441     0.974538     0.001656
     0.461743     0.974577     0.001465
     0.487252     0.974547     0.001358
     0.512708     0.974556     0.001358
     0.538217     0.974571     0.001463
     0.563513     0.974537     0.001654
     0.589171     0.974554     0.001898
     0.614495     0.974508     0.002167
     0.640158     0.974565     0.002450
     0.665602     0.974571     0.002746
     0.691196     0.974481     0.003054
     0.716634     0.974497     0.003372
     0.742142     0.974313     0.003696
     0.767592     0.974444     0.004011
     0.793136     0.974277     0.004297
     0.818648     0.974412     0.004537
     0.844161     0.974086     0.004703
     0.869026     0.974164     0.004782
     0.893716     0.973124     0.004818
     0.915963     0.973273     0.004857
     0.939276     0.970904     0.004926
     0.959609     0.968087     0.005044
     0.983556     0.965900     0.005228
     0.009140     0.996400     0.004905
     0.030353     0.998992     0.004709
     0.053450     0.999641     0.004582
     0.078712     0.999804     0.004501
     0.104109     0.999824     0.004441
     0.129898     0.999625     0.004371
     0.155436     1.000043     0.004236
     0.181080     0.999810     0.003989
     0.206517     1.000045     0.003657
     0.232032     0.999985     0.003294
     0.257587     1.000131     0.002924
     0.283021     1.000081     0.002573
     0.308736     1.000089     0.002253
     0.334096     1.000157     0.001961
     0.359819     1.000103     0.001695
     0.385120     1.000312     0.001453
     0.410802     1.000196     0.001240
     0.436131     1.000221     0.001062
     0.461805     1.000268     0.000928
     0.487213     1.000213     0.000855
     0.512755     1.000209     0.000855
     0.538169     1.000269     0.000928
     0.563845     1.000222     0.001061
     0.589170     1.000195     0.001239
     0.614851     1.000313     0.001451
     0.640148     1.000096     0.001691
     0.665873     1.000162     0.001957
     0.691236     1.000080     0.002247
     0.716952     1.000086     0.002566
     0.742380     1.000129     0.002914
     0.767938     0.999981     0.003280
     0.793451     1.000042     0.003640
     0.818897     0.999795     0.003970
     0.844535     1.000034     0.004217
     0.870073     0.999634     0.004351
     0.895863     0.999812     0.004421
     0.921260     0.999788     0.004480
     0.946534     0.999627     0.004561
     0.969639     0.998960     0.004690
     0.990865     0.996390     0.004886
     0.001990     1.023612     0.004442
     0.026470     1.025200     0.004250
     0.053219     1.024800     0.004116
     0.078381     1.025435     0.004016
     0.104523     1.024991     0.003919
     0.129597     1.025445     0.003791
     0.155323     1.025313     0.003582
     0.180730     1.025635     0.003255
     0.206221     1.025560     0.002858
     0.231933     1.025617     0.002462
     0.257294     1.025625     0.002094
     0.283148     1.025616     0.001770
     0.308345     1.025705     0.001489
     0.334152     1.025714     0.001248
     0.359436     1.025811     0.001044
     0.385141     1.025741     0.000879
     0.410678     1.025800     0.000754
     0.436192     1.025817     0.000669
     0.461691     1.025764     0.000619
     0.487237     1.025856     0.000596
     0.512729     1.025861     0.000597
     0.538266     1.025754     0.000619
     0.563769     1.025820     0.000669
     0.589280     1.025794     0.000755
     0.614827     1.025742     0.000880
     0.640522     1.025811     0.001044
     0.665812     1.025711     0.001246
     0.691609     1.025707     0.001486
     0.716812     1.025616     0.001765
     0.742676     1.025621     0.002088
     0.768027     1.025620     0.002453
     0.793744     1.025554     0.002846
     0.819228     1.025629     0.003240
     0.844634     1.025311     0.003566
     0.870362     1.025422     0.003774
     0.895450     1.024991     0.003902
     0.921574     1.025423     0.003998
     0.946748     1.024795     0.004098
     0.973478     1.025195     0.004233
     0.997964     1.023602     0.004424
     0.002293     1.050607     0.003859
     0.027533     1.050733     0.003686
     0.053377     1.050460     0.003543
     0.078312     1.050879     0.003415
     0.104261     1.050738     0.003270
     0.129187     1.051042     0.003072
     0.155342     1.050899     0.002784
     0.180410     1.051175     0.002395
     0.206556     1.050934     0.001989
     0.231626     1.051201     0.001627
     0.257580     1.051053     0.001319
     0.282719     1.051247     0.001064
     0.308552     1.051238     0.000859
     0.333872     1.051208     0.000701
     0.359620     1.051314     0.000586
     0.385085     1.051228     0.000511
     0.410622     1.051368     0.000468
     0.436108     1.051353     0.000448
     0.461740     1.051389     0.000442
     0.487108     1.051343     0.000442
     0.512864     1.051348     0.000442
     0.538237     1.051392     0.000442
     0.563867     1.051353     0.000448
     0.589354     1.051364     0.000468
     0.614880     1.051230     0.000511
     0.640358     1.051312     0.000587
     0.666095     1.051213     0.000701
     0.691425     1.051235     0.000858
     0.717249     1.051234     0.001062
     0.742391     1.051055     0.001315
     0.768344     1.051196     0.001622
     0.793427     1.050931     0.001982
     0.819560     1.051169     0.002385
     0.844644     1.050890     0.002772
     0.870781     1.051036     0.003058
     0.895711     1.050729     0.003255
     0.921667     1.050864     0.003400
     0.946602     1.050445     0.003529
     0.972453     1.050713     0.003671
     0.997690     1.050582     0.003844
     0.001049     1.075428     0.003155
     0.026785     1.075932     0.003008
     0.052398     1.076115     0.002863
     0.078108     1.076424     0.002705
     0.103752     1.076320     0.002509
     0.129374     1.076540     0.002248
     0.154970     1.076303     0.001906
     0.180552     1.076671     0.001518
     0.206121     1.076509     0.001180
     0.231582     1.076806     0.000911
     0.257228     1.076629     0.000702
     0.282682     1.076850     0.000547
     0.308390     1.076670     0.000439
     0.333853     1.076879     0.000371
     0.359451     1.076743     0.000333
     0.384938     1.076904     0.000318
     0.410506     1.076908     0.000314
     0.436132     1.076846     0.000316
     0.461629     1.076943     0.000318
     0.487277     1.076893     0.000319
     0.512686     1.076894     0.000319
     0.538338     1.076933     0.000318
     0.563833     1.076848     0.000316
     0.589457     1.076911     0.000314
     0.615028     1.076901     0.000318
     0.640510     1.076745     0.000334
     0.666112     1.076875     0.000371
     0.691581     1.076671     0.000438
     0.717281     1.076853     0.000546
     0.742738     1.076625     0.000700
     0.768380     1.076799     0.000909
     0.793844     1.076506     0.001176
     0.819413     1.076665     0.001512
     0.844991     1.076297     0.001899
     0.870593     1.076534     0.002239
     0.896212     1.076306     0.002498
     0.921855     1.076414     0.002694
     0.947562     1.076105     0.002851
     0.973175     1.075926     0.002996
     0.998909     1.075425     0.003142
     0.001614     1.101659     0.002355
     0.027049     1.101615     0.002239
     0.052755     1.101582     0.002095
     0.078124     1.101768     0.001916
     0.103868     1.101788     0.001687
     0.129226     1.102005     0.001400
     0.154982     1.101962     0.001072
     0.180263     1.102127     0.000777
     0.206140     1.102094     0.000565
     0.231447     1.102236     0.000417
     0.257321     1.102153     0.000318
     0.282595     1.102286     0.000258
     0.308439     1.102230     0.000226
     0.333668     1.102353     0.000213
     0.359542     1.102327     0.000210
     0.384796     1.102398     0.000211
     0.410670     1.102307     0.000214
     0.435970     1.102441     0.000217
     0.461714     1.102385     0.000218
     0.487138     1.102441     0.000219
     0.512842     1.102440     0.000219
     0.538265     1.102388     0.000218
     0.563996     1.102444     0.000217
     0.589314     1.102303     0.000214
     0.615172     1.102401     0.000211
     0.640440     1.102327     0.000210
     0.666303     1.102348     0.000213
     0.691535     1.102229     0.000226
     0.717380     1.102281     0.000258
     0.742657     1.102152     0.000318
     0.768528     1.102232     0.000416
     0.793839     1.102087     0.000563
     0.819714     1.102121     0.000774
     0.844998     1.101953     0.001068
     0.870749     1.101998     0.001395
     0.896111     1.101779     0.001681
     0.921852     1.101755     0.001909
     0.947225     1.101567     0.002087
     0.972931     1.101596     0.002230
     0.998368     1.101635     0.002345
     0.000889     1.126604     0.001528
     0.026593     1.126925     0.001444
     0.052148     1.127170     0.001314
     0.077855     1.127369     0.001139
     0.103418     1.127372     0.000921
     0.129102     1.127531     0.000677
     0.154649     1.127484     0.000454
     0.180321     1.127648     0.000304
     0.205839     1.127569     0.000218
     0.231474     1.127770     0.000170
     0.257013     1.127701     0.000146
     0.282576     1.127856     0.000135
     0.308156     1.127773     0.000133
     0.333720     1.127920     0.000133
     0.359316     1.127791     0.000135
     0.384891     1.127952     0.000136
     0.410464     1.127861     0.000138
     0.435994     1.127968     0.000139
     0.461658     1.127898     0.000141
     0.487144     1.127938     0.000141
     0.512822     1.127936     0.000141
     0.538309     1.127903     0.000141
     0.563979     1.127963     0.000139
     0.589501     1.127866     0.000138
     0.615077     1.127951     0.000136
     0.640653     1.127787     0.000135
     0.666250     1.127922     0.000133
     0.691814     1.127770     0.000132
     0.717393     1.127855     0.000135
     0.742955     1.127696     0.000145
     0.768497     1.127765     0.000169
     0.794128     1.127564     0.000217
     0.819647     1.127640     0.000303
     0.845318     1.127479     0.000453
     0.870867     1.127524     0.000675
     0.896549     1.127361     0.000918
     0.922112     1.127360     0.001136
     0.947817     1.127161     0.001310
     0.973372     1.126919     0.001439
     0.999073     1.126599     0.001522
     0.001243     1.152676     0.000796
     0.026697     1.152627     0.000741
     0.052373     1.152626     0.000643
     0.077870     1.152743     0.000510
     0.103550     1.152815     0.000362
     0.129019     1.152966     0.000229
     0.154720     1.152994     0.000142
     0.180149     1.153107     0.000101
     0.205881     1.153137     0.000084
     0.231294     1.153201     0.000079
     0.257060     1.153238     0.000078
     0.282479     1.153289     0.000079
     0.308234     1.153290     0.000080
     0.333630     1.153343     0.000081
     0.359401     1.153347     0.000083
     0.384750     1.153382     0.000083
     0.410570     1.153385     0.000084
     0.435924     1.153397     0.000084
     0.461725     1.153406     0.000084
     0.487090     1.153418     0.000084
     0.512889     1.153419     0.000084
     0.538255     1.153405     0.000084
     0.564051     1.153398     0.000084
     0.589410     1.153385     0.000084
     0.615231     1.153380     0.000083
     0.640577     1.153346     0.000083
     0.666346     1.153339     0.000081
     0.691746     1.153287     0.000080
     0.717499     1.153285     0.000078
     0.742921     1.153234     0.000077
     0.768684     1.153197     0.000078
     0.794100     1.153131     0.000084
     0.819830     1.153101     0.000100
     0.845261     1.152986     0.000141
     0.870961     1.152959     0.000228
     0.896430     1.152807     0.000361
     0.922110     1.152732     0.000509
     0.947607     1.152611     0.000641
     0.973283     1.152609     0.000739
     0.998740     1.152653     0.000794
     0.000774     1.177781     0.000304
     0.026451     1.178001     0.000273
     0.051980     1.178191     0.000219
     0.077642     1.178360     0.000154
     0.103201     1.178405     0.000099
     0.128873     1.178513     0.000064
     0.154436     1.178532     0.000049
     0.180097     1.178637     0.000043
     0.205650     1.178626     0.000041
     0.231293     1.178743     0.000042
     0.256842     1.178713     0.000044
     0.282467     1.178827     0.000047
     0.308029     1.178799     0.000048
     0.333643     1.178880     0.000049
     0.359217     1.178846     0.000049
     0.384829     1.178912     0.000049
     0.410406     1.178873     0.000048
     0.436000     1.178935     0.000048
     0.461600     1.178897     0.000047
     0.487182     1.178918     0.000047
     0.512790     1.178916     0.000047
     0.538372     1.178900     0.000047
     0.563974     1.178932     0.000048
     0.589566     1.178872     0.000048
     0.615144     1.178911     0.000049
     0.640756     1.178846     0.000049
     0.666331     1.178880     0.000049
     0.691943     1.178796     0.000048
     0.717507     1.178825     0.000047
     0.743129     1.178709     0.000044
     0.768681     1.178738     0.000042
     0.794321     1.178621     0.000041
     0.819876     1.178632     0.000043
     0.845535     1.178526     0.000048
     0.871099     1.178506     0.000063
     0.896769     1.178395     0.000099
     0.922330     1.178351     0.000154
     0.947991     1.178183     0.000219
     0.973520     1.177993     0.000273
     0.999192     1.177775     0.000303
     0.000995     1.203704     0.000100
     0.026460     1.203688     0.000085
     0.052100     1.203690     0.000068
     0.077647     1.203758     0.000051
     0.103315     1.203840     0.000040
     0.128826     1.203947     0.000034
     0.154507     1.204005     0.000029
     0.179998     1.204088     0.000025
     0.205699     1.204140     0.000024
     0.231176     1.204186     0.000025
     0.256898     1.204235     0.000027
     0.282366     1.204263     0.000029
     0.308099     1.204290     0.000030
     0.333555     1.204315     0.000030
     0.359293     1.204339     0.000029
     0.384736     1.204351     0.000028
     0.410485     1.204374     0.000027
     0.435926     1.204367     0.000027
     0.461678     1.204388     0.000026
     0.487115     1.204388     0.000025
     0.512867     1.204389     0.000025
     0.538304     1.204387     0.000026
     0.564056     1.204369     0.000027
     0.589497     1.204374     0.000027
     0.615246     1.204349     0.000028
     0.640689     1.204338     0.000029
     0.666427     1.204312     0.000030
     0.691883     1.204288     0.000030
     0.717616     1.204260     0.000029
     0.743086     1.204232     0.000027
     0.768806     1.204183     0.000025
     0.794285     1.204136     0.000024
     0.819984     1.204083     0.000025
     0.845476     1.203998     0.000029
     0.871156     1.203940     0.000034
     0.896669     1.203832     0.000040
     0.922335     1.203748     0.000051
     0.947883     1.203677     0.000068
     0.973522     1.203672     0.000085
     0.998989     1.203683     0.000100
     0.000666     1.228962     0.000055
     0.026324     1.229119     0.000048
     0.051867     1.229235     0.000042
     0.077480     1.229370     0.000036
     0.103053     1.229429     0.000031
     0.128702     1.229508     0.000026
     0.154280     1.229547     0.000021
     0.179931     1.229622     0.000017
     0.205505     1.229636     0.000015
     0.231151     1.229718     0.000015
     0.256719     1.229713     0.000016
     0.282361     1.229792     0.000017
     0.307929     1.229787     0.000017
     0.333567     1.229845     0.000017
     0.359142     1.229830     0.000017
     0.384779     1.229876     0.000016
     0.410355     1.229854     0.000015
     0.435987     1.229894     0.000014
     0.461565     1.229873     0.000013
     0.487198     1.229886     0.000012
     0.512779     1.229885     0.000012
     0.538412     1.229875     0.000013
     0.563990     1.229892     0.000014
     0.589623     1.229853     0.000015
     0.615199     1.229875     0.000016
     0.640836     1.229829     0.000017
     0.666411     1.229845     0.000017
     0.692048     1.229785     0.000017
     0.717618     1.229790     0.000017
     0.743258     1.229710     0.000016
     0.768827     1.229714     0.000015
     0.794471     1.229631     0.000015
     0.820047     1.229617     0.000017
     0.845696     1.229542     0.000021
     0.871275     1.229502     0.000026
     0.896923     1.229421     0.000031
     0.922496     1.229362     0.000036
     0.948108     1.229227     0.000042
     0.973651     1.229111     0.000048
     0.999306     1.228955     0.000055
     0.000794     1.254731     0.000052
     0.026299     1.254747     0.000045
     0.051914     1.254776     0.000039
     0.077480     1.254798     0.000034
     0.103140     1.254866     0.000029
     0.128678     1.254946     0.000023
     0.154345     1.255008     0.000017
     0.179872     1.255073     0.000012
     0.205551     1.255129     0.000009
     0.231071     1.255166     0.000008
     0.256765     1.255215     0.000008
     0.282278     1.255233     0.000008
     0.307985     1.255267     0.000009
     0.333492     1.255280     0.000009
     0.359204     1.255309     0.000008
     0.384704     1.255313     0.000008
     0.410421     1.255338     0.000006
     0.435918     1.255331     0.000006
     0.461640     1.255350     0.000005
     0.487132     1.255348     0.000005
     0.512854     1.255348     0.000005
     0.538345     1.255348     0.000005
     0.564068     1.255332     0.000005
     0.589564     1.255338     0.000006
     0.615282     1.255312     0.000007
     0.640782     1.255307     0.000008
     0.666493     1.255277     0.000009
     0.692001     1.255266     0.000009
     0.717707     1.255231     0.000008
     0.743221     1.255213     0.000008
     0.768914     1.255163     0.000008
     0.794436     1.255125     0.000009
     0.820113     1.255069     0.000012
     0.845641     1.255002     0.000017
     0.871308     1.254940     0.000023
     0.896845     1.254860     0.000028
     0.922504     1.254789     0.000034
     0.948071     1.254765     0.000039
     0.973686     1.254733     0.000045
     0.999193     1.254713     0.000052
     0.000551     1.280098     0.000055
     0.026192     1.280215     0.000048
     0.051776     1.280293     0.000040
     0.077377     1.280386     0.000034
     0.102940     1.280453     0.000028
     0.128583     1.280511     0.000022
     0.154159     1.280556     0.000015
     0.179808     1.280610     0.000009
     0.205389     1.280634     0.000005
     0.231038     1.280691     0.000004
     0.256618     1.280700     0.000003
     0.282270     1.280755     0.000004
     0.307849     1.280759     0.000004
     0.333500     1.280801     0.000004
     0.359081     1.280796     0.000003
     0.384733     1.280829     0.000003
     0.410314     1.280817     0.000002
     0.435967     1.280844     0.000002
     0.461545     1.280832     0.000001
     0.487201     1.280841     0.000001
     0.512780     1.280840     0.000001
     0.538437     1.280833     0.000001
     0.564015     1.280842     0.000002
     0.589669     1.280817     0.000002
     0.615249     1.280828     0.000003
     0.640902     1.280795     0.000003
     0.666482     1.280801     0.000003
     0.692133     1.280757     0.000004
     0.717712     1.280753     0.000004
     0.743363     1.280697     0.000003
     0.768943     1.280688     0.000004
     0.794593     1.280630     0.000005
     0.820174     1.280606     0.000009
     0.845822     1.280551     0.000015
     0.871398     1.280506     0.000022
     0.897041     1.280447     0.000028
     0.922604     1.280379     0.000034
     0.948204     1.280285     0.000040
     0.973788     1.280207     0.000047
     0.999427     1.280092     0.000055
     0.000628     1.305757     0.000060
     0.026167     1.305778     0.000051
     0.051780     1.305822     0.000043
     0.077353     1.305858     0.000035
     0.103005     1.305890     0.000028
     0.128561     1.305960     0.000021
     0.154214     1.306013     0.000014
     0.179768     1.306064     0.000008
     0.205429     1.306114     0.000004
     0.230982     1.306143     0.000002
     0.256656     1.306186     0.000001
     0.282206     1.306198     0.000001
     0.307891     1.306230     0.000001
     0.333438     1.306237     0.000001
     0.359130     1.306264     0.000001
     0.384673     1.306265     0.000001
     0.410369     1.306287     0.000001
     0.435908     1.306282     0.000000
     0.461608     1.306297     0.000000
     0.487144     1.306295     0.000000
     0.512845     1.306295     0.000000
     0.538380     1.306296     0.000000
     0.564081     1.306282     0.000000
     0.589620     1.306287     0.000001
     0.615316     1.306264     0.000001
     0.640859     1.306263     0.000001
     0.666550     1.306235     0.000001
     0.692098     1.306229     0.000001
     0.717783     1.306196     0.000001
     0.743333     1.306183     0.000001
     0.769007     1.306140     0.000002
     0.794560     1.306111     0.000004
     0.820221     1.306060     0.000008
     0.845775     1.306009     0.000014
     0.871427     1.305955     0.000021
     0.896983     1.305884     0.000028
     0.922635     1.305850     0.000035
     0.948208     1.305813     0.000043
     0.973820     1.305767     0.000051
     0.999361     1.305741     0.000060
     0.000454     1.331197     0.000063
     0.026084     1.331279     0.000054
     0.051672     1.331340     0.000045
     0.077293     1.331405     0.000037
     0.102854     1.331479     0.000029
     0.128481     1.331522     0.000021
     0.154066     1.331563     0.000014
     0.179704     1.331602     0.000008
     0.205299     1.331625     0.000004
     0.230945     1.331664     0.000001
     0.256541     1.331676     0.000000
     0.282193     1.331714     0.000000
     0.307786     1.331720     0.000000
     0.333441     1.331750     0.000000
     0.359034     1.331749     0.000000
     0.384692     1.331772     0.000000
     0.410284     1.331766     0.000000
     0.435945     1.331784     0.000000
     0.461535     1.331778     0.000000
     0.487198     1.331783     0.000000
     0.512788     1.331783     0.000000
     0.538452     1.331778     0.000000
     0.564041     1.331783     0.000000
     0.589702     1.331766     0.000000
     0.615295     1.331771     0.000000
     0.640952     1.331749     0.000000
     0.666546     1.331749     0.000000
     0.692200     1.331719     0.000000
     0.717794     1.331712     0.000000
     0.743446     1.331674     0.000000
     0.769041     1.331662     0.000001
     0.794688     1.331622     0.000004
     0.820282     1.331599     0.000008
     0.845920     1.331559     0.000014
     0.871505     1.331518     0.000021
     0.897131     1.331474     0.000029
     0.922693     1.331399     0.000037
     0.948313     1.331334     0.000045
     0.973901     1.331271     0.000054
     0.999528     1.331190     0.000063
     0.000502     1.356780     0.000063
     0.026060     1.356810     0.000054
     0.051673     1.356847     0.000045
     0.077240     1.356896     0.000037
     0.102883     1.356930     0.000029
     0.128457     1.356981     0.000022
     0.154098     1.357023     0.000014
     0.179676     1.357058     0.000008
     0.205325     1.357096     0.000004
     0.230906     1.357117     0.000001
     0.256565     1.357149     0.000000
     0.282146     1.357158     0.000000
     0.307815     1.357183     0.000000
     0.333395     1.357187     0.000000
     0.359070     1.357208     0.000000
     0.384646     1.357209     0.000000
     0.410326     1.357225     0.000000
     0.435899     1.357222     0.000000
     0.461584     1.357233     0.000000
     0.487154     1.357231     0.000000
     0.512838     1.357232     0.000000
     0.538408     1.357232     0.000000
     0.564092     1.357222     0.000000
     0.589665     1.357225     0.000000
     0.615345     1.357208     0.000000
     0.640922     1.357207     0.000000
     0.666598     1.357186     0.000000
     0.692177     1.357182     0.000000
     0.717846     1.357156     0.000000
     0.743427     1.357148     0.000000
     0.769086     1.357114     0.000001
     0.794667     1.357094     0.000004
     0.820316     1.357055     0.000008
     0.845894     1.357019     0.000014
     0.871535     1.356977     0.000022
     0.897108     1.356926     0.000029
     0.922750     1.356890     0.000037
     0.948318     1.356840     0.000045
     0.973930     1.356801     0.000053
     0.999489     1.356767     0.000063
     0.000370     1.382273     0.000061
     0.025996     1.382328     0.000052
     0.051581     1.382390     0.000044
     0.077199     1.382433     0.000037
     0.102760     1.382506     0.000030
     0.128383     1.382539     0.000023
     0.153980     1.382568     0.000015
     0.179616     1.382594     0.000009
     0.205223     1.382609     0.000004
     0.230868     1.382634     0.000002
     0.256478     1.382643     0.000000
     0.282130     1.382666     0.000000
     0.307738     1.382672     0.000000
     0.333393     1.382691     0.000000
     0.359000     1.382692     0.000000
     0.384658     1.382707     0.000000
     0.410265     1.382704     0.000000
     0.435926     1.382715     0.000000
     0.461530     1.382712     0.000000
     0.487194     1.382715     0.000000
     0.512797     1.382715     0.000000
     0.538461     1.382712     0.000000
     0.564065     1.382714     0.000000
     0.589726     1.382704     0.000000
     0.615333     1.382706     0.000000
     0.640991     1.382692     0.000000
     0.666598     1.382691     0.000000
     0.692253     1.382671     0.000000
     0.717861     1.382665     0.000000
     0.743512     1.382642     0.000000
     0.769122     1.382632     0.000002
     0.794767     1.382607     0.000004
     0.820374     1.382592     0.000009
     0.846011     1.382565     0.000015
     0.871607     1.382536     0.000023
     0.897231     1.382503     0.000030
     0.922792     1.382429     0.000037
     0.948408     1.382385     0.000044
     0.973993     1.382323     0.000052
     0.999618     1.382268     0.000061
     0.000403     1.407799     0.000059
     0.025964     1.407841     0.000051
     0.051579     1.407879     0.000043
     0.077125     1.407957     0.000037
     0.102747     1.407979     0.000030
     0.128356     1.408000     0.000024
     0.153986     1.408029     0.000017
     0.179596     1.408047     0.000010
     0.205235     1.408074     0.000005
     0.230844     1.408085     0.000002
     0.256491     1.408106     0.000000
     0.282099     1.408112     0.000000
     0.307755     1.408128     0.000000
     0.333361     1.408130     0.000000
     0.359023     1.408144     0.000000
     0.384627     1.408144     0.000000
     0.410293     1.408155     0.000000
     0.435894     1.408153     0.000000
     0.461564     1.408160     0.000000
     0.487162     1.408159     0.000000
     0.512832     1.408159     0.000000
     0.538432     1.408159     0.000000
     0.564100     1.408154     0.000000
     0.589702     1.408155     0.000000
     0.615367     1.408144     0.000000
     0.640971     1.408144     0.000000
     0.666634     1.408130     0.000000
     0.692240     1.408128     0.000000
     0.717896     1.408110     0.000000
     0.743504     1.408105     0.000000
     0.769151     1.408083     0.000002
     0.794760     1.408072     0.000005
     0.820399     1.408045     0.000010
     0.846009     1.408027     0.000017
     0.871639     1.407998     0.000024
     0.897247     1.407976     0.000030
     0.922869     1.407954     0.000037
     0.948415     1.407874     0.000043
     0.974028     1.407835     0.000051
     0.999590     1.407790     0.000059
     0.000290     1.433345     0.000059
     0.025918     1.433379     0.000050
     0.051440     1.433474     0.000043
     0.077053     1.433515     0.000037
     0.102669     1.433526     0.000031
     0.128286     1.433551     0.000025
     0.153909     1.433562     0.000018
     0.179540     1.433576     0.000011
     0.205167     1.433584     0.000005
     0.230808     1.433596     0.000002
     0.256435     1.433602     0.000000
     0.282081     1.433613     0.000000
     0.307707     1.433617     0.000000
     0.333356     1.433626     0.000000
     0.358980     1.433627     0.000000
     0.384632     1.433634     0.000000
     0.410255     1.433634     0.000000
     0.435910     1.433639     0.000000
     0.461530     1.433638     0.000000
     0.487187     1.433639     0.000000
     0.512808     1.433639     0.000000
     0.538465     1.433638     0.000000
     0.564085     1.433638     0.000000
     0.589740     1.433634     0.000000
     0.615363     1.433634     0.000000
     0.641015     1.433627     0.000000
     0.666639     1.433626     0.000000
     0.692289     1.433616     0.000000
     0.717914     1.433612     0.000000
     0.743560     1.433601     0.000000
     0.769188     1.433595     0.000002
     0.794828     1.433583     0.000005
     0.820456     1.433575     0.000011
     0.846086     1.433560     0.000018
     0.871709     1.433549     0.000025
     0.897326     1.433524     0.000031
     0.922942     1.433512     0.000037
     0.948554     1.433472     0.000043
     0.974077     1.433376     0.000050
     0.999704     1.433341     0.000059
     0.000307     1.458821     0.000061
     0.025822     1.458949     0.000052
     0.051379     1.458997     0.000045
     0.077021     1.458979     0.000039
     0.102632     1.459009     0.000033
     0.128269     1.459006     0.000027
     0.153898     1.459024     0.000019
     0.179530     1.459028     0.000011
     0.205167     1.459042     0.000005
     0.230795     1.459045     0.000001
     0.256438     1.459056     0.000000
     0.282066     1.459058     0.000000
     0.307713     1.459066     0.000000
     0.333340     1.459067     0.000000
     0.358991     1.459073     0.000000
     0.384616     1.459074     0.000000
     0.410270     1.459079     0.000000
     0.435893     1.459078     0.000000
     0.461549     1.459081     0.000000
     0.487171     1.459081     0.000000
     0.512827     1.459081     0.000000
     0.538449     1.459081     0.000000
     0.564104     1.459078     0.000000
     0.589727     1.459079     0.000000
     0.615381     1.459074     0.000000
     0.641006     1.459073     0.000000
     0.666658     1.459067     0.000000
     0.692284     1.459066     0.000000
     0.717932     1.459058     0.000000
     0.743559     1.459055     0.000000
     0.769203     1.459045     0.000001
     0.794831     1.459041     0.000005
     0.820468     1.459027     0.000011
     0.846100     1.459023     0.000019
     0.871729     1.459004     0.000026
     0.897365     1.459007     0.000033
     0.922976     1.458977     0.000039
     0.948618     1.458994     0.000045
     0.974175     1.458946     0.000052
     0.999690     1.458816     0.000060
     0.000086     1.484510     0.000064
     0.025627     1.484557     0.000055
     0.051328     1.484526     0.000048
     0.076928     1.484540     0.000041
     0.102587     1.484539     0.000035
     0.128210     1.484543     0.000028
     0.153856     1.484545     0.000020
     0.179490     1.484547     0.000011
     0.205132     1.484549     0.000004
     0.230771     1.484550     0.000001
     0.256411     1.484552     0.000000
     0.282053     1.484553     0.000000
     0.307692     1.484554     0.000000
     0.333335     1.484556     0.000000
     0.358973     1.484556     0.000000
     0.384616     1.484557     0.000000
     0.410255     1.484557     0.000000
     0.435898     1.484558     0.000000
     0.461536     1.484558     0.000000
     0.487181     1.484558     0.000000
     0.512818     1.484558     0.000000
     0.538463     1.484558     0.000000
     0.564101     1.484558     0.000000
     0.589744     1.484557     0.000000
     0.615383     1.484557     0.000000
     0.641026     1.484556     0.000000
     0.666665     1.484555     0.000000
     0.692307     1.484554     0.000000
     0.717946     1.484553     0.000000
     0.743588     1.484552     0.000000
     0.769228     1.484550     0.000001
     0.794867     1.484549     0.000004
     0.820510     1.484547     0.000011
     0.846143     1.484545     0.000020
     0.871789     1.484542     0.000028
     0.897412     1.484538     0.000035
     0.923071     1.484539     0.000041
     0.948671     1.484526     0.000048
     0.974373     1.484557     0.000055
     0.999912     1.484509     0.000064
     0.000000     1.509999     0.000070
     0.025641     1.509999     0.000060
     0.051282     1.509999     0.000052
     0.076923     1.509999     0.000044
     0.102564     1.509999     0.000037
     0.128205     1.509999     0.000029
     0.153846     1.509999     0.000020
     0.179487     1.509999     0.000010
     0.205128     1.509999     0.000003
     0.230769     1.509999     0.000000
     0.256410     1.509999     0.000000
     0.282051     1.509999     0.000000
     0.307692     1.509999     0.000000
     0.333333     1.509999     0.000000
     0.358974     1.509999     0.000000
     0.384615     1.509999     0.000000
     0.410256     1.509999     0.000000
     0.435897     1.509999     0.000000
     0.461538     1.509999     0.000000
     0.487179     1.509999     0.000000
     0.512821     1.509999     0.000000
     0.538462     1.509999     0.000000
     0.564103     1.509999     0.000000
     0.589744     1.509999     0.000000
     0.615385     1.509999     0.000000
     0.641026     1.509999     0.000000
     0.666667     1.509999     0.000000
     0.692308     1.509999     0.000000
     0.717949     1.509999     0.000000
     0.743590     1.509999     0.000000
     0.769231     1.509999     0.000000
     0.794872     1.509999     0.000003
     0.820513     1.509999     0.000010
     0.846154     1.509999     0.000020
     0.871795     1.509999     0.000029
     0.897436     1.509999     0.000037
     0.923077     1.509999     0.000044
     0.948718     1.509999     0.000052
     0.974359     1.509999     0.000060
     1.000000     1.509999     0.000069
