                 4.842733                 0.000005
                 9.469130                 0.000020
                17.175991                 0.000044
                27.955104                 0.000079
                41.794914                 0.000123
                58.680238                 0.000177
                78.592710                 0.000240
               101.510708                 0.000313
               127.409264                 0.000396
               156.260533                 0.000488
               188.033290                 0.000590
               222.692899                 0.000701
               260.201809                 0.000821
               300.519972                 0.000950
               343.603745                 0.001088
               376.199730                 0.001234
               399.280828                 0.001390
               421.900463                 0.001554
               444.485231                 0.001726
               467.008394                 0.001906
               489.229746                 0.002094
               511.172654                 0.002290
               532.722086                 0.002494
               553.741042                 0.002705
               573.929163                 0.002923
               593.263839                 0.003148
               609.673801                 0.003380
               623.818485                 0.003619
               636.562614                 0.003863
               648.036353                 0.004114
               657.551053                 0.004371
               666.217080                 0.004633
               673.896520                 0.004900
               680.005670                 0.005173
               685.019691                 0.005450
               688.768421                 0.005732
               690.836068                 0.006018
               692.456714                 0.006307
               692.391353                 0.006601
               691.398890                 0.006898
               686.461070                 0.007197
               683.908572                 0.007500
               678.714332                 0.007805
               673.164115                 0.008112
               666.816644                 0.008421
               659.151367                 0.008732
               650.262825                 0.009044
               640.450303                 0.009357
               633.269090                 0.009670
               622.342059                 0.009984
