     0.000000    -0.009999     0.000534
     0.052632    -0.009999     0.000406
     0.105263    -0.009999     0.000264
     0.157895    -0.009999     0.000085
     0.210526    -0.009999     0.000005
     0.263158    -0.009999     0.000000
     0.315789    -0.009999     0.000000
     0.368421    -0.009999     0.000000
     0.421053    -0.009999     0.000000
     0.473684    -0.009999     0.000000
     0.526316    -0.009999     0.000000
     0.578947    -0.009999     0.000000
     0.631579    -0.009999     0.000000
     0.684211    -0.009999     0.000000
     0.736842    -0.009999     0.000000
     0.789474    -0.009999     0.000005
     0.842105    -0.009999     0.000085
     0.894737    -0.009999     0.000263
     0.947368    -0.009999     0.000404
     1.000000    -0.009999     0.000532
     0.000126     0.041858     0.000633
     0.052646     0.041765     0.000472
     0.105316     0.041813     0.000312
     0.157891     0.041780     0.000150
     0.210534     0.041780     0.000029
     0.263149     0.041774     0.000001
     0.315797     0.041771     0.000000
     0.368421     0.041766     0.000000
     0.421062     0.041763     0.000000
     0.473682     0.041760     0.000000
     0.526319     0.041759     0.000000
     0.578938     0.041762     0.000000
     0.631579     0.041766     0.000000
     0.684203     0.041771     0.000000
     0.736851     0.041774     0.000001
     0.789466     0.041780     0.000028
     0.842109     0.041780     0.000149
     0.894684     0.041813     0.000311
     0.947354     0.041764     0.000470
     0.999874     0.041858     0.000631
     0.000454     0.093955     0.000704
     0.052827     0.093832     0.000526
     0.105444     0.093778     0.000371
     0.157992     0.093756     0.000178
     0.210644     0.093696     0.000046
     0.263203     0.093648     0.000005
     0.315852     0.093617     0.000000
     0.368422     0.093605     0.000000
     0.421084     0.093603     0.000000
     0.473667     0.093605     0.000000
     0.526333     0.093604     0.000000
     0.578916     0.093603     0.000000
     0.631578     0.093605     0.000000
     0.684149     0.093616     0.000000
     0.736797     0.093647     0.000005
     0.789356     0.093696     0.000045
     0.842008     0.093756     0.000177
     0.894556     0.093778     0.000369
     0.947172     0.093832     0.000524
     0.999547     0.093955     0.000701
     0.000383     0.145948     0.000894
     0.053034     0.145720     0.000650
     0.105449     0.145617     0.000422
     0.158077     0.145506     0.000201
     0.210638     0.145472     0.000058
     0.263263     0.145448     0.000007
     0.315889     0.145432     0.000000
     0.368479     0.145396     0.000000
     0.421114     0.145375     0.000000
     0.473678     0.145357     0.000000
     0.526322     0.145357     0.000000
     0.578887     0.145375     0.000000
     0.631522     0.145395     0.000000
     0.684112     0.145432     0.000000
     0.736737     0.145448     0.000007
     0.789363     0.145473     0.000057
     0.841923     0.145506     0.000200
     0.894551     0.145616     0.000420
     0.946968     0.145720     0.000648
     0.999617     0.145947     0.000892
     0.000810     0.197746     0.001050
     0.053086     0.197782     0.000768
     0.105751     0.197681     0.000513
     0.158193     0.197523     0.000233
     0.210859     0.197447     0.000065
     0.263323     0.197287     0.000023
     0.315989     0.197274     0.000018
     0.368478     0.197223     0.000023
     0.421163     0.197243     0.000017
     0.473663     0.197235     0.000013
     0.526337     0.197235     0.000014
     0.578837     0.197244     0.000018
     0.631522     0.197223     0.000023
     0.684012     0.197274     0.000018
     0.736677     0.197286     0.000023
     0.789142     0.197447     0.000064
     0.841807     0.197523     0.000232
     0.894249     0.197681     0.000512
     0.946914     0.197782     0.000767
     0.999192     0.197746     0.001048
     0.000496     0.250105     0.001266
     0.053221     0.249648     0.000917
     0.105693     0.249443     0.000617
     0.158312     0.249246     0.000396
     0.210903     0.249201     0.000234
     0.263455     0.249147     0.000152
     0.316096     0.249138     0.000114
     0.368554     0.249056     0.000086
     0.421216     0.249029     0.000092
     0.473647     0.248994     0.000113
     0.526354     0.248994     0.000114
     0.578785     0.249029     0.000093
     0.631447     0.249055     0.000087
     0.683905     0.249138     0.000114
     0.736546     0.249147     0.000151
     0.789098     0.249201     0.000233
     0.841689     0.249245     0.000396
     0.894307     0.249443     0.000616
     0.946779     0.249645     0.000916
     0.999504     0.250103     0.001265
     0.001412     0.301550     0.002736
     0.053499     0.301630     0.001981
     0.106170     0.301575     0.001158
     0.158486     0.301244     0.000641
     0.211167     0.301238     0.000541
     0.263482     0.300926     0.000506
     0.316207     0.301001     0.000449
     0.368562     0.300883     0.000361
     0.421311     0.300950     0.000338
     0.473653     0.300913     0.000313
     0.526347     0.300913     0.000313
     0.578689     0.300951     0.000338
     0.631439     0.300883     0.000362
     0.683794     0.301001     0.000450
     0.736517     0.300925     0.000506
     0.788835     0.301238     0.000539
     0.841513     0.301243     0.000639
     0.893831     0.301576     0.001156
     0.946502     0.301630     0.001979
     0.998589     0.301550     0.002734
     0.000674     0.354472     0.008989
     0.053489     0.353644     0.007524
     0.106075     0.353292     0.005082
     0.158682     0.352939     0.002810
     0.211354     0.352996     0.001703
     0.263759     0.352867     0.001312
     0.316397     0.352927     0.001138
     0.368629     0.352750     0.001083
     0.421366     0.352753     0.000999
     0.473536     0.352693     0.000934
     0.526467     0.352692     0.000934
     0.578636     0.352753     0.001000
     0.631371     0.352748     0.001083
     0.683604     0.352931     0.001138
     0.736242     0.352867     0.001311
     0.788646     0.352996     0.001700
     0.841320     0.352938     0.002806
     0.893925     0.353292     0.005079
     0.946511     0.353643     0.007521
     0.999327     0.354470     0.008986
     0.002472     0.405404     0.019055
     0.054281     0.405298     0.017433
     0.107196     0.405510     0.014864
     0.158895     0.404869     0.010610
     0.211606     0.405153     0.006900
     0.263572     0.404565     0.004693
     0.316485     0.404941     0.003323
     0.368700     0.404553     0.002641
     0.421545     0.404860     0.002349
     0.473742     0.404615     0.002371
     0.526258     0.404613     0.002372
     0.578454     0.404865     0.002349
     0.631299     0.404552     0.002637
     0.683515     0.404938     0.003316
     0.736427     0.404566     0.004686
     0.788398     0.405153     0.006893
     0.841104     0.404866     0.010605
     0.892805     0.405511     0.014862
     0.945723     0.405299     0.017433
     0.997529     0.405404     0.019056
     0.001698     0.459536     0.027770
     0.053402     0.457073     0.026259
     0.107335     0.457351     0.024973
     0.159168     0.457062     0.021707
     0.212518     0.457076     0.016780
     0.264216     0.456928     0.012596
     0.316739     0.456694     0.009347
     0.368916     0.456596     0.006928
     0.421167     0.456422     0.005476
     0.473940     0.456714     0.004736
     0.526058     0.456712     0.004733
     0.578834     0.456422     0.005469
     0.631093     0.456594     0.006919
     0.683263     0.456698     0.009336
     0.735785     0.456926     0.012586
     0.787482     0.457076     0.016773
     0.840833     0.457065     0.021704
     0.892666     0.457343     0.024972
     0.946600     0.457074     0.026261
     0.998306     0.459537     0.027775
     0.010080     0.512381     0.033233
     0.057589     0.509478     0.032035
     0.106994     0.509226     0.031724
     0.159640     0.508719     0.030463
     0.211454     0.508800     0.027042
     0.264602     0.509109     0.022716
     0.316747     0.508689     0.018663
     0.369629     0.509022     0.015107
     0.421521     0.508648     0.012096
     0.473699     0.508576     0.010143
     0.526304     0.508573     0.010138
     0.578477     0.508644     0.012086
     0.630367     0.509023     0.015098
     0.683249     0.508694     0.018656
     0.735404     0.509111     0.022710
     0.788542     0.508800     0.027038
     0.840368     0.508716     0.030461
     0.893008     0.509229     0.031725
     0.942413     0.509475     0.032038
     0.989923     0.512376     0.033239
     0.016851     0.570769     0.035307
     0.068852     0.568177     0.035022
     0.115603     0.564203     0.034896
     0.165805     0.562363     0.034913
     0.214080     0.562111     0.034123
     0.265394     0.560962     0.031761
     0.317251     0.560914     0.028547
     0.369156     0.560672     0.025102
     0.422182     0.561235     0.022310
     0.473991     0.560978     0.021034
     0.526014     0.560984     0.021035
     0.577817     0.561235     0.022309
     0.630842     0.560674     0.025099
     0.682762     0.560900     0.028546
     0.734610     0.560962     0.031759
     0.785935     0.562108     0.034121
     0.834199     0.562360     0.034913
     0.884406     0.564203     0.034898
     0.931149     0.568178     0.035026
     0.983147     0.570769     0.035313
     0.013300     0.617515     0.031613
     0.066268     0.619443     0.033039
     0.118924     0.619805     0.033785
     0.169005     0.617715     0.035365
     0.220502     0.617768     0.037260
     0.270233     0.614658     0.037861
     0.320150     0.614679     0.036815
     0.370463     0.613515     0.035307
     0.421505     0.612951     0.034844
     0.474134     0.613649     0.034954
     0.525864     0.613650     0.034959
     0.578496     0.612951     0.034853
     0.629561     0.613497     0.035313
     0.679853     0.614681     0.036818
     0.729778     0.614655     0.037862
     0.779496     0.617769     0.037261
     0.830996     0.617717     0.035368
     0.881075     0.619808     0.033790
     0.933735     0.619447     0.033044
     0.986705     0.617516     0.031618
     0.015793     0.674408     0.020143
     0.068054     0.672172     0.023935
     0.120976     0.671509     0.027482
     0.171897     0.670708     0.032490
     0.221828     0.669696     0.037403
     0.274101     0.669660     0.041043
     0.323941     0.669199     0.043336
     0.375177     0.668287     0.045101
     0.423634     0.667339     0.046427
     0.473591     0.665844     0.046753
     0.526414     0.665845     0.046756
     0.576395     0.667320     0.046437
     0.624815     0.668291     0.045114
     0.676061     0.669195     0.043346
     0.725891     0.669660     0.041051
     0.778173     0.669700     0.037410
     0.828103     0.670705     0.032494
     0.879028     0.671505     0.027487
     0.931950     0.672170     0.023938
     0.984210     0.674408     0.020144
     0.015139     0.721469     0.009568
     0.067443     0.722939     0.014719
     0.119012     0.724523     0.020867
     0.172282     0.725765     0.028317
     0.224558     0.724220     0.035950
     0.275443     0.722260     0.042543
     0.325959     0.722899     0.048085
     0.376716     0.722603     0.051939
     0.426681     0.723697     0.053150
     0.477079     0.720372     0.053303
     0.522938     0.720347     0.053305
     0.573313     0.723708     0.053157
     0.623285     0.722607     0.051951
     0.674043     0.722901     0.048102
     0.724563     0.722260     0.042558
     0.775445     0.724215     0.035959
     0.827720     0.725767     0.028320
     0.880988     0.724523     0.020866
     0.932556     0.722944     0.014716
     0.984863     0.721474     0.009564
     0.015248     0.778705     0.009049
     0.067549     0.777256     0.014379
     0.119222     0.775685     0.020738
     0.172215     0.774326     0.028274
     0.224713     0.775690     0.035933
     0.275292     0.777623     0.042659
     0.325920     0.776935     0.048347
     0.376800     0.777386     0.052224
     0.426920     0.776044     0.053399
     0.477192     0.779291     0.053498
     0.522819     0.779316     0.053499
     0.573078     0.776041     0.053406
     0.623207     0.777383     0.052236
     0.674083     0.776931     0.048360
     0.724705     0.777623     0.042668
     0.775287     0.775695     0.035935
     0.827785     0.774324     0.028273
     0.880780     0.775684     0.020735
     0.932453     0.777252     0.014376
     0.984753     0.778702     0.009046
     0.015648     0.825753     0.019004
     0.067862     0.827916     0.023143
     0.120820     0.828741     0.027065
     0.172306     0.829365     0.032376
     0.221870     0.830262     0.037435
     0.274520     0.830364     0.041313
     0.324126     0.830480     0.043900
     0.375520     0.831483     0.045787
     0.423855     0.832455     0.047095
     0.473671     0.834145     0.047332
     0.526322     0.834137     0.047333
     0.576165     0.832471     0.047101
     0.624473     0.831481     0.045793
     0.675882     0.830490     0.043899
     0.725480     0.830368     0.041310
     0.778136     0.830254     0.037432
     0.827698     0.829366     0.032373
     0.879180     0.828743     0.027062
     0.932138     0.827921     0.023141
     0.984352     0.825757     0.019002
     0.013530     0.882829     0.030609
     0.066365     0.880871     0.032284
     0.119075     0.879758     0.033281
     0.169340     0.882276     0.035242
     0.220810     0.882146     0.037448
     0.270651     0.885127     0.038258
     0.320416     0.885296     0.037413
     0.370603     0.886370     0.036046
     0.421465     0.887046     0.035674
     0.474114     0.886319     0.035825
     0.525885     0.886315     0.035827
     0.578522     0.887046     0.035673
     0.629411     0.886375     0.036038
     0.679577     0.885287     0.037403
     0.729357     0.885129     0.038250
     0.779190     0.882146     0.037443
     0.830659     0.882282     0.035236
     0.880925     0.879759     0.033275
     0.933637     0.880866     0.032279
     0.986474     0.882825     0.030603
     0.016743     0.929411     0.034688
     0.069374     0.931882     0.034533
     0.116050     0.935787     0.034555
     0.166002     0.937557     0.034842
     0.214368     0.937836     0.034459
     0.265454     0.939067     0.032332
     0.317276     0.939046     0.029174
     0.369140     0.939331     0.025760
     0.422185     0.938731     0.023043
     0.474029     0.938998     0.021840
     0.525972     0.939004     0.021839
     0.577815     0.938731     0.023035
     0.630859     0.939324     0.025747
     0.682726     0.939065     0.029163
     0.734541     0.939060     0.032322
     0.785636     0.937837     0.034451
     0.833999     0.937557     0.034835
     0.883960     0.935785     0.034548
     0.930626     0.931887     0.034526
     0.983257     0.929415     0.034679
     0.010252     0.987055     0.032858
     0.057712     0.990371     0.031777
     0.107067     0.990741     0.031600
     0.159721     0.991311     0.030631
     0.211419     0.991172     0.027517
     0.264605     0.990898     0.023332
     0.316771     0.991352     0.019281
     0.369639     0.990967     0.015668
     0.421538     0.991332     0.012567
     0.473651     0.991417     0.010557
     0.526343     0.991417     0.010554
     0.578462     0.991330     0.012558
     0.630354     0.990969     0.015659
     0.683227     0.991348     0.019271
     0.735398     0.990893     0.023323
     0.788577     0.991172     0.027509
     0.840281     0.991309     0.030623
     0.892931     0.990741     0.031593
     0.942293     0.990375     0.031768
     0.989754     0.987052     0.032848
     0.001949     1.040592     0.027497
     0.053338     1.042889     0.026197
     0.107357     1.042690     0.025128
     0.159135     1.042951     0.022115
     0.212569     1.042957     0.017261
     0.264214     1.043070     0.013045
     0.316767     1.043290     0.009746
     0.368925     1.043406     0.007232
     0.421167     1.043589     0.005671
     0.473962     1.043258     0.004865
     0.526039     1.043258     0.004863
     0.578831     1.043589     0.005669
     0.631076     1.043405     0.007228
     0.683230     1.043289     0.009742
     0.735784     1.043069     0.013040
     0.787426     1.042956     0.017254
     0.840864     1.042951     0.022107
     0.892637     1.042686     0.025120
     0.946661     1.042886     0.026189
     0.998049     1.040595     0.027489
     0.002372     1.094500     0.019074
     0.054303     1.094731     0.017587
     0.107175     1.094399     0.015191
     0.158942     1.095159     0.010954
     0.211599     1.094813     0.007152
     0.263592     1.095455     0.004874
     0.316493     1.095069     0.003451
     0.368699     1.095463     0.002721
     0.421565     1.095116     0.002410
     0.473740     1.095393     0.002429
     0.526257     1.095395     0.002430
     0.578434     1.095114     0.002410
     0.631298     1.095466     0.002722
     0.683506     1.095065     0.003452
     0.736410     1.095455     0.004874
     0.788400     1.094811     0.007150
     0.841060     1.095158     0.010950
     0.892825     1.094399     0.015185
     0.945693     1.094731     0.017580
     0.997627     1.094499     0.019066
     0.000751     1.145581     0.009281
     0.053517     1.146336     0.007770
     0.106114     1.146735     0.005282
     0.158643     1.147042     0.002917
     0.211389     1.147040     0.001754
     0.263738     1.147117     0.001336
     0.316424     1.147075     0.001151
     0.368628     1.147244     0.001107
     0.421386     1.147255     0.001033
     0.473512     1.147304     0.000970
     0.526489     1.147303     0.000971
     0.578613     1.147255     0.001035
     0.631373     1.147243     0.001110
     0.683575     1.147073     0.001155
     0.736258     1.147117     0.001339
     0.788610     1.147039     0.001758
     0.841352     1.147041     0.002918
     0.893885     1.146737     0.005280
     0.946482     1.146333     0.007766
     0.999247     1.145579     0.009276
     0.001372     1.198388     0.002878
     0.053491     1.198372     0.002073
     0.106147     1.198412     0.001181
     0.158510     1.198764     0.000647
     0.211153     1.198736     0.000544
     0.263504     1.199092     0.000508
     0.316198     1.198997     0.000454
     0.368571     1.199128     0.000371
     0.421304     1.199050     0.000357
     0.473664     1.199092     0.000337
     0.526335     1.199093     0.000338
     0.578696     1.199050     0.000359
     0.631429     1.199129     0.000374
     0.683802     1.198999     0.000457
     0.736495     1.199090     0.000511
     0.788848     1.198736     0.000548
     0.841490     1.198763     0.000650
     0.893852     1.198410     0.001182
     0.946508     1.198372     0.002073
     0.998627     1.198387     0.002877
     0.000524     1.249926     0.001251
     0.053229     1.250341     0.000914
     0.105715     1.250565     0.000623
     0.158298     1.250741     0.000406
     0.210920     1.250822     0.000240
     0.263437     1.250840     0.000152
     0.316113     1.250870     0.000116
     0.368542     1.250938     0.000090
     0.421233     1.250977     0.000099
     0.473631     1.251006     0.000126
     0.526369     1.251005     0.000126
     0.578768     1.250978     0.000101
     0.631457     1.250937     0.000093
     0.683886     1.250870     0.000119
     0.736562     1.250840     0.000155
     0.789079     1.250823     0.000243
     0.841701     1.250741     0.000407
     0.894285     1.250565     0.000625
     0.946770     1.250338     0.000915
     0.999474     1.249924     0.001252
     0.000797     1.302218     0.001049
     0.053086     1.302213     0.000772
     0.105738     1.302315     0.000520
     0.158203     1.302481     0.000241
     0.210848     1.302538     0.000069
     0.263339     1.302722     0.000024
     0.315976     1.302724     0.000018
     0.368490     1.302785     0.000024
     0.421150     1.302758     0.000020
     0.473676     1.302769     0.000015
     0.526324     1.302770     0.000016
     0.578849     1.302757     0.000020
     0.631510     1.302785     0.000025
     0.684023     1.302724     0.000019
     0.736661     1.302721     0.000025
     0.789152     1.302539     0.000070
     0.841797     1.302481     0.000242
     0.894263     1.302315     0.000521
     0.946914     1.302214     0.000774
     0.999203     1.302217     0.001052
     0.000393     1.354068     0.000898
     0.053033     1.354276     0.000653
     0.105456     1.354385     0.000426
     0.158071     1.354487     0.000206
     0.210644     1.354540     0.000062
     0.263251     1.354545     0.000008
     0.315898     1.354574     0.000000
     0.368469     1.354601     0.000000
     0.421124     1.354628     0.000000
     0.473668     1.354644     0.000000
     0.526332     1.354643     0.000000
     0.578876     1.354628     0.000000
     0.631530     1.354600     0.000000
     0.684103     1.354573     0.000000
     0.736748     1.354545     0.000008
     0.789355     1.354540     0.000062
     0.841928     1.354487     0.000208
     0.894543     1.354385     0.000428
     0.946966     1.354274     0.000656
     0.999607     1.354067     0.000901
     0.000451     1.406027     0.000709
     0.052832     1.406166     0.000531
     0.105439     1.406224     0.000376
     0.157995     1.406245     0.000183
     0.210638     1.406299     0.000048
     0.263211     1.406355     0.000006
     0.315844     1.406382     0.000000
     0.368430     1.406398     0.000000
     0.421075     1.406398     0.000000
     0.473676     1.406398     0.000000
     0.526324     1.406398     0.000000
     0.578925     1.406398     0.000000
     0.631570     1.406399     0.000000
     0.684156     1.406383     0.000000
     0.736789     1.406356     0.000006
     0.789362     1.406299     0.000048
     0.842005     1.406245     0.000184
     0.894562     1.406222     0.000378
     0.947168     1.406166     0.000533
     0.999548     1.406027     0.000712
     0.000129     1.458144     0.000637
     0.052642     1.458234     0.000477
     0.105317     1.458187     0.000317
     0.157890     1.458219     0.000153
     0.210535     1.458221     0.000030
     0.263146     1.458225     0.000001
     0.315798     1.458229     0.000000
     0.368419     1.458233     0.000000
     0.421064     1.458238     0.000000
     0.473680     1.458241     0.000000
     0.526320     1.458241     0.000000
     0.578937     1.458238     0.000000
     0.631581     1.458233     0.000000
     0.684202     1.458229     0.000000
     0.736854     1.458225     0.000001
     0.789465     1.458221     0.000030
     0.842110     1.458219     0.000154
     0.894684     1.458187     0.000318
     0.947359     1.458235     0.000478
     0.999871     1.458144     0.000640
     0.000000     1.509999     0.000537
     0.052632     1.509999     0.000410
     0.105263     1.509999     0.000268
     0.157895     1.509999     0.000087
     0.210526     1.509999     0.000005
     0.263158     1.509999     0.000000
     0.315789     1.509999     0.000000
     0.368421     1.509999     0.000000
     0.421053     1.509999     0.000000
     0.473684     1.509999     0.000000
     0.526316     1.509999     0.000000
     0.578947     1.509999     0.000000
     0.631579     1.509999     0.000000
     0.684211     1.509999     0.000000
     0.736842     1.509999     0.000000
     0.789474     1.509999     0.000005
     0.842105     1.509999     0.000087
     0.894737     1.509999     0.000269
     0.947368     1.509999     0.000411
     1.000000     1.509999     0.000540
