     0.000000    -0.009999     0.000065
     0.052632    -0.009999     0.000050
     0.105263    -0.009999     0.000032
     0.157895    -0.009999     0.000010
     0.210526    -0.009999     0.000001
     0.263158    -0.009999     0.000000
     0.315789    -0.009999     0.000000
     0.368421    -0.009999     0.000000
     0.421053    -0.009999     0.000000
     0.473684    -0.009999     0.000000
     0.526316    -0.009999     0.000000
     0.578947    -0.009999     0.000000
     0.631579    -0.009999     0.000000
     0.684211    -0.009999     0.000000
     0.736842    -0.009999     0.000000
     0.789474    -0.009999     0.000001
     0.842105    -0.009999     0.000010
     0.894737    -0.009999     0.000032
     0.947368    -0.009999     0.000050
     1.000000    -0.009999     0.000065
     0.000126     0.041858     0.000078
     0.052646     0.041765     0.000058
     0.105316     0.041813     0.000038
     0.157891     0.041780     0.000018
     0.210534     0.041780     0.000004
     0.263149     0.041774     0.000000
     0.315797     0.041771     0.000000
     0.368421     0.041766     0.000000
     0.421062     0.041763     0.000000
     0.473682     0.041760     0.000000
     0.526319     0.041759     0.000000
     0.578938     0.041762     0.000000
     0.631579     0.041766     0.000000
     0.684203     0.041771     0.000000
     0.736851     0.041774     0.000000
     0.789466     0.041780     0.000003
     0.842109     0.041780     0.000018
     0.894684     0.041813     0.000038
     0.947354     0.041764     0.000058
     0.999874     0.041858     0.000077
     0.000454     0.093955     0.000086
     0.052827     0.093832     0.000064
     0.105444     0.093778     0.000045
     0.157992     0.093756     0.000022
     0.210644     0.093696     0.000006
     0.263203     0.093648     0.000001
     0.315852     0.093617     0.000000
     0.368422     0.093605     0.000000
     0.421084     0.093603     0.000000
     0.473667     0.093605     0.000000
     0.526333     0.093604     0.000000
     0.578916     0.093603     0.000000
     0.631578     0.093605     0.000000
     0.684149     0.093616     0.000000
     0.736797     0.093647     0.000001
     0.789356     0.093696     0.000006
     0.842008     0.093756     0.000022
     0.894556     0.093778     0.000045
     0.947172     0.093832     0.000064
     0.999547     0.093955     0.000086
     0.000383     0.145948     0.000110
     0.053034     0.145720     0.000080
     0.105449     0.145617     0.000052
     0.158077     0.145506     0.000025
     0.210638     0.145472     0.000007
     0.263263     0.145448     0.000001
     0.315889     0.145432     0.000000
     0.368479     0.145396     0.000000
     0.421114     0.145375     0.000000
     0.473678     0.145357     0.000000
     0.526322     0.145357     0.000000
     0.578887     0.145375     0.000000
     0.631522     0.145395     0.000000
     0.684112     0.145432     0.000000
     0.736737     0.145448     0.000001
     0.789363     0.145473     0.000007
     0.841923     0.145506     0.000025
     0.894551     0.145616     0.000052
     0.946968     0.145720     0.000079
     0.999617     0.145947     0.000110
     0.000810     0.197746     0.000129
     0.053086     0.197782     0.000094
     0.105751     0.197681     0.000063
     0.158193     0.197523     0.000029
     0.210859     0.197447     0.000008
     0.263323     0.197287     0.000003
     0.315989     0.197274     0.000002
     0.368478     0.197223     0.000003
     0.421163     0.197243     0.000002
     0.473663     0.197235     0.000002
     0.526337     0.197235     0.000002
     0.578837     0.197244     0.000002
     0.631522     0.197223     0.000003
     0.684012     0.197274     0.000002
     0.736677     0.197286     0.000003
     0.789142     0.197447     0.000008
     0.841807     0.197523     0.000028
     0.894249     0.197681     0.000063
     0.946914     0.197782     0.000094
     0.999192     0.197746     0.000129
     0.000496     0.250105     0.000156
     0.053221     0.249648     0.000113
     0.105693     0.249443     0.000076
     0.158312     0.249246     0.000049
     0.210903     0.249201     0.000029
     0.263455     0.249147     0.000019
     0.316096     0.249138     0.000014
     0.368554     0.249056     0.000011
     0.421216     0.249029     0.000011
     0.473647     0.248994     0.000014
     0.526354     0.248994     0.000014
     0.578785     0.249029     0.000011
     0.631447     0.249055     0.000011
     0.683905     0.249138     0.000014
     0.736546     0.249147     0.000019
     0.789098     0.249201     0.000029
     0.841689     0.249245     0.000049
     0.894307     0.249443     0.000076
     0.946779     0.249645     0.000112
     0.999504     0.250103     0.000156
     0.001412     0.301550     0.000338
     0.053499     0.301630     0.000244
     0.106170     0.301575     0.000142
     0.158486     0.301244     0.000079
     0.211167     0.301238     0.000066
     0.263482     0.300926     0.000062
     0.316207     0.301001     0.000055
     0.368562     0.300883     0.000044
     0.421311     0.300950     0.000041
     0.473653     0.300913     0.000038
     0.526347     0.300913     0.000038
     0.578689     0.300951     0.000041
     0.631439     0.300883     0.000044
     0.683794     0.301001     0.000055
     0.736517     0.300925     0.000062
     0.788835     0.301238     0.000066
     0.841513     0.301243     0.000078
     0.893831     0.301576     0.000142
     0.946502     0.301630     0.000244
     0.998589     0.301550     0.000338
     0.000674     0.354472     0.001132
     0.053489     0.353644     0.000943
     0.106075     0.353292     0.000632
     0.158682     0.352939     0.000347
     0.211354     0.352996     0.000210
     0.263759     0.352867     0.000161
     0.316397     0.352927     0.000140
     0.368629     0.352750     0.000133
     0.421366     0.352753     0.000123
     0.473536     0.352693     0.000115
     0.526467     0.352692     0.000115
     0.578636     0.352753     0.000123
     0.631371     0.352748     0.000133
     0.683604     0.352931     0.000140
     0.736242     0.352867     0.000161
     0.788646     0.352996     0.000209
     0.841320     0.352938     0.000347
     0.893925     0.353292     0.000632
     0.946511     0.353643     0.000943
     0.999327     0.354470     0.001131
     0.002472     0.405404     0.002475
     0.054281     0.405298     0.002253
     0.107196     0.405510     0.001906
     0.158895     0.404869     0.001343
     0.211606     0.405153     0.000863
     0.263572     0.404565     0.000583
     0.316485     0.404941     0.000411
     0.368700     0.404553     0.000326
     0.421545     0.404860     0.000290
     0.473742     0.404615     0.000293
     0.526258     0.404613     0.000293
     0.578454     0.404865     0.000290
     0.631299     0.404552     0.000326
     0.683515     0.404938     0.000410
     0.736427     0.404566     0.000582
     0.788398     0.405153     0.000862
     0.841104     0.404866     0.001342
     0.892805     0.405511     0.001906
     0.945723     0.405299     0.002253
     0.997529     0.405404     0.002475
     0.001698     0.459536     0.003707
     0.053402     0.457073     0.003489
     0.107335     0.457351     0.003305
     0.159168     0.457062     0.002843
     0.212518     0.457076     0.002164
     0.264216     0.456928     0.001604
     0.316739     0.456694     0.001178
     0.368916     0.456596     0.000867
     0.421167     0.456422     0.000682
     0.473940     0.456714     0.000589
     0.526058     0.456712     0.000588
     0.578834     0.456422     0.000681
     0.631093     0.456594     0.000866
     0.683263     0.456698     0.001177
     0.735785     0.456926     0.001602
     0.787482     0.457076     0.002163
     0.840833     0.457065     0.002843
     0.892666     0.457343     0.003305
     0.946600     0.457074     0.003489
     0.998306     0.459537     0.003708
     0.010080     0.512381     0.004514
     0.057589     0.509478     0.004335
     0.106994     0.509226     0.004288
     0.159640     0.508719     0.004102
     0.211454     0.508800     0.003602
     0.264602     0.509109     0.002985
     0.316747     0.508689     0.002421
     0.369629     0.509022     0.001939
     0.421521     0.508648     0.001538
     0.473699     0.508576     0.001282
     0.526304     0.508573     0.001281
     0.578477     0.508644     0.001536
     0.630367     0.509023     0.001937
     0.683249     0.508694     0.002420
     0.735404     0.509111     0.002984
     0.788542     0.508800     0.003601
     0.840368     0.508716     0.004101
     0.893008     0.509229     0.004289
     0.942413     0.509475     0.004335
     0.989923     0.512376     0.004515
     0.016851     0.570769     0.004827
     0.068852     0.568177     0.004784
     0.115603     0.564203     0.004765
     0.165805     0.562363     0.004767
     0.214080     0.562111     0.004648
     0.265394     0.560962     0.004294
     0.317251     0.560914     0.003821
     0.369156     0.560672     0.003323
     0.422182     0.561235     0.002928
     0.473991     0.560978     0.002749
     0.526014     0.560984     0.002750
     0.577817     0.561235     0.002928
     0.630842     0.560674     0.003323
     0.682762     0.560900     0.003820
     0.734610     0.560962     0.004294
     0.785935     0.562108     0.004648
     0.834199     0.562360     0.004767
     0.884406     0.564203     0.004765
     0.931149     0.568178     0.004785
     0.983147     0.570769     0.004828
     0.013300     0.617515     0.004272
     0.066268     0.619443     0.004485
     0.118924     0.619805     0.004597
     0.169005     0.617715     0.004836
     0.220502     0.617768     0.005126
     0.270233     0.614658     0.005219
     0.320150     0.614679     0.005058
     0.370463     0.613515     0.004827
     0.421505     0.612951     0.004757
     0.474134     0.613649     0.004774
     0.525864     0.613650     0.004774
     0.578496     0.612951     0.004758
     0.629561     0.613497     0.004828
     0.679853     0.614681     0.005058
     0.729778     0.614655     0.005219
     0.779496     0.617769     0.005126
     0.830996     0.617717     0.004837
     0.881075     0.619808     0.004598
     0.933735     0.619447     0.004486
     0.986705     0.617516     0.004273
     0.015793     0.674408     0.002626
     0.068054     0.672172     0.003157
     0.120976     0.671509     0.003666
     0.171897     0.670708     0.004403
     0.221828     0.669696     0.005148
     0.274101     0.669660     0.005715
     0.323941     0.669199     0.006078
     0.375177     0.668287     0.006362
     0.423634     0.667339     0.006577
     0.473591     0.665844     0.006630
     0.526414     0.665845     0.006630
     0.576395     0.667320     0.006578
     0.624815     0.668291     0.006364
     0.676061     0.669195     0.006080
     0.725891     0.669660     0.005716
     0.778173     0.669700     0.005149
     0.828103     0.670705     0.004403
     0.879028     0.671505     0.003666
     0.931950     0.672170     0.003158
     0.984210     0.674408     0.002626
     0.015139     0.721469     0.001207
     0.067443     0.722939     0.001886
     0.119012     0.724523     0.002726
     0.172282     0.725765     0.003787
     0.224558     0.724220     0.004925
     0.275443     0.722260     0.005952
     0.325959     0.722899     0.006848
     0.376716     0.722603     0.007489
     0.426681     0.723697     0.007694
     0.477079     0.720372     0.007720
     0.522938     0.720347     0.007720
     0.573313     0.723708     0.007695
     0.623285     0.722607     0.007491
     0.674043     0.722901     0.006851
     0.724563     0.722260     0.005955
     0.775445     0.724215     0.004927
     0.827720     0.725767     0.003787
     0.880988     0.724523     0.002726
     0.932556     0.722944     0.001886
     0.984863     0.721474     0.001206
     0.015248     0.778705     0.001140
     0.067549     0.777256     0.001841
     0.119222     0.775685     0.002708
     0.172215     0.774326     0.003781
     0.224713     0.775690     0.004923
     0.275292     0.777623     0.005971
     0.325920     0.776935     0.006891
     0.376800     0.777386     0.007537
     0.426920     0.776044     0.007736
     0.477192     0.779291     0.007753
     0.522819     0.779316     0.007753
     0.573078     0.776041     0.007737
     0.623207     0.777383     0.007539
     0.674083     0.776931     0.006893
     0.724705     0.777623     0.005972
     0.775287     0.775695     0.004923
     0.827785     0.774324     0.003781
     0.880780     0.775684     0.002708
     0.932453     0.777252     0.001840
     0.984753     0.778702     0.001139
     0.015648     0.825753     0.002468
     0.067862     0.827916     0.003045
     0.120820     0.828741     0.003605
     0.172306     0.829365     0.004386
     0.221870     0.830262     0.005153
     0.274520     0.830364     0.005757
     0.324126     0.830480     0.006169
     0.375520     0.831483     0.006473
     0.423855     0.832455     0.006686
     0.473671     0.834145     0.006724
     0.526322     0.834137     0.006725
     0.576165     0.832471     0.006687
     0.624473     0.831481     0.006474
     0.675882     0.830490     0.006168
     0.725480     0.830368     0.005757
     0.778136     0.830254     0.005152
     0.827698     0.829366     0.004385
     0.879180     0.828743     0.003605
     0.932138     0.827921     0.003045
     0.984352     0.825757     0.002468
     0.013530     0.882829     0.004123
     0.066365     0.880871     0.004372
     0.119075     0.879758     0.004521
     0.169340     0.882276     0.004817
     0.220810     0.882146     0.005155
     0.270651     0.885127     0.005280
     0.320416     0.885296     0.005150
     0.370603     0.886370     0.004940
     0.421465     0.887046     0.004883
     0.474114     0.886319     0.004906
     0.525885     0.886315     0.004906
     0.578522     0.887046     0.004883
     0.629411     0.886375     0.004939
     0.679577     0.885287     0.005148
     0.729357     0.885129     0.005279
     0.779190     0.882146     0.005154
     0.830659     0.882282     0.004816
     0.880925     0.879759     0.004520
     0.933637     0.880866     0.004371
     0.986474     0.882825     0.004122
     0.016743     0.929411     0.004733
     0.069374     0.931882     0.004710
     0.116050     0.935787     0.004713
     0.166002     0.937557     0.004757
     0.214368     0.937836     0.004699
     0.265454     0.939067     0.004379
     0.317276     0.939046     0.003912
     0.369140     0.939331     0.003417
     0.422185     0.938731     0.003031
     0.474029     0.938998     0.002862
     0.525972     0.939004     0.002862
     0.577815     0.938731     0.003030
     0.630859     0.939324     0.003416
     0.682726     0.939065     0.003911
     0.734541     0.939060     0.004378
     0.785636     0.937837     0.004697
     0.833999     0.937557     0.004756
     0.883960     0.935785     0.004712
     0.930626     0.931887     0.004709
     0.983257     0.929415     0.004732
     0.010252     0.987055     0.004458
     0.057712     0.990371     0.004296
     0.107067     0.990741     0.004270
     0.159721     0.991311     0.004126
     0.211419     0.991172     0.003671
     0.264605     0.990898     0.003072
     0.316771     0.991352     0.002506
     0.369639     0.990967     0.002014
     0.421538     0.991332     0.001600
     0.473651     0.991417     0.001336
     0.526343     0.991417     0.001335
     0.578462     0.991330     0.001599
     0.630354     0.990969     0.002013
     0.683227     0.991348     0.002505
     0.735398     0.990893     0.003071
     0.788577     0.991172     0.003669
     0.840281     0.991309     0.004125
     0.892931     0.990741     0.004269
     0.942293     0.990375     0.004295
     0.989754     0.987052     0.004456
     0.001949     1.040592     0.003668
     0.053338     1.042889     0.003480
     0.107357     1.042690     0.003327
     0.159135     1.042951     0.002900
     0.212569     1.042957     0.002230
     0.264214     1.043070     0.001663
     0.316767     1.043290     0.001230
     0.368925     1.043406     0.000906
     0.421167     1.043589     0.000707
     0.473962     1.043258     0.000605
     0.526039     1.043258     0.000605
     0.578831     1.043589     0.000706
     0.631076     1.043405     0.000905
     0.683230     1.043289     0.001229
     0.735784     1.043069     0.001663
     0.787426     1.042956     0.002229
     0.840864     1.042951     0.002899
     0.892637     1.042686     0.003326
     0.946661     1.042886     0.003479
     0.998049     1.040595     0.003667
     0.002372     1.094500     0.002478
     0.054303     1.094731     0.002274
     0.107175     1.094399     0.001950
     0.158942     1.095159     0.001388
     0.211599     1.094813     0.000895
     0.263592     1.095455     0.000606
     0.316493     1.095069     0.000427
     0.368699     1.095463     0.000336
     0.421565     1.095116     0.000297
     0.473740     1.095393     0.000300
     0.526257     1.095395     0.000300
     0.578434     1.095114     0.000297
     0.631298     1.095466     0.000336
     0.683506     1.095065     0.000427
     0.736410     1.095455     0.000606
     0.788400     1.094811     0.000895
     0.841060     1.095158     0.001387
     0.892825     1.094399     0.001949
     0.945693     1.094731     0.002273
     0.997627     1.094499     0.002477
     0.000751     1.145581     0.001170
     0.053517     1.146336     0.000975
     0.106114     1.146735     0.000658
     0.158643     1.147042     0.000360
     0.211389     1.147040     0.000216
     0.263738     1.147117     0.000164
     0.316424     1.147075     0.000142
     0.368628     1.147244     0.000136
     0.421386     1.147255     0.000127
     0.473512     1.147304     0.000119
     0.526489     1.147303     0.000119
     0.578613     1.147255     0.000127
     0.631373     1.147243     0.000136
     0.683575     1.147073     0.000142
     0.736258     1.147117     0.000165
     0.788610     1.147039     0.000216
     0.841352     1.147041     0.000361
     0.893885     1.146737     0.000657
     0.946482     1.146333     0.000974
     0.999247     1.145579     0.001169
     0.001372     1.198388     0.000356
     0.053491     1.198372     0.000256
     0.106147     1.198412     0.000145
     0.158510     1.198764     0.000079
     0.211153     1.198736     0.000067
     0.263504     1.199092     0.000062
     0.316198     1.198997     0.000056
     0.368571     1.199128     0.000046
     0.421304     1.199050     0.000044
     0.473664     1.199092     0.000041
     0.526335     1.199093     0.000041
     0.578696     1.199050     0.000044
     0.631429     1.199129     0.000046
     0.683802     1.198999     0.000056
     0.736495     1.199090     0.000063
     0.788848     1.198736     0.000067
     0.841490     1.198763     0.000080
     0.893852     1.198410     0.000145
     0.946508     1.198372     0.000255
     0.998627     1.198387     0.000355
     0.000524     1.249926     0.000154
     0.053229     1.250341     0.000112
     0.105715     1.250565     0.000076
     0.158298     1.250741     0.000050
     0.210920     1.250822     0.000029
     0.263437     1.250840     0.000019
     0.316113     1.250870     0.000014
     0.368542     1.250938     0.000011
     0.421233     1.250977     0.000012
     0.473631     1.251006     0.000015
     0.526369     1.251005     0.000015
     0.578768     1.250978     0.000012
     0.631457     1.250937     0.000011
     0.683886     1.250870     0.000015
     0.736562     1.250840     0.000019
     0.789079     1.250823     0.000030
     0.841701     1.250741     0.000050
     0.894285     1.250565     0.000077
     0.946770     1.250338     0.000112
     0.999474     1.249924     0.000154
     0.000797     1.302218     0.000129
     0.053086     1.302213     0.000095
     0.105738     1.302315     0.000064
     0.158203     1.302481     0.000030
     0.210848     1.302538     0.000008
     0.263339     1.302722     0.000003
     0.315976     1.302724     0.000002
     0.368490     1.302785     0.000003
     0.421150     1.302758     0.000002
     0.473676     1.302769     0.000002
     0.526324     1.302770     0.000002
     0.578849     1.302757     0.000002
     0.631510     1.302785     0.000003
     0.684023     1.302724     0.000002
     0.736661     1.302721     0.000003
     0.789152     1.302539     0.000009
     0.841797     1.302481     0.000030
     0.894263     1.302315     0.000064
     0.946914     1.302214     0.000095
     0.999203     1.302217     0.000129
     0.000393     1.354068     0.000110
     0.053033     1.354276     0.000080
     0.105456     1.354385     0.000052
     0.158071     1.354487     0.000025
     0.210644     1.354540     0.000008
     0.263251     1.354545     0.000001
     0.315898     1.354574     0.000000
     0.368469     1.354601     0.000000
     0.421124     1.354628     0.000000
     0.473668     1.354644     0.000000
     0.526332     1.354643     0.000000
     0.578876     1.354628     0.000000
     0.631530     1.354600     0.000000
     0.684103     1.354573     0.000000
     0.736748     1.354545     0.000001
     0.789355     1.354540     0.000008
     0.841928     1.354487     0.000025
     0.894543     1.354385     0.000052
     0.946966     1.354274     0.000080
     0.999607     1.354067     0.000111
     0.000451     1.406027     0.000087
     0.052832     1.406166     0.000065
     0.105439     1.406224     0.000046
     0.157995     1.406245     0.000022
     0.210638     1.406299     0.000006
     0.263211     1.406355     0.000001
     0.315844     1.406382     0.000000
     0.368430     1.406398     0.000000
     0.421075     1.406398     0.000000
     0.473676     1.406398     0.000000
     0.526324     1.406398     0.000000
     0.578925     1.406398     0.000000
     0.631570     1.406399     0.000000
     0.684156     1.406383     0.000000
     0.736789     1.406356     0.000001
     0.789362     1.406299     0.000006
     0.842005     1.406245     0.000022
     0.894562     1.406222     0.000046
     0.947168     1.406166     0.000065
     0.999548     1.406027     0.000087
     0.000129     1.458144     0.000078
     0.052642     1.458234     0.000058
     0.105317     1.458187     0.000039
     0.157890     1.458219     0.000019
     0.210535     1.458221     0.000004
     0.263146     1.458225     0.000000
     0.315798     1.458229     0.000000
     0.368419     1.458233     0.000000
     0.421064     1.458238     0.000000
     0.473680     1.458241     0.000000
     0.526320     1.458241     0.000000
     0.578937     1.458238     0.000000
     0.631581     1.458233     0.000000
     0.684202     1.458229     0.000000
     0.736854     1.458225     0.000000
     0.789465     1.458221     0.000004
     0.842110     1.458219     0.000019
     0.894684     1.458187     0.000039
     0.947359     1.458235     0.000059
     0.999871     1.458144     0.000078
     0.000000     1.509999     0.000066
     0.052632     1.509999     0.000050
     0.105263     1.509999     0.000033
     0.157895     1.509999     0.000011
     0.210526     1.509999     0.000001
     0.263158     1.509999     0.000000
     0.315789     1.509999     0.000000
     0.368421     1.509999     0.000000
     0.421053     1.509999     0.000000
     0.473684     1.509999     0.000000
     0.526316     1.509999     0.000000
     0.578947     1.509999     0.000000
     0.631579     1.509999     0.000000
     0.684211     1.509999     0.000000
     0.736842     1.509999     0.000000
     0.789474     1.509999     0.000001
     0.842105     1.509999     0.000011
     0.894737     1.509999     0.000033
     0.947368     1.509999     0.000050
     1.000000     1.509999     0.000066
