                14.584724                 0.000005
                21.001599                 0.000020
                28.842802                 0.000044
                39.381156                 0.000079
                52.723401                 0.000123
                69.442116                 0.000177
                88.861489                 0.000240
               111.691770                 0.000313
               139.048653                 0.000396
               166.975981                 0.000488
               197.640109                 0.000590
               233.874555                 0.000701
               271.752100                 0.000821
               313.885959                 0.000950
               358.266324                 0.001088
               387.937662                 0.001234
               413.850544                 0.001390
               439.351093                 0.001554
               462.064128                 0.001726
               486.319805                 0.001906
               508.145292                 0.002094
               530.143766                 0.002290
               553.804195                 0.002494
               574.516748                 0.002705
               596.106576                 0.002923
               613.172824                 0.003148
               631.339462                 0.003380
               646.500730                 0.003619
               659.748910                 0.003863
               671.536390                 0.004114
               680.145239                 0.004371
               690.380822                 0.004633
               698.301708                 0.004900
               703.224458                 0.005173
               707.490100                 0.005450
               710.002552                 0.005732
               709.321338                 0.006018
               710.363571                 0.006307
               707.680204                 0.006601
               702.025219                 0.006898
               696.158141                 0.007197
               687.987686                 0.007500
               680.542259                 0.007805
               672.101584                 0.008112
               661.157497                 0.008421
               651.750257                 0.008732
               639.638151                 0.009044
               627.725534                 0.009357
               615.895300                 0.009670
               603.558157                 0.009984
