                15.461943                 0.000005
                20.148188                 0.000020
                27.953665                 0.000044
                38.869283                 0.000079
                52.883505                 0.000123
                69.980988                 0.000177
                90.142805                 0.000241
               113.347766                 0.000314
               139.569832                 0.000397
               168.781248                 0.000489
               200.949792                 0.000591
               236.040880                 0.000702
               274.016632                 0.000822
               314.835692                 0.000952
               358.454227                 0.001090
               394.083260                 0.001237
               418.412157                 0.001393
               442.441845                 0.001557
               466.540248                 0.001729
               490.564313                 0.001910
               514.401207                 0.002098
               537.925843                 0.002295
               560.968689                 0.002499
               583.297583                 0.002710
               604.493770                 0.002929
               624.026898                 0.003155
               641.344281                 0.003387
               656.582657                 0.003626
               669.979207                 0.003871
               681.475160                 0.004122
               691.001037                 0.004379
               698.783191                 0.004642
               704.785829                 0.004910
               709.018012                 0.005182
               711.295441                 0.005460
               711.230622                 0.005742
               705.856570                 0.006028
               694.855090                 0.006319
               678.328150                 0.006613
               657.178889                 0.006910
               632.565854                 0.007210
               605.579002                 0.007513
               577.249167                 0.007819
               548.396508                 0.008126
               519.487900                 0.008436
               490.719253                 0.008747
               463.060662                 0.009059
               436.204085                 0.009372
               410.434426                 0.009686
               385.724774                 0.010000
