                15.461943                 0.000005
                20.148188                 0.000020
                27.953665                 0.000044
                38.869283                 0.000079
                52.883505                 0.000123
                69.980988                 0.000177
                90.142805                 0.000241
               113.347766                 0.000314
               139.569832                 0.000397
               168.781248                 0.000489
               200.949792                 0.000591
               236.040880                 0.000702
               274.016632                 0.000822
               314.835692                 0.000952
               358.454227                 0.001090
               393.942229                 0.001237
               417.960423                 0.001393
               441.521418                 0.001557
               464.996883                 0.001729
               488.260042                 0.001910
               511.244732                 0.002098
               533.852711                 0.002295
               555.935910                 0.002499
               577.219333                 0.002710
               597.432648                 0.002929
               616.440879                 0.003155
               633.630162                 0.003387
               649.121098                 0.003626
               662.916490                 0.003871
               674.959037                 0.004122
               685.281971                 0.004379
               693.978761                 0.004642
               700.924974                 0.004910
               706.402876                 0.005182
               710.262330                 0.005460
               712.172619                 0.005742
               712.043489                 0.006028
               709.567333                 0.006319
               705.083213                 0.006613
               698.691565                 0.006910
               690.557382                 0.007210
               680.952016                 0.007513
               670.069402                 0.007819
               658.211747                 0.008126
               645.491917                 0.008436
               632.160796                 0.008747
               618.373008                 0.009059
               604.191200                 0.009372
               589.834624                 0.009686
               575.400339                 0.010000
