                 4.069856                 0.000005
                 8.386141                 0.000020
                15.577384                 0.000044
                25.635923                 0.000079
                38.548765                 0.000123
                54.305841                 0.000177
                72.887228                 0.000240
                94.273449                 0.000313
               118.442440                 0.000396
               145.366714                 0.000488
               175.020581                 0.000590
               207.368519                 0.000701
               242.378189                 0.000821
               280.011559                 0.000950
               320.135341                 0.001088
               360.278912                 0.001234
               386.065691                 0.001390
               409.484123                 0.001554
               432.661365                 0.001726
               455.652208                 0.001906
               478.348994                 0.002094
               500.744988                 0.002290
               522.796039                 0.002494
               544.249686                 0.002705
               564.137567                 0.002923
               582.524004                 0.003148
               599.268949                 0.003380
               613.940999                 0.003619
               627.090607                 0.003863
               639.008410                 0.004114
               649.125132                 0.004371
               658.648753                 0.004633
               666.827399                 0.004900
               673.995430                 0.005173
               680.182141                 0.005450
               685.500528                 0.005732
               689.756003                 0.006018
               693.175302                 0.006307
               695.697053                 0.006601
               697.290732                 0.006898
               697.782265                 0.007197
               697.088161                 0.007500
               695.297098                 0.007805
               692.243312                 0.008112
               687.965789                 0.008421
               681.596729                 0.008732
               674.975261                 0.009044
               667.369366                 0.009357
               658.912001                 0.009670
               649.950373                 0.009984
