     0.983932     0.003194     0.000051
     0.997668     0.041093     0.000065
     0.946114     0.017151     0.000052
     0.959903     0.054846     0.000067
     0.973357     0.093115     0.000091
     0.987205     0.130937     0.000123
     0.894479    -0.007101     0.000040
     0.908171     0.030837     0.000048
     0.921957     0.068935     0.000063
     0.935732     0.106776     0.000088
     0.949441     0.144855     0.000121
     0.963152     0.182956     0.000169
     0.976433     0.221258     0.000222
     0.990331     0.259051     0.000290
     0.856639     0.006672     0.000032
     0.870598     0.044586     0.000038
     0.884179     0.082602     0.000054
     0.897840     0.120738     0.000078
     0.911641     0.158577     0.000109
     0.925427     0.196562     0.000150
     0.938589     0.234787     0.000194
     0.952596     0.273062     0.000280
     0.966311     0.310908     0.000510
     0.979382     0.349977     0.000929
     0.993168     0.387517     0.001569
     0.818982     0.021164     0.000023
     0.832557     0.058697     0.000026
     0.846488     0.096723     0.000040
     0.860099     0.134466     0.000061
     0.873881     0.172609     0.000087
     0.887458     0.210486     0.000120
     0.901387     0.248487     0.000157
     0.914714     0.287027     0.000259
     0.928836     0.324350     0.000538
     0.941602     0.363305     0.001048
     0.955598     0.400724     0.001795
     0.967837     0.440515     0.002662
     0.976812     0.482014     0.003394
     0.989486     0.519451     0.003780
     0.767187    -0.003623     0.000014
     0.780958     0.034006     0.000015
     0.794775     0.072456     0.000015
     0.808533     0.110106     0.000023
     0.822198     0.148428     0.000039
     0.836060     0.186062     0.000058
     0.849653     0.224386     0.000084
     0.863503     0.262093     0.000116
     0.876816     0.300499     0.000227
     0.890612     0.338277     0.000553
     0.903912     0.376570     0.001150
     0.917590     0.414381     0.001989
     0.931279     0.452257     0.002908
     0.938323     0.492951     0.003644
     0.952083     0.530139     0.003990
     0.959385     0.572877     0.003787
     0.975536     0.609804     0.003093
     0.729444     0.010561     0.000007
     0.743383     0.048451     0.000008
     0.756956     0.086252     0.000008
     0.770807     0.124255     0.000009
     0.784477     0.162069     0.000017
     0.798255     0.200137     0.000030
     0.811837     0.238005     0.000049
     0.825731     0.276009     0.000077
     0.839054     0.313955     0.000186
     0.853030     0.351957     0.000545
     0.866017     0.389960     0.001211
     0.879650     0.428355     0.002134
     0.892814     0.466071     0.003116
     0.900312     0.506954     0.003869
     0.915084     0.546305     0.004176
     0.923729     0.585415     0.003918
     0.939060     0.624741     0.003208
     0.950112     0.663270     0.002421
     0.963821     0.701445     0.001755
     0.977336     0.739204     0.001309
     0.691676     0.024297     0.000003
     0.705233     0.062025     0.000003
     0.719165     0.099983     0.000003
     0.732845     0.137799     0.000002
     0.746579     0.175901     0.000005
     0.760373     0.213651     0.000012
     0.774011     0.251828     0.000026
     0.787706     0.289591     0.000050
     0.801246     0.327808     0.000150
     0.814780     0.365643     0.000511
     0.828441     0.403774     0.001223
     0.841880     0.441630     0.002223
     0.855572     0.479793     0.003279
     0.865040     0.520419     0.004063
     0.877283     0.558942     0.004348
     0.885243     0.600073     0.004058
     0.901060     0.637382     0.003342
     0.912449     0.675309     0.002551
     0.925946     0.715331     0.001908
     0.939280     0.752904     0.001536
     0.953892     0.791172     0.001535
     0.966858     0.829735     0.001856
     0.981748     0.866816     0.002391
     0.639894    -0.000145     0.000003
     0.653681     0.037651     0.000002
     0.667546     0.075980     0.000002
     0.681300     0.113720     0.000001
     0.695101     0.151812     0.000001
     0.708835     0.189573     0.000001
     0.722561     0.227660     0.000006
     0.736211     0.265441     0.000020
     0.749990     0.303515     0.000045
     0.763476     0.341316     0.000144
     0.777294     0.379403     0.000489
     0.790527     0.417304     0.001202
     0.803825     0.455749     0.002239
     0.818071     0.493138     0.003358
     0.825833     0.533910     0.004192
     0.839615     0.572284     0.004497
     0.849552     0.611963     0.004216
     0.862550     0.651831     0.003504
     0.875193     0.689858     0.002719
     0.889605     0.728842     0.002139
     0.901506     0.767218     0.001895
     0.916717     0.805153     0.002073
     0.928921     0.843640     0.002568
     0.944647     0.880894     0.003151
     0.957440     0.920198     0.003654
     0.970396     0.959516     0.003837
     0.991326     0.993417     0.003626
     0.602150     0.013889     0.000003
     0.616122     0.051727     0.000002
     0.629658     0.089523     0.000002
     0.643496     0.127574     0.000001
     0.657190     0.165325     0.000001
     0.670948     0.203480     0.000002
     0.684676     0.241154     0.000009
     0.698400     0.279406     0.000026
     0.711989     0.317039     0.000059
     0.725688     0.355387     0.000160
     0.739104     0.393098     0.000490
     0.753081     0.431393     0.001178
     0.766335     0.469389     0.002197
     0.780314     0.507528     0.003334
     0.790494     0.547336     0.004230
     0.802042     0.587066     0.004602
     0.811384     0.626525     0.004375
     0.826030     0.665496     0.003719
     0.837772     0.703135     0.003007
     0.851755     0.742882     0.002537
     0.863573     0.780682     0.002451
     0.879535     0.819352     0.002791
     0.891152     0.857498     0.003350
     0.907512     0.896151     0.003843
     0.921126     0.932310     0.004105
     0.933501     0.977150     0.004012
     0.958008     1.010872     0.003521
     0.968990     1.052296     0.002742
     0.985424     1.089192     0.001837
     0.564378     0.027821     0.000003
     0.577962     0.065576     0.000002
     0.591912     0.103440     0.000001
     0.605641     0.141376     0.000001
     0.619432     0.179242     0.000001
     0.633213     0.217220     0.000005
     0.646886     0.255082     0.000015
     0.660644     0.293092     0.000036
     0.674312     0.330951     0.000075
     0.688103     0.369010     0.000180
     0.701605     0.406929     0.000495
     0.715401     0.444992     0.001152
     0.728105     0.483181     0.002141
     0.742762     0.520709     0.003276
     0.751621     0.560451     0.004217
     0.764307     0.600247     0.004672
     0.775377     0.638467     0.004562
     0.787424     0.679754     0.004040
     0.800143     0.717087     0.003464
     0.815244     0.756220     0.003156
     0.826554     0.795049     0.003218
     0.842066     0.833940     0.003624
     0.854948     0.870892     0.004115
     0.869043     0.912674     0.004400
     0.885542     0.944966     0.004356
     0.903353     0.992227     0.003962
     0.920131     1.027636     0.003247
     0.934176     1.066115     0.002333
     0.948716     1.105113     0.001457
     0.962420     1.142495     0.000785
     0.976107     1.180669     0.000393
     0.990132     1.218347     0.000194
     0.512601     0.003333     0.000004
     0.526450     0.041060     0.000004
     0.540230     0.079311     0.000003
     0.554080     0.117070     0.000001
     0.567779     0.155150     0.000001
     0.581620     0.192926     0.000002
     0.595284     0.231012     0.000008
     0.609104     0.268798     0.000022
     0.622795     0.306915     0.000047
     0.636437     0.344724     0.000096
     0.650119     0.382832     0.000206
     0.663519     0.420692     0.000506
     0.677531     0.458688     0.001133
     0.690828     0.496833     0.002093
     0.704343     0.535667     0.003221
     0.716625     0.573819     0.004216
     0.726789     0.615390     0.004778
     0.737511     0.653714     0.004812
     0.751823     0.693227     0.004467
     0.762847     0.731582     0.004082
     0.777622     0.770918     0.003958
     0.789754     0.807983     0.004107
     0.803871     0.849116     0.004431
     0.819035     0.883584     0.004725
     0.832533     0.928463     0.004729
     0.852460     0.964493     0.004361
     0.868034     1.003765     0.003664
     0.881477     1.043849     0.002780
     0.896723     1.080315     0.001845
     0.910409     1.118728     0.001046
     0.924641     1.155966     0.000518
     0.938371     1.194601     0.000247
     0.952425     1.232328     0.000123
     0.966309     1.270465     0.000092
     0.980035     1.308489     0.000108
     0.993916     1.346304     0.000136
     0.474903     0.017468     0.000007
     0.488640     0.055157     0.000004
     0.502465     0.093151     0.000003
     0.516188     0.130968     0.000002
     0.530070     0.168955     0.000001
     0.543779     0.206825     0.000004
     0.557636     0.244775     0.000013
     0.571300     0.282694     0.000032
     0.585057     0.320613     0.000064
     0.598746     0.358516     0.000121
     0.612585     0.396513     0.000239
     0.626139     0.434721     0.000522
     0.640058     0.472823     0.001115
     0.653353     0.510880     0.002049
     0.667104     0.549115     0.003178
     0.678071     0.588241     0.004235
     0.689578     0.627592     0.004933
     0.701027     0.666727     0.005158
     0.712760     0.706544     0.005039
     0.725882     0.744992     0.004829
     0.739655     0.784158     0.004791
     0.753812     0.822096     0.004911
     0.766953     0.864167     0.005024
     0.783181     0.900235     0.005002
     0.800935     0.940919     0.004675
     0.815416     0.982614     0.004010
     0.832217     1.017791     0.003109
     0.845064     1.056862     0.002149
     0.859181     1.094925     0.001291
     0.873102     1.132816     0.000647
     0.886962     1.170754     0.000283
     0.901050     1.208528     0.000133
     0.914639     1.246458     0.000078
     0.928712     1.284329     0.000085
     0.942231     1.322296     0.000115
     0.956171     1.360218     0.000150
     0.969883     1.398177     0.000183
     0.983522     1.436026     0.000206
     0.997659     1.473727     0.000218
     0.423149    -0.006962     0.000019
     0.436831     0.030887     0.000013
     0.450828     0.069006     0.000008
     0.464559     0.106737     0.000004
     0.478496     0.144846     0.000002
     0.492148     0.182610     0.000002
     0.506068     0.220686     0.000008
     0.519676     0.258486     0.000021
     0.533597     0.296565     0.000045
     0.547202     0.334411     0.000083
     0.561050     0.372707     0.000149
     0.574720     0.410368     0.000275
     0.588436     0.448635     0.000547
     0.601831     0.486275     0.001111
     0.615613     0.524430     0.002023
     0.628681     0.562578     0.003163
     0.642022     0.601351     0.004304
     0.651878     0.641762     0.005184
     0.663273     0.681954     0.005641
     0.677168     0.719895     0.005739
     0.689614     0.760646     0.005623
     0.702649     0.799567     0.005503
     0.718495     0.837470     0.005450
     0.731154     0.876736     0.005269
     0.748759     0.919147     0.004853
     0.764614     0.954232     0.004193
     0.779563     0.994870     0.003313
     0.792604     1.033336     0.002343
     0.807230     1.070782     0.001439
     0.821181     1.108656     0.000743
     0.835078     1.146548     0.000321
     0.849230     1.184362     0.000125
     0.862881     1.222384     0.000063
     0.876962     1.260247     0.000054
     0.890697     1.298226     0.000079
     0.904512     1.336099     0.000119
     0.918360     1.374074     0.000161
     0.932048     1.411929     0.000198
     0.945653     1.449973     0.000225
     0.959970     1.487750     0.000242
     0.385309     0.006811     0.000028
     0.399413     0.044755     0.000020
     0.412920     0.082768     0.000013
     0.426931     0.120758     0.000007
     0.440548     0.158589     0.000002
     0.454538     0.196600     0.000004
     0.468162     0.234434     0.000012
     0.482151     0.272435     0.000030
     0.495748     0.310312     0.000058
     0.509685     0.348286     0.000104
     0.523209     0.386101     0.000185
     0.537029     0.424083     0.000324
     0.550604     0.462024     0.000597
     0.564372     0.500219     0.001135
     0.577933     0.538685     0.002030
     0.591977     0.576633     0.003212
     0.603850     0.616227     0.004476
     0.616091     0.655259     0.005576
     0.626843     0.695612     0.006262
     0.639223     0.735097     0.006473
     0.653152     0.773084     0.006317
     0.666106     0.813387     0.005972
     0.680496     0.852771     0.005596
     0.698155     0.891527     0.005096
     0.712992     0.932594     0.004355
     0.727685     0.971712     0.003453
     0.742451     1.008084     0.002485
     0.756235     1.046458     0.001572
     0.769954     1.084941     0.000839
     0.783727     1.122696     0.000364
     0.797734     1.160834     0.000140
     0.811457     1.198579     0.000058
     0.825556     1.236561     0.000031
     0.839177     1.274347     0.000039
     0.853195     1.312361     0.000072
     0.866836     1.350167     0.000119
     0.880815     1.388444     0.000165
     0.894543     1.426111     0.000205
     0.908572     1.465363     0.000238
     0.922442     1.502568     0.000260
     0.347685     0.021306     0.000042
     0.361212     0.058738     0.000028
     0.375368     0.096712     0.000018
     0.388916     0.134470     0.000009
     0.402955     0.172498     0.000004
     0.416583     0.210316     0.000006
     0.430526     0.248330     0.000017
     0.444177     0.286179     0.000038
     0.458070     0.324173     0.000070
     0.471691     0.362060     0.000130
     0.485470     0.400333     0.000236
     0.499342     0.438159     0.000399
     0.513172     0.476506     0.000676
     0.526959     0.514372     0.001201
     0.540468     0.552807     0.002118
     0.553894     0.590556     0.003397
     0.567703     0.628901     0.004820
     0.578113     0.669298     0.006096
     0.589717     0.709719     0.006914
     0.602933     0.748438     0.007102
     0.616555     0.789057     0.006760
     0.630841     0.828106     0.006106
     0.647525     0.868892     0.005351
     0.662281     0.908308     0.004553
     0.676916     0.945123     0.003633
     0.689857     0.984671     0.002647
     0.704062     1.023000     0.001728
     0.717990     1.060626     0.000982
     0.731868     1.098690     0.000482
     0.745843     1.136564     0.000205
     0.759697     1.174399     0.000081
     0.773788     1.212387     0.000038
     0.787399     1.250250     0.000021
     0.801542     1.288267     0.000029
     0.815090     1.326071     0.000062
     0.829327     1.364118     0.000110
     0.842622     1.401842     0.000158
     0.857175     1.439766     0.000201
     0.870272     1.477028     0.000238
     0.295856    -0.003484     0.000087
     0.309583     0.034120     0.000064
     0.323712     0.072863     0.000042
     0.337275     0.110236     0.000024
     0.351395     0.148656     0.000012
     0.364939     0.186131     0.000005
     0.379056     0.224435     0.000008
     0.392567     0.261996     0.000021
     0.406739     0.300271     0.000048
     0.420158     0.337868     0.000092
     0.434516     0.376153     0.000174
     0.447789     0.413825     0.000309
     0.461947     0.452117     0.000503
     0.475216     0.489719     0.000811
     0.489226     0.527823     0.001383
     0.502414     0.566098     0.002374
     0.516608     0.604544     0.003768
     0.529509     0.643423     0.005306
     0.543180     0.682761     0.006640
     0.553520     0.723934     0.007443
     0.566515     0.764686     0.007496
     0.581415     0.802216     0.006877
     0.596322     0.844624     0.005897
     0.610760     0.882152     0.004831
     0.624746     0.922115     0.003817
     0.638189     0.959996     0.002842
     0.653633     0.998188     0.001925
     0.666799     1.036702     0.001169
     0.681021     1.074321     0.000633
     0.694645     1.112607     0.000319
     0.708280     1.150570     0.000159
     0.722357     1.188727     0.000075
     0.735977     1.226412     0.000035
     0.750104     1.264514     0.000019
     0.763651     1.302205     0.000022
     0.777747     1.340343     0.000049
     0.791249     1.378014     0.000091
     0.805432     1.416222     0.000136
     0.818654     1.454256     0.000179
     0.832989     1.492273     0.000217
     0.258086     0.010778     0.000116
     0.272429     0.048631     0.000086
     0.285560     0.086371     0.000058
     0.299821     0.124504     0.000033
     0.313347     0.162139     0.000015
     0.327419     0.200326     0.000007
     0.341050     0.237953     0.000011
     0.355070     0.276173     0.000030
     0.368688     0.313817     0.000067
     0.382652     0.352049     0.000132
     0.396364     0.389737     0.000238
     0.409987     0.427986     0.000402
     0.423998     0.465897     0.000657
     0.437461     0.503943     0.001071
     0.451903     0.542601     0.001755
     0.465413     0.580373     0.002825
     0.479559     0.619275     0.004264
     0.493624     0.657072     0.005818
     0.505344     0.697003     0.007087
     0.518328     0.737421     0.007740
     0.530369     0.779196     0.007591
     0.546330     0.819122     0.006711
     0.560397     0.858064     0.005443
     0.574153     0.897337     0.004162
     0.588454     0.935748     0.003060
     0.601879     0.974588     0.002141
     0.615778     1.012224     0.001384
     0.628604     1.050537     0.000830
     0.642700     1.088740     0.000476
     0.656532     1.126154     0.000264
     0.670732     1.164565     0.000149
     0.684216     1.202126     0.000081
     0.698429     1.240416     0.000037
     0.711893     1.277991     0.000017
     0.726094     1.316293     0.000016
     0.739579     1.353814     0.000034
     0.753805     1.392208     0.000065
     0.767377     1.429612     0.000101
     0.781628     1.468189     0.000138
     0.795149     1.506046     0.000174
     0.220563     0.025039     0.000154
     0.233735     0.062537     0.000112
     0.248285     0.100432     0.000073
     0.261664     0.138273     0.000041
     0.275867     0.176200     0.000018
     0.289414     0.214114     0.000010
     0.303529     0.251972     0.000019
     0.317144     0.289953     0.000047
     0.331181     0.327757     0.000096
     0.344911     0.365927     0.000182
     0.358860     0.403533     0.000320
     0.372863     0.441813     0.000548
     0.386150     0.479787     0.000935
     0.400622     0.517447     0.001517
     0.414336     0.556021     0.002324
     0.427877     0.594538     0.003419
     0.442211     0.632888     0.004795
     0.454808     0.671296     0.006237
     0.471194     0.710802     0.007348
     0.483429     0.753038     0.007777
     0.496518     0.795142     0.007397
     0.510296     0.833598     0.006323
     0.523404     0.872875     0.004881
     0.536991     0.911473     0.003489
     0.550430     0.949189     0.002404
     0.563132     0.988303     0.001627
     0.577765     1.025589     0.001063
     0.591874     1.063817     0.000670
     0.605449     1.102366     0.000416
     0.619427     1.140520     0.000249
     0.632942     1.178353     0.000145
     0.646911     1.216485     0.000082
     0.660518     1.254236     0.000038
     0.674592     1.292308     0.000015
     0.688146     1.330048     0.000010
     0.702215     1.368156     0.000021
     0.715756     1.405850     0.000041
     0.729764     1.443972     0.000067
     0.743408     1.481323     0.000094
     0.168564    -0.000006     0.000257
     0.182287     0.037578     0.000205
     0.196553     0.076629     0.000150
     0.210120     0.114051     0.000096
     0.224145     0.152398     0.000050
     0.237902     0.189909     0.000022
     0.251810     0.228126     0.000015
     0.265643     0.265759     0.000031
     0.279531     0.303917     0.000067
     0.293430     0.341654     0.000134
     0.307199     0.379859     0.000249
     0.320898     0.417674     0.000459
     0.334927     0.455495     0.000833
     0.348414     0.493754     0.001408
     0.362853     0.532892     0.002154
     0.377087     0.569553     0.003027
     0.391200     0.609412     0.004056
     0.404442     0.646420     0.005255
     0.421525     0.687778     0.006461
     0.435435     0.726887     0.007339
     0.449740     0.767600     0.007551
     0.459285     0.808329     0.006984
     0.472197     0.848736     0.005809
     0.486424     0.884928     0.004340
     0.499013     0.925590     0.002960
     0.513043     0.962444     0.001946
     0.527168     1.001944     0.001316
     0.540168     1.040764     0.000908
     0.554145     1.078418     0.000605
     0.567727     1.116428     0.000387
     0.581180     1.154163     0.000237
     0.595319     1.192171     0.000139
     0.608849     1.230006     0.000076
     0.622935     1.268071     0.000035
     0.636443     1.305916     0.000012
     0.650535     1.343911     0.000005
     0.664079     1.381798     0.000010
     0.678158     1.419727     0.000023
     0.691713     1.457767     0.000040
     0.705697     1.495752     0.000059
     0.131100     0.014646     0.000312
     0.145506     0.052394     0.000252
     0.158371     0.090238     0.000188
     0.172711     0.128239     0.000124
     0.186140     0.166101     0.000066
     0.200329     0.204040     0.000031
     0.213901     0.241940     0.000026
     0.228094     0.279819     0.000048
     0.241663     0.317736     0.000094
     0.255859     0.355592     0.000184
     0.269402     0.393383     0.000370
     0.283535     0.431599     0.000734
     0.297387     0.469731     0.001320
     0.312345     0.507196     0.002082
     0.325413     0.546511     0.002924
     0.339697     0.583986     0.003756
     0.353423     0.622241     0.004594
     0.370700     0.663382     0.005509
     0.385166     0.701792     0.006408
     0.400199     0.741610     0.007032
     0.411927     0.781169     0.007089
     0.424154     0.821632     0.006461
     0.434941     0.862153     0.005301
     0.448742     0.900661     0.003914
     0.462647     0.939090     0.002627
     0.475242     0.978227     0.001697
     0.489605     1.015643     0.001154
     0.502345     1.053564     0.000822
     0.516508     1.091821     0.000563
     0.529799     1.129547     0.000362
     0.543984     1.168263     0.000221
     0.557415     1.205962     0.000125
     0.571485     1.244263     0.000064
     0.585001     1.281870     0.000029
     0.599031     1.320059     0.000010
     0.612614     1.357729     0.000003
     0.626576     1.395872     0.000003
     0.640254     1.433609     0.000008
     0.654165     1.471686     0.000017
     0.667857     1.509524     0.000028
     0.093239     0.028610     0.000351
     0.106480     0.066268     0.000287
     0.121019     0.104031     0.000220
     0.134671     0.142068     0.000152
     0.148499     0.180083     0.000089
     0.162494     0.217921     0.000051
     0.176229     0.255865     0.000049
     0.190225     0.293711     0.000075
     0.204060     0.331600     0.000131
     0.218023     0.369630     0.000279
     0.231960     0.407724     0.000635
     0.246376     0.445951     0.001232
     0.259371     0.484200     0.002012
     0.274031     0.521353     0.002871
     0.287938     0.559853     0.003691
     0.301781     0.598963     0.004371
     0.320723     0.637972     0.004902
     0.335037     0.678172     0.005448
     0.349425     0.717579     0.006051
     0.363193     0.756149     0.006474
     0.376483     0.795346     0.006473
     0.387193     0.836295     0.005923
     0.397617     0.876354     0.004899
     0.411889     0.914153     0.003656
     0.424533     0.952470     0.002472
     0.437984     0.990940     0.001580
     0.451290     1.029021     0.001054
     0.465007     1.067887     0.000753
     0.478466     1.106043     0.000522
     0.492666     1.144140     0.000336
     0.506035     1.181940     0.000199
     0.519958     1.219936     0.000107
     0.533439     1.257750     0.000050
     0.547376     1.295771     0.000021
     0.560957     1.333600     0.000007
     0.574901     1.371606     0.000002
     0.588558     1.409424     0.000000
     0.602416     1.447399     0.000001
     0.616140     1.485125     0.000004
     0.041271     0.003472     0.000431
     0.055464     0.040942     0.000375
     0.069653     0.080345     0.000312
     0.082994     0.118223     0.000243
     0.097289     0.156036     0.000175
     0.110669     0.194188     0.000115
     0.124809     0.231826     0.000080
     0.138434     0.270009     0.000081
     0.152623     0.307652     0.000112
     0.166383     0.345819     0.000228
     0.180667     0.383480     0.000543
     0.194453     0.421399     0.001135
     0.208486     0.458982     0.001946
     0.221873     0.497478     0.002835
     0.237138     0.536695     0.003657
     0.251301     0.572232     0.004298
     0.269738     0.616300     0.004710
     0.283650     0.653148     0.004905
     0.299557     0.692598     0.005074
     0.311895     0.731022     0.005412
     0.326626     0.770520     0.005747
     0.338723     0.809094     0.005809
     0.351297     0.848888     0.005457
     0.360110     0.889554     0.004650
     0.373233     0.928799     0.003546
     0.387457     0.966166     0.002414
     0.400049     1.005582     0.001510
     0.414446     1.043491     0.000963
     0.427793     1.081439     0.000675
     0.441288     1.119805     0.000471
     0.454575     1.157642     0.000303
     0.468432     1.195759     0.000178
     0.481915     1.233670     0.000090
     0.495859     1.271704     0.000038
     0.509448     1.309603     0.000013
     0.523373     1.347518     0.000004
     0.537012     1.385466     0.000001
     0.550892     1.423295     0.000000
     0.564591     1.461485     0.000000
     0.578404     1.499229     0.000001
     0.003676     0.018080     0.000445
     0.018206     0.055620     0.000390
     0.032055     0.093897     0.000327
     0.045104     0.131949     0.000259
     0.059642     0.170029     0.000194
     0.072672     0.207888     0.000138
     0.087183     0.246014     0.000110
     0.100660     0.283688     0.000127
     0.114836     0.321860     0.000198
     0.128803     0.359371     0.000450
     0.142584     0.397787     0.000991
     0.156702     0.435572     0.001786
     0.170817     0.474074     0.002728
     0.186258     0.511289     0.003625
     0.198091     0.551764     0.004297
     0.218448     0.590057     0.004642
     0.233292     0.628090     0.004685
     0.247280     0.669141     0.004557
     0.262406     0.706619     0.004439
     0.275728     0.746103     0.004591
     0.289604     0.784882     0.004964
     0.302285     0.823489     0.005228
     0.313980     0.863942     0.005123
     0.323409     0.903869     0.004517
     0.336746     0.942607     0.003506
     0.349440     0.980682     0.002381
     0.363733     1.018959     0.001443
     0.375950     1.057084     0.000868
     0.390002     1.095593     0.000590
     0.402961     1.133360     0.000419
     0.417108     1.171697     0.000276
     0.430483     1.209400     0.000164
     0.444450     1.247553     0.000080
     0.457914     1.285320     0.000029
     0.471771     1.323383     0.000007
     0.485398     1.361209     0.000002
     0.499192     1.399179     0.000001
     0.513042     1.437016     0.000000
     0.526675     1.474791     0.000000
     0.007607     0.145949     0.000270
     0.021778     0.183701     0.000209
     0.035097     0.221826     0.000159
     0.049431     0.260036     0.000146
     0.062855     0.297684     0.000195
     0.077358     0.336162     0.000345
     0.090996     0.373513     0.000756
     0.105633     0.411963     0.001485
     0.119746     0.448950     0.002416
     0.133266     0.488799     0.003377
     0.147105     0.522727     0.004167
     0.167815     0.566078     0.004603
     0.181446     0.607301     0.004626
     0.197907     0.643398     0.004311
     0.211565     0.683732     0.003908
     0.225154     0.721120     0.003643
     0.239090     0.760423     0.003760
     0.251784     0.798011     0.004275
     0.264994     0.837973     0.004783
     0.277483     0.875334     0.004890
     0.285879     0.918070     0.004429
     0.297649     0.956064     0.003484
     0.312455     0.994719     0.002358
     0.324575     1.032676     0.001388
     0.339190     1.070945     0.000783
     0.352255     1.108711     0.000511
     0.365883     1.147325     0.000370
     0.379077     1.185238     0.000252
     0.392861     1.223334     0.000152
     0.406385     1.261246     0.000075
     0.420176     1.299247     0.000025
     0.433876     1.337164     0.000005
     0.447615     1.375074     0.000002
     0.461400     1.412980     0.000002
     0.474981     1.450808     0.000002
     0.488891     1.488657     0.000002
     0.011615     0.274104     0.000194
     0.025677     0.311705     0.000277
     0.039431     0.350515     0.000534
     0.053798     0.387163     0.001095
     0.067165     0.426862     0.001943
     0.082124     0.462588     0.002932
     0.094523     0.502227     0.003815
     0.116315     0.545290     0.004397
     0.132783     0.579084     0.004547
     0.145192     0.621793     0.004261
     0.160176     0.658385     0.003674
     0.173748     0.696981     0.003103
     0.187722     0.735207     0.002839
     0.201069     0.773890     0.003054
     0.215102     0.812235     0.003716
     0.227590     0.851736     0.004411
     0.239929     0.890899     0.004684
     0.249726     0.931407     0.004343
     0.260957     0.970404     0.003464
     0.274416     1.008456     0.002340
     0.288052     1.046283     0.001338
     0.300828     1.085000     0.000704
     0.314448     1.122743     0.000431
     0.327883     1.161005     0.000318
     0.341388     1.198983     0.000230
     0.355065     1.237114     0.000149
     0.368780     1.274919     0.000081
     0.382400     1.313052     0.000033
     0.396091     1.350794     0.000010
     0.409781     1.388961     0.000005
     0.423513     1.426668     0.000006
     0.437352     1.465000     0.000006
     0.451112     1.502708     0.000005
     0.001850     0.364391     0.000718
     0.016038     0.401907     0.001425
     0.030687     0.439868     0.002344
     0.042582     0.478524     0.003300
     0.066815     0.514213     0.004052
     0.079887     0.561025     0.004382
     0.093953     0.594353     0.004225
     0.110031     0.635237     0.003672
     0.121806     0.672718     0.002930
     0.137709     0.711799     0.002342
     0.150465     0.749286     0.002170
     0.164574     0.788721     0.002495
     0.177749     0.826275     0.003237
     0.190537     0.865564     0.004047
     0.203481     0.903383     0.004463
     0.211379     0.944525     0.004243
     0.222044     0.983985     0.003435
     0.236665     1.022053     0.002326
     0.249251     1.060033     0.001296
     0.263664     1.098138     0.000631
     0.276633     1.136139     0.000360
     0.290502     1.174585     0.000277
     0.303541     1.212651     0.000221
     0.317268     1.250918     0.000159
     0.330778     1.288694     0.000101
     0.344496     1.326808     0.000051
     0.358221     1.364688     0.000022
     0.371918     1.402622     0.000013
     0.385754     1.440533     0.000012
     0.399357     1.478117     0.000012
     0.009494     0.497401     0.003532
     0.031016     0.531614     0.004095
     0.043455     0.572276     0.004160
     0.057033     0.610639     0.003714
     0.073063     0.648615     0.002978
     0.084764     0.687289     0.002207
     0.099653     0.725833     0.001736
     0.112662     0.762709     0.001691
     0.126691     0.802134     0.002077
     0.139687     0.839220     0.002851
     0.152851     0.879114     0.003705
     0.164691     0.917784     0.004207
     0.175362     0.957992     0.004101
     0.185692     0.997618     0.003390
     0.198656     1.035761     0.002324
     0.212606     1.073994     0.001279
     0.225292     1.112226     0.000585
     0.239188     1.150405     0.000308
     0.252498     1.188215     0.000247
     0.266085     1.226536     0.000219
     0.279402     1.264502     0.000181
     0.293164     1.302491     0.000135
     0.306800     1.340472     0.000087
     0.320400     1.378435     0.000050
     0.334163     1.416402     0.000030
     0.347656     1.454454     0.000026
     0.361659     1.492413     0.000024
     0.019972     0.625330     0.003054
     0.035086     0.662448     0.002257
     0.047835     0.700984     0.001600
     0.061755     0.739861     0.001308
     0.075589     0.777092     0.001363
     0.089502     0.816362     0.001779
     0.102614     0.854023     0.002558
     0.116539     0.893250     0.003423
     0.128620     0.931401     0.003961
     0.137386     0.972467     0.003913
     0.146534     1.011707     0.003281
     0.161410     1.049804     0.002291
     0.173784     1.087628     0.001284
     0.188242     1.125641     0.000572
     0.201049     1.163586     0.000275
     0.214888     1.201824     0.000230
     0.228095     1.239774     0.000228
     0.241480     1.278164     0.000213
     0.255191     1.316243     0.000183
     0.268745     1.354134     0.000141
     0.282583     1.392350     0.000095
     0.296230     1.430036     0.000060
     0.310206     1.468368     0.000045
     0.323819     1.506185     0.000041
     0.024034     0.753665     0.001010
     0.038126     0.791114     0.001108
     0.051640     0.829830     0.001537
     0.064803     0.867177     0.002326
     0.077778     0.906083     0.003207
     0.089237     0.943867     0.003739
     0.100767     0.983880     0.003695
     0.110156     1.024898     0.003107
     0.123024     1.062899     0.002193
     0.136741     1.101169     0.001259
     0.149641     1.139510     0.000573
     0.163431     1.177310     0.000267
     0.176866     1.215495     0.000227
     0.190473     1.253386     0.000245
     0.204124     1.291947     0.000253
     0.217394     1.329884     0.000243
     0.231305     1.368020     0.000211
     0.244697     1.405837     0.000164
     0.258458     1.444009     0.000112
     0.272070     1.481453     0.000076
     0.013585     0.842984     0.001312
     0.026846     0.880823     0.002131
     0.040463     0.919120     0.003032
     0.052982     0.958336     0.003543
     0.064413     0.998785     0.003479
     0.071124     1.039082     0.002909
     0.085484     1.076757     0.002049
     0.098458     1.114769     0.001184
     0.112246     1.152809     0.000553
     0.125488     1.190780     0.000265
     0.139063     1.229063     0.000229
     0.152780     1.266797     0.000265
     0.166078     1.305332     0.000293
     0.179452     1.343449     0.000303
     0.193062     1.381705     0.000286
     0.206866     1.419633     0.000247
     0.220423     1.457858     0.000192
     0.234367     1.495891     0.000135
     0.014491     0.970693     0.003368
     0.026560     1.008708     0.003279
     0.034501     1.050936     0.002703
     0.047237     1.090492     0.001872
     0.060968     1.127730     0.001073
     0.073845     1.166962     0.000508
     0.087671     1.204074     0.000257
     0.101203     1.242840     0.000233
     0.114862     1.280447     0.000281
     0.128877     1.318720     0.000322
     0.142024     1.357393     0.000344
     0.155861     1.395723     0.000341
     0.169223     1.433489     0.000315
     0.183011     1.471896     0.000272
     0.196527     1.509663     0.000214
     0.009488     1.103653     0.001676
     0.023047     1.141285     0.000938
     0.036384     1.179962     0.000442
     0.049687     1.218131     0.000237
     0.063779     1.256176     0.000232
     0.077092     1.294593     0.000286
     0.091050     1.332182     0.000331
     0.104490     1.370513     0.000360
     0.117257     1.409020     0.000368
     0.131053     1.447119     0.000358
     0.144731     1.484627     0.000330
     0.012041     1.232031     0.000203
     0.026030     1.269784     0.000216
     0.039189     1.308038     0.000268
     0.053254     1.345905     0.000316
     0.066581     1.384013     0.000353
     0.080597     1.422099     0.000373
     0.093454     1.461895     0.000377
     0.107074     1.499369     0.000363
     0.001500     1.321745     0.000224
     0.015390     1.359483     0.000278
     0.028779     1.397709     0.000326
     0.042694     1.435492     0.000356
     0.055524     1.473533     0.000372
     0.004425     1.448767     0.000323
     0.017512     1.486812     0.000352
