     0.983932     0.003194     0.000413
     0.997668     0.041093     0.000530
     0.946114     0.017151     0.000426
     0.959903     0.054846     0.000545
     0.973357     0.093115     0.000738
     0.987205     0.130937     0.001002
     0.894479    -0.007101     0.000327
     0.908171     0.030837     0.000388
     0.921957     0.068935     0.000515
     0.935732     0.106776     0.000716
     0.949441     0.144855     0.000987
     0.963152     0.182956     0.001376
     0.976433     0.221258     0.001806
     0.990331     0.259051     0.002352
     0.856639     0.006672     0.000264
     0.870598     0.044586     0.000312
     0.884179     0.082602     0.000441
     0.897840     0.120738     0.000632
     0.911641     0.158577     0.000885
     0.925427     0.196562     0.001220
     0.938589     0.234787     0.001579
     0.952596     0.273062     0.002268
     0.966311     0.310908     0.004108
     0.979382     0.349977     0.007418
     0.993168     0.387517     0.012331
     0.818982     0.021164     0.000189
     0.832557     0.058697     0.000216
     0.846488     0.096723     0.000324
     0.860099     0.134466     0.000495
     0.873881     0.172609     0.000706
     0.887458     0.210486     0.000977
     0.901387     0.248487     0.001280
     0.914714     0.287027     0.002100
     0.928836     0.324350     0.004336
     0.941602     0.363305     0.008342
     0.955598     0.400724     0.014038
     0.967837     0.440515     0.020403
     0.976812     0.482014     0.025597
     0.989486     0.519451     0.028269
     0.767187    -0.003623     0.000112
     0.780958     0.034006     0.000120
     0.794775     0.072456     0.000125
     0.808533     0.110106     0.000184
     0.822198     0.148428     0.000317
     0.836060     0.186062     0.000473
     0.849653     0.224386     0.000684
     0.863503     0.262093     0.000947
     0.876816     0.300499     0.001843
     0.890612     0.338277     0.004453
     0.903912     0.376570     0.009129
     0.917590     0.414381     0.015483
     0.931279     0.452257     0.022168
     0.938323     0.492951     0.027335
     0.952083     0.530139     0.029708
     0.959385     0.572877     0.028315
     0.975536     0.609804     0.023484
     0.729444     0.010561     0.000060
     0.743383     0.048451     0.000067
     0.756956     0.086252     0.000065
     0.770807     0.124255     0.000074
     0.784477     0.162069     0.000142
     0.798255     0.200137     0.000248
     0.811837     0.238005     0.000400
     0.825731     0.276009     0.000628
     0.839054     0.313955     0.001512
     0.853030     0.351957     0.004388
     0.866017     0.389960     0.009603
     0.879650     0.428355     0.016554
     0.892814     0.466071     0.023644
     0.900312     0.506954     0.028878
     0.915084     0.546305     0.030968
     0.923729     0.585415     0.029213
     0.939060     0.624741     0.024294
     0.950112     0.663270     0.018658
     0.963821     0.701445     0.013735
     0.977336     0.739204     0.010349
     0.691676     0.024297     0.000028
     0.705233     0.062025     0.000027
     0.719165     0.099983     0.000025
     0.732845     0.137799     0.000020
     0.746579     0.175901     0.000038
     0.760373     0.213651     0.000098
     0.774011     0.251828     0.000210
     0.787706     0.289591     0.000404
     0.801246     0.327808     0.001220
     0.814780     0.365643     0.004123
     0.828441     0.403774     0.009691
     0.841880     0.441630     0.017208
     0.855572     0.479793     0.024795
     0.865040     0.520419     0.030202
     0.877283     0.558942     0.032126
     0.885243     0.600073     0.030168
     0.901060     0.637382     0.025235
     0.912449     0.675309     0.019603
     0.925946     0.715331     0.014880
     0.939280     0.752904     0.012085
     0.953892     0.791172     0.012075
     0.966858     0.829735     0.014492
     0.981748     0.866816     0.018443
     0.639894    -0.000145     0.000025
     0.653681     0.037651     0.000020
     0.667546     0.075980     0.000015
     0.681300     0.113720     0.000011
     0.695101     0.151812     0.000006
     0.708835     0.189573     0.000011
     0.722561     0.227660     0.000049
     0.736211     0.265441     0.000160
     0.749990     0.303515     0.000371
     0.763476     0.341316     0.001168
     0.777294     0.379403     0.003948
     0.790527     0.417304     0.009534
     0.803825     0.455749     0.017332
     0.818071     0.493138     0.025343
     0.825833     0.533910     0.031076
     0.839615     0.572284     0.033118
     0.849552     0.611963     0.031239
     0.862550     0.651831     0.026361
     0.875193     0.689858     0.020816
     0.889605     0.728842     0.016595
     0.901506     0.767218     0.014786
     0.916717     0.805153     0.016106
     0.928921     0.843640     0.019727
     0.944647     0.880894     0.023891
     0.957440     0.920198     0.027402
     0.970396     0.959516     0.028658
     0.991326     0.993417     0.027208
     0.602150     0.013889     0.000024
     0.616122     0.051727     0.000018
     0.629658     0.089523     0.000014
     0.643496     0.127574     0.000009
     0.657190     0.165325     0.000005
     0.670948     0.203480     0.000018
     0.684676     0.241154     0.000071
     0.698400     0.279406     0.000211
     0.711989     0.317039     0.000478
     0.725688     0.355387     0.001302
     0.739104     0.393098     0.003956
     0.753081     0.431393     0.009349
     0.766335     0.469389     0.017023
     0.780314     0.507528     0.025176
     0.790494     0.547336     0.031332
     0.802042     0.587066     0.033819
     0.811384     0.626525     0.032304
     0.826030     0.665496     0.027852
     0.837772     0.703135     0.022875
     0.851755     0.742882     0.019500
     0.863573     0.780682     0.018878
     0.879535     0.819352     0.021334
     0.891152     0.857498     0.025292
     0.907512     0.896151     0.028701
     0.921126     0.932310     0.030489
     0.933501     0.977150     0.029857
     0.958008     1.010872     0.026479
     0.968990     1.052296     0.020981
     0.985424     1.089192     0.014349
     0.564378     0.027821     0.000026
     0.577962     0.065576     0.000019
     0.591912     0.103440     0.000012
     0.605641     0.141376     0.000007
     0.619432     0.179242     0.000009
     0.633213     0.217220     0.000039
     0.646886     0.255082     0.000121
     0.660644     0.293092     0.000292
     0.674312     0.330951     0.000615
     0.688103     0.369010     0.001463
     0.701605     0.406929     0.003989
     0.715401     0.444992     0.009143
     0.728105     0.483181     0.016611
     0.742762     0.520709     0.024774
     0.751621     0.560451     0.031245
     0.764307     0.600247     0.034284
     0.775377     0.638467     0.033554
     0.787424     0.679754     0.030044
     0.800143     0.717087     0.026085
     0.815244     0.756220     0.023924
     0.826554     0.795049     0.024365
     0.842066     0.833940     0.027192
     0.854948     0.870892     0.030556
     0.869043     0.912674     0.032474
     0.885542     0.944966     0.032175
     0.903353     0.992227     0.029513
     0.920131     1.027636     0.024567
     0.934176     1.066115     0.018017
     0.948716     1.105113     0.011485
     0.962420     1.142495     0.006289
     0.976107     1.180669     0.003178
     0.990132     1.218347     0.001572
     0.512601     0.003333     0.000037
     0.526450     0.041060     0.000029
     0.540230     0.079311     0.000021
     0.554080     0.117070     0.000012
     0.567779     0.155150     0.000007
     0.581620     0.192926     0.000018
     0.595284     0.231012     0.000065
     0.609104     0.268798     0.000179
     0.622795     0.306915     0.000382
     0.636437     0.344724     0.000778
     0.650119     0.382832     0.001677
     0.663519     0.420692     0.004082
     0.677531     0.458688     0.009000
     0.690828     0.496833     0.016255
     0.704343     0.535667     0.024382
     0.716625     0.573819     0.031233
     0.726789     0.615390     0.034982
     0.737511     0.653714     0.035209
     0.751823     0.693227     0.032922
     0.762847     0.731582     0.030332
     0.777622     0.770918     0.029489
     0.789754     0.807983     0.030498
     0.803871     0.849116     0.032678
     0.819035     0.883584     0.034636
     0.832533     0.928463     0.034661
     0.852460     0.964493     0.032212
     0.868034     1.003765     0.027472
     0.881477     1.043849     0.021253
     0.896723     1.080315     0.014413
     0.910409     1.118728     0.008327
     0.924641     1.155966     0.004174
     0.938371     1.194601     0.002001
     0.952425     1.232328     0.000998
     0.966309     1.270465     0.000751
     0.980035     1.308489     0.000879
     0.993916     1.346304     0.001109
     0.474903     0.017468     0.000056
     0.488640     0.055157     0.000036
     0.502465     0.093151     0.000022
     0.516188     0.130968     0.000013
     0.530070     0.168955     0.000010
     0.543779     0.206825     0.000034
     0.557636     0.244775     0.000108
     0.571300     0.282694     0.000263
     0.585057     0.320613     0.000519
     0.598746     0.358516     0.000989
     0.612585     0.396513     0.001937
     0.626139     0.434721     0.004205
     0.640058     0.472823     0.008858
     0.653353     0.510880     0.015926
     0.667104     0.549115     0.024082
     0.678071     0.588241     0.031366
     0.689578     0.627592     0.036000
     0.701027     0.666727     0.037467
     0.712760     0.706544     0.036694
     0.725882     0.744992     0.035319
     0.739655     0.784158     0.035067
     0.753812     0.822096     0.035857
     0.766953     0.864167     0.036595
     0.783181     0.900235     0.036453
     0.800935     0.940919     0.034301
     0.815416     0.982614     0.029840
     0.832217     1.017791     0.023597
     0.845064     1.056862     0.016665
     0.859181     1.094925     0.010215
     0.873102     1.132816     0.005203
     0.886962     1.170754     0.002294
     0.901050     1.208528     0.001079
     0.914639     1.246458     0.000632
     0.928712     1.284329     0.000693
     0.942231     1.322296     0.000933
     0.956171     1.360218     0.001221
     0.969883     1.398177     0.001484
     0.983522     1.436026     0.001672
     0.997659     1.473727     0.001771
     0.423149    -0.006962     0.000155
     0.436831     0.030887     0.000108
     0.450828     0.069006     0.000065
     0.464559     0.106737     0.000031
     0.478496     0.144846     0.000013
     0.492148     0.182610     0.000017
     0.506068     0.220686     0.000064
     0.519676     0.258486     0.000170
     0.533597     0.296565     0.000367
     0.547202     0.334411     0.000677
     0.561050     0.372707     0.001214
     0.574720     0.410368     0.002229
     0.588436     0.448635     0.004409
     0.601831     0.486275     0.008831
     0.615613     0.524430     0.015733
     0.628681     0.562578     0.023979
     0.642022     0.601351     0.031831
     0.651878     0.641762     0.037637
     0.663273     0.681954     0.040575
     0.677168     0.719895     0.041196
     0.689614     0.760646     0.040460
     0.702649     0.799567     0.039692
     0.718495     0.837470     0.039351
     0.731154     0.876736     0.038186
     0.748759     0.919147     0.035478
     0.764614     0.954232     0.031082
     0.779563     0.994870     0.025030
     0.792604     1.033336     0.018092
     0.807230     1.070782     0.011345
     0.821181     1.108656     0.005957
     0.835078     1.146548     0.002597
     0.849230     1.184362     0.001016
     0.862881     1.222384     0.000510
     0.876962     1.260247     0.000440
     0.890697     1.298226     0.000641
     0.904512     1.336099     0.000969
     0.918360     1.374074     0.001309
     0.932048     1.411929     0.001606
     0.945653     1.449973     0.001829
     0.959970     1.487750     0.001964
     0.385309     0.006811     0.000231
     0.399413     0.044755     0.000167
     0.412920     0.082768     0.000107
     0.426931     0.120758     0.000054
     0.440548     0.158589     0.000017
     0.454538     0.196600     0.000030
     0.468162     0.234434     0.000102
     0.482151     0.272435     0.000241
     0.495748     0.310312     0.000469
     0.509685     0.348286     0.000848
     0.523209     0.386101     0.001500
     0.537029     0.424083     0.002628
     0.550604     0.462024     0.004800
     0.564372     0.500219     0.009014
     0.577933     0.538685     0.015790
     0.591977     0.576633     0.024322
     0.603850     0.616227     0.032982
     0.616091     0.655259     0.040156
     0.626843     0.695612     0.044479
     0.639223     0.735097     0.045791
     0.653152     0.773084     0.044824
     0.666106     0.813387     0.042667
     0.680496     0.852771     0.040285
     0.698155     0.891527     0.037064
     0.712992     0.932594     0.032169
     0.727685     0.971712     0.026006
     0.742451     1.008084     0.019125
     0.756235     1.046458     0.012354
     0.769954     1.084941     0.006709
     0.783727     1.122696     0.002943
     0.797734     1.160834     0.001141
     0.811457     1.198579     0.000470
     0.825556     1.236561     0.000253
     0.839177     1.274347     0.000317
     0.853195     1.312361     0.000590
     0.866836     1.350167     0.000971
     0.880815     1.388444     0.001341
     0.894543     1.426111     0.001665
     0.908572     1.465363     0.001931
     0.922442     1.502568     0.002107
     0.347685     0.021306     0.000339
     0.361212     0.058738     0.000231
     0.375368     0.096712     0.000145
     0.388916     0.134470     0.000076
     0.402955     0.172498     0.000030
     0.416583     0.210316     0.000048
     0.430526     0.248330     0.000140
     0.444177     0.286179     0.000313
     0.458070     0.324173     0.000572
     0.471691     0.362060     0.001062
     0.485470     0.400333     0.001913
     0.499342     0.438159     0.003227
     0.513172     0.476506     0.005425
     0.526959     0.514372     0.009526
     0.540468     0.552807     0.016438
     0.553894     0.590556     0.025620
     0.567703     0.628901     0.035259
     0.578113     0.669298     0.043447
     0.589717     0.709719     0.048484
     0.602933     0.748438     0.049625
     0.616555     0.789057     0.047549
     0.630841     0.828106     0.043507
     0.647525     0.868892     0.038715
     0.662281     0.908308     0.033495
     0.676916     0.945123     0.027258
     0.689857     0.984671     0.020300
     0.704062     1.023000     0.013536
     0.717990     1.060626     0.007830
     0.731868     1.098690     0.003891
     0.745843     1.136564     0.001663
     0.759697     1.174399     0.000659
     0.773788     1.212387     0.000309
     0.787399     1.250250     0.000172
     0.801542     1.288267     0.000237
     0.815090     1.326071     0.000509
     0.829327     1.364118     0.000899
     0.842622     1.401842     0.001284
     0.857175     1.439766     0.001631
     0.870272     1.477028     0.001928
     0.295856    -0.003484     0.000711
     0.309583     0.034120     0.000519
     0.323712     0.072863     0.000342
     0.337275     0.110236     0.000197
     0.351395     0.148656     0.000096
     0.364939     0.186131     0.000045
     0.379056     0.224435     0.000064
     0.392567     0.261996     0.000175
     0.406739     0.300271     0.000389
     0.420158     0.337868     0.000753
     0.434516     0.376153     0.001418
     0.447789     0.413825     0.002501
     0.461947     0.452117     0.004055
     0.475216     0.489719     0.006494
     0.489226     0.527823     0.010917
     0.502414     0.566098     0.018315
     0.516608     0.604544     0.028190
     0.529509     0.643423     0.038428
     0.543180     0.682761     0.046816
     0.553520     0.723934     0.051667
     0.566515     0.764686     0.051979
     0.581415     0.802216     0.048260
     0.596322     0.844624     0.042198
     0.610760     0.882152     0.035330
     0.624746     0.922115     0.028523
     0.638189     0.959996     0.021701
     0.653633     0.998188     0.015005
     0.666799     1.036702     0.009274
     0.681021     1.074321     0.005089
     0.694645     1.112607     0.002585
     0.708280     1.150570     0.001292
     0.722357     1.188727     0.000611
     0.735977     1.226412     0.000288
     0.750104     1.264514     0.000155
     0.763651     1.302205     0.000180
     0.777747     1.340343     0.000398
     0.791249     1.378014     0.000742
     0.805432     1.416222     0.001109
     0.818654     1.454256     0.001454
     0.832989     1.492273     0.001762
     0.258086     0.010778     0.000948
     0.272429     0.048631     0.000700
     0.285560     0.086371     0.000472
     0.299821     0.124504     0.000268
     0.313347     0.162139     0.000119
     0.327419     0.200326     0.000056
     0.341050     0.237953     0.000087
     0.355070     0.276173     0.000247
     0.368688     0.313817     0.000544
     0.382652     0.352049     0.001075
     0.396364     0.389737     0.001929
     0.409987     0.427986     0.003247
     0.423998     0.465897     0.005277
     0.437461     0.503943     0.008516
     0.451903     0.542601     0.013736
     0.465413     0.580373     0.021575
     0.479559     0.619275     0.031561
     0.493624     0.657072     0.041697
     0.505344     0.697003     0.049533
     0.518328     0.737421     0.053421
     0.530369     0.779196     0.052546
     0.546330     0.819122     0.047249
     0.560397     0.858064     0.039305
     0.574153     0.897337     0.030869
     0.588454     0.935748     0.023248
     0.601879     0.974588     0.016610
     0.615778     1.012224     0.010927
     0.628604     1.050537     0.006637
     0.642700     1.088740     0.003837
     0.656532     1.126154     0.002144
     0.670732     1.164565     0.001209
     0.684216     1.202126     0.000657
     0.698429     1.240416     0.000305
     0.711893     1.277991     0.000141
     0.726094     1.316293     0.000133
     0.739579     1.353814     0.000278
     0.753805     1.392208     0.000527
     0.767377     1.429612     0.000822
     0.781628     1.468189     0.001125
     0.795149     1.506046     0.001411
     0.220563     0.025039     0.001250
     0.233735     0.062537     0.000909
     0.248285     0.100432     0.000597
     0.261664     0.138273     0.000338
     0.275867     0.176200     0.000150
     0.289414     0.214114     0.000080
     0.303529     0.251972     0.000154
     0.317144     0.289953     0.000382
     0.331181     0.327757     0.000783
     0.344911     0.365927     0.001481
     0.358860     0.403533     0.002589
     0.372863     0.441813     0.004415
     0.386150     0.479787     0.007460
     0.400622     0.517447     0.011941
     0.414336     0.556021     0.017953
     0.427877     0.594538     0.025769
     0.442211     0.632888     0.035093
     0.454808     0.671296     0.044327
     0.471194     0.710802     0.051098
     0.483429     0.753038     0.053642
     0.496518     0.795142     0.051390
     0.510296     0.833598     0.044863
     0.523404     0.872875     0.035662
     0.536991     0.911473     0.026260
     0.550430     0.949189     0.018533
     0.563132     0.988303     0.012772
     0.577765     1.025589     0.008457
     0.591874     1.063817     0.005383
     0.605449     1.102366     0.003360
     0.619427     1.140520     0.002022
     0.632942     1.178353     0.001182
     0.646911     1.216485     0.000668
     0.660518     1.254236     0.000312
     0.674592     1.292308     0.000121
     0.688146     1.330048     0.000084
     0.702215     1.368156     0.000171
     0.715756     1.405850     0.000337
     0.729764     1.443972     0.000543
     0.743408     1.481323     0.000770
     0.168564    -0.000006     0.002084
     0.182287     0.037578     0.001667
     0.196553     0.076629     0.001218
     0.210120     0.114051     0.000779
     0.224145     0.152398     0.000411
     0.237902     0.189909     0.000180
     0.251810     0.228126     0.000125
     0.265643     0.265759     0.000255
     0.279531     0.303917     0.000544
     0.293430     0.341654     0.001088
     0.307199     0.379859     0.002021
     0.320898     0.417674     0.003702
     0.334927     0.455495     0.006666
     0.348414     0.493754     0.011113
     0.362853     0.532892     0.016703
     0.377087     0.569553     0.023018
     0.391200     0.609412     0.030155
     0.404442     0.646420     0.038100
     0.421525     0.687778     0.045711
     0.435435     0.726887     0.051046
     0.449740     0.767600     0.052304
     0.459285     0.808329     0.048913
     0.472197     0.848736     0.041638
     0.486424     0.884928     0.032070
     0.499013     0.925590     0.022537
     0.513043     0.962444     0.015165
     0.527168     1.001944     0.010409
     0.540168     1.040764     0.007248
     0.554145     1.078418     0.004867
     0.567727     1.116428     0.003126
     0.581180     1.154163     0.001922
     0.595319     1.192171     0.001127
     0.608849     1.230006     0.000623
     0.622935     1.268071     0.000288
     0.636443     1.305916     0.000101
     0.650535     1.343911     0.000042
     0.664079     1.381798     0.000085
     0.678158     1.419727     0.000189
     0.691713     1.457767     0.000328
     0.705697     1.495752     0.000485
     0.131100     0.014646     0.002531
     0.145506     0.052394     0.002046
     0.158371     0.090238     0.001532
     0.172711     0.128239     0.001009
     0.186140     0.166101     0.000538
     0.200329     0.204040     0.000250
     0.213901     0.241940     0.000213
     0.228094     0.279819     0.000395
     0.241663     0.317736     0.000762
     0.255859     0.355592     0.001497
     0.269402     0.393383     0.002990
     0.283535     0.431599     0.005886
     0.297387     0.469731     0.010437
     0.312345     0.507196     0.016174
     0.325413     0.546511     0.022279
     0.339697     0.583986     0.028102
     0.353423     0.622241     0.033763
     0.370700     0.663382     0.039728
     0.385166     0.701792     0.045390
     0.400199     0.741610     0.049198
     0.411927     0.781169     0.049547
     0.424154     0.821632     0.045715
     0.434941     0.862153     0.038395
     0.448742     0.900661     0.029187
     0.462647     0.939090     0.020155
     0.475242     0.978227     0.013301
     0.489605     1.015643     0.009159
     0.502345     1.053564     0.006577
     0.516508     1.091821     0.004534
     0.529799     1.129547     0.002931
     0.543984     1.168263     0.001793
     0.557415     1.205962     0.001018
     0.571485     1.244263     0.000521
     0.585001     1.281870     0.000233
     0.599031     1.320059     0.000080
     0.612614     1.357729     0.000021
     0.626576     1.395872     0.000023
     0.640254     1.433609     0.000068
     0.654165     1.471686     0.000141
     0.667857     1.509524     0.000229
     0.093239     0.028610     0.002839
     0.106480     0.066268     0.002326
     0.121019     0.104031     0.001789
     0.134671     0.142068     0.001234
     0.148499     0.180083     0.000727
     0.162494     0.217921     0.000419
     0.176229     0.255865     0.000399
     0.190225     0.293711     0.000612
     0.204060     0.331600     0.001063
     0.218023     0.369630     0.002260
     0.231960     0.407724     0.005104
     0.246376     0.445951     0.009761
     0.259371     0.484200     0.015651
     0.274031     0.521353     0.021905
     0.287938     0.559853     0.027656
     0.301781     0.598963     0.032280
     0.320723     0.637972     0.035796
     0.335037     0.678172     0.039337
     0.349425     0.717579     0.043161
     0.363193     0.756149     0.045794
     0.376483     0.795346     0.045787
     0.387193     0.836295     0.042362
     0.397617     0.876354     0.035779
     0.411889     0.914153     0.027419
     0.424533     0.952470     0.019031
     0.437984     0.990940     0.012420
     0.451290     1.029021     0.008385
     0.465007     1.067887     0.006034
     0.478466     1.106043     0.004209
     0.492666     1.144140     0.002718
     0.506035     1.181940     0.001620
     0.519958     1.219936     0.000869
     0.533439     1.257750     0.000406
     0.547376     1.295771     0.000171
     0.560957     1.333600     0.000056
     0.574901     1.371606     0.000013
     0.588558     1.409424     0.000003
     0.602416     1.447399     0.000011
     0.616140     1.485125     0.000032
     0.041271     0.003472     0.003483
     0.055464     0.040942     0.003032
     0.069653     0.080345     0.002527
     0.082994     0.118223     0.001975
     0.097289     0.156036     0.001426
     0.110669     0.194188     0.000936
     0.124809     0.231826     0.000655
     0.138434     0.270009     0.000659
     0.152623     0.307652     0.000915
     0.166383     0.345819     0.001854
     0.180667     0.383480     0.004378
     0.194453     0.421399     0.009013
     0.208486     0.458982     0.015160
     0.221873     0.497478     0.021647
     0.237138     0.536695     0.027424
     0.251301     0.572232     0.031790
     0.269738     0.616300     0.034532
     0.283650     0.653148     0.035815
     0.299557     0.692598     0.036920
     0.311895     0.731022     0.039108
     0.326626     0.770520     0.041245
     0.338723     0.809094     0.041643
     0.351297     0.848888     0.039398
     0.360110     0.889554     0.034138
     0.373233     0.928799     0.026652
     0.387457     0.966166     0.018610
     0.400049     1.005582     0.011890
     0.414446     1.043491     0.007682
     0.427793     1.081439     0.005420
     0.441288     1.119805     0.003799
     0.454575     1.157642     0.002452
     0.468432     1.195759     0.001447
     0.481915     1.233670     0.000736
     0.495859     1.271704     0.000308
     0.509448     1.309603     0.000109
     0.523373     1.347518     0.000029
     0.537012     1.385466     0.000006
     0.550892     1.423295     0.000001
     0.564591     1.461485     0.000002
     0.578404     1.499229     0.000004
     0.003676     0.018080     0.003595
     0.018206     0.055620     0.003154
     0.032055     0.093897     0.002651
     0.045104     0.131949     0.002097
     0.059642     0.170029     0.001577
     0.072672     0.207888     0.001125
     0.087183     0.246014     0.000897
     0.100660     0.283688     0.001034
     0.114836     0.321860     0.001607
     0.128803     0.359371     0.003630
     0.142584     0.397787     0.007901
     0.156702     0.435572     0.013969
     0.170817     0.474074     0.020878
     0.186258     0.511289     0.027204
     0.198091     0.551764     0.031782
     0.218448     0.590057     0.034084
     0.233292     0.628090     0.034366
     0.247280     0.669141     0.033517
     0.262406     0.706619     0.032736
     0.275728     0.746103     0.033747
     0.289604     0.784882     0.036205
     0.302285     0.823489     0.037920
     0.313980     0.863942     0.037241
     0.323409     0.903869     0.033255
     0.336746     0.942607     0.026379
     0.349440     0.980682     0.018369
     0.363733     1.018959     0.011379
     0.375950     1.057084     0.006941
     0.390002     1.095593     0.004750
     0.402961     1.133360     0.003383
     0.417108     1.171697     0.002236
     0.430483     1.209400     0.001336
     0.444450     1.247553     0.000654
     0.457914     1.285320     0.000234
     0.471771     1.323383     0.000056
     0.485398     1.361209     0.000012
     0.499192     1.399179     0.000004
     0.513042     1.437016     0.000003
     0.526675     1.474791     0.000002
     0.007607     0.145949     0.002191
     0.021778     0.183701     0.001695
     0.035097     0.221826     0.001293
     0.049431     0.260036     0.001185
     0.062855     0.297684     0.001581
     0.077358     0.336162     0.002796
     0.090996     0.373513     0.006059
     0.105633     0.411963     0.011699
     0.119746     0.448950     0.018624
     0.133266     0.488799     0.025480
     0.147105     0.522727     0.030904
     0.167815     0.566078     0.033825
     0.181446     0.607301     0.033975
     0.197907     0.643398     0.031877
     0.211565     0.683732     0.029143
     0.225154     0.721120     0.027328
     0.239090     0.760423     0.028131
     0.251784     0.798011     0.031631
     0.264994     0.837973     0.035015
     0.277483     0.875334     0.035722
     0.285879     0.918070     0.032665
     0.297649     0.956064     0.026223
     0.312455     0.994719     0.018200
     0.324575     1.032676     0.010956
     0.339190     1.070945     0.006274
     0.352255     1.108711     0.004119
     0.365883     1.147325     0.002993
     0.379077     1.185238     0.002041
     0.392861     1.223334     0.001239
     0.406385     1.261246     0.000608
     0.420176     1.299247     0.000205
     0.433876     1.337164     0.000041
     0.447615     1.375074     0.000017
     0.461400     1.412980     0.000018
     0.474981     1.450808     0.000018
     0.488891     1.488657     0.000012
     0.011615     0.274104     0.001574
     0.025677     0.311705     0.002247
     0.039431     0.350515     0.004299
     0.053798     0.387163     0.008703
     0.067165     0.426862     0.015143
     0.082124     0.462588     0.022340
     0.094523     0.502227     0.028513
     0.116315     0.545290     0.032450
     0.132783     0.579084     0.033455
     0.145192     0.621793     0.031538
     0.160176     0.658385     0.027541
     0.173748     0.696981     0.023554
     0.187722     0.735207     0.021676
     0.201069     0.773890     0.023203
     0.215102     0.812235     0.027828
     0.227590     0.851736     0.032543
     0.239929     0.890899     0.034362
     0.249726     0.931407     0.032089
     0.260957     0.970404     0.026083
     0.274416     1.008456     0.018069
     0.288052     1.046283     0.010576
     0.300828     1.085000     0.005646
     0.314448     1.122743     0.003480
     0.327883     1.161005     0.002574
     0.341388     1.198983     0.001868
     0.355065     1.237114     0.001213
     0.368780     1.274919     0.000661
     0.382400     1.313052     0.000268
     0.396091     1.350794     0.000078
     0.409781     1.388961     0.000041
     0.423513     1.426668     0.000046
     0.437352     1.465000     0.000048
     0.451112     1.502708     0.000044
     0.001850     0.364391     0.005763
     0.016038     0.401907     0.011238
     0.030687     0.439868     0.018097
     0.042582     0.478524     0.024941
     0.066815     0.514213     0.030124
     0.079887     0.561025     0.032351
     0.093953     0.594353     0.031298
     0.110031     0.635237     0.027524
     0.121806     0.672718     0.022327
     0.137709     0.711799     0.018081
     0.150465     0.749286     0.016819
     0.164574     0.788721     0.019194
     0.177749     0.826275     0.024495
     0.190537     0.865564     0.030090
     0.203481     0.903383     0.032893
     0.211379     0.944525     0.031418
     0.222044     0.983985     0.025885
     0.236665     1.022053     0.017967
     0.249251     1.060033     0.010257
     0.263664     1.098138     0.005075
     0.276633     1.136139     0.002912
     0.290502     1.174585     0.002243
     0.303541     1.212651     0.001791
     0.317268     1.250918     0.001297
     0.330778     1.288694     0.000819
     0.344496     1.326808     0.000420
     0.358221     1.364688     0.000181
     0.371918     1.402622     0.000102
     0.385754     1.440533     0.000100
     0.399357     1.478117     0.000096
     0.009494     0.497401     0.026554
     0.031016     0.531614     0.030417
     0.043455     0.572276     0.030859
     0.057033     0.610639     0.027814
     0.073063     0.648615     0.022669
     0.084764     0.687289     0.017097
     0.099653     0.725833     0.013590
     0.112662     0.762709     0.013251
     0.126691     0.802134     0.016135
     0.139687     0.839220     0.021765
     0.152851     0.879114     0.027753
     0.164691     0.917784     0.031178
     0.175362     0.957992     0.030457
     0.185692     0.997618     0.025571
     0.198656     1.035761     0.017950
     0.212606     1.073994     0.010125
     0.225292     1.112226     0.004705
     0.239188     1.150405     0.002492
     0.252498     1.188215     0.002008
     0.266085     1.226536     0.001782
     0.279402     1.264502     0.001471
     0.293164     1.302491     0.001095
     0.306800     1.340472     0.000710
     0.320400     1.378435     0.000404
     0.334163     1.416402     0.000248
     0.347656     1.454454     0.000211
     0.361659     1.492413     0.000194
     0.019972     0.625330     0.023209
     0.035086     0.662448     0.017459
     0.047835     0.700984     0.012568
     0.061755     0.739861     0.010347
     0.075589     0.777092     0.010763
     0.089502     0.816362     0.013916
     0.102614     0.854023     0.019658
     0.116539     0.893250     0.025797
     0.128620     0.931401     0.029504
     0.137386     0.972467     0.029180
     0.146534     1.011707     0.024806
     0.161410     1.049804     0.017712
     0.173784     1.087628     0.010163
     0.188242     1.125641     0.004602
     0.201049     1.163586     0.002231
     0.214888     1.201824     0.001868
     0.228095     1.239774     0.001850
     0.241480     1.278164     0.001732
     0.255191     1.316243     0.001491
     0.268745     1.354134     0.001148
     0.282583     1.392350     0.000774
     0.296230     1.430036     0.000490
     0.310206     1.468368     0.000366
     0.323819     1.506185     0.000336
     0.024034     0.753665     0.008049
     0.038126     0.791114     0.008807
     0.051640     0.829830     0.012090
     0.064803     0.867177     0.017963
     0.077778     0.906083     0.024287
     0.089237     0.943867     0.027988
     0.100767     0.983880     0.027685
     0.110156     1.024898     0.023581
     0.123024     1.062899     0.016993
     0.136741     1.101169     0.009966
     0.149641     1.139510     0.004614
     0.163431     1.177310     0.002162
     0.176866     1.215495     0.001841
     0.190473     1.253386     0.001989
     0.204124     1.291947     0.002049
     0.217394     1.329884     0.001970
     0.231305     1.368020     0.001711
     0.244697     1.405837     0.001331
     0.258458     1.444009     0.000916
     0.272070     1.481453     0.000619
     0.013585     0.842984     0.010374
     0.026846     0.880823     0.016531
     0.040463     0.919120     0.023052
     0.052982     0.958336     0.026636
     0.064413     0.998785     0.026190
     0.071124     1.039082     0.022177
     0.085484     1.076757     0.015926
     0.098458     1.114769     0.009393
     0.112246     1.152809     0.004458
     0.125488     1.190780     0.002153
     0.139063     1.229063     0.001856
     0.152780     1.266797     0.002146
     0.166078     1.305332     0.002373
     0.179452     1.343449     0.002455
     0.193062     1.381705     0.002317
     0.206866     1.419633     0.002001
     0.220423     1.457858     0.001557
     0.234367     1.495891     0.001100
     0.014491     0.970693     0.025418
     0.026560     1.008708     0.024790
     0.034501     1.050936     0.020697
     0.047237     1.090492     0.014614
     0.060968     1.127730     0.008536
     0.073845     1.166962     0.004097
     0.087671     1.204074     0.002086
     0.101203     1.242840     0.001888
     0.114862     1.280447     0.002281
     0.128877     1.318720     0.002611
     0.142024     1.357393     0.002789
     0.155861     1.395723     0.002761
     0.169223     1.433489     0.002555
     0.183011     1.471896     0.002202
     0.196527     1.509663     0.001738
     0.009488     1.103653     0.013140
     0.023047     1.141285     0.007482
     0.036384     1.179962     0.003572
     0.049687     1.218131     0.001925
     0.063779     1.256176     0.001886
     0.077092     1.294593     0.002316
     0.091050     1.332182     0.002681
     0.104490     1.370513     0.002914
     0.117257     1.409020     0.002979
     0.131053     1.447119     0.002897
     0.144731     1.484627     0.002676
     0.012041     1.232031     0.001647
     0.026030     1.269784     0.001752
     0.039189     1.308038     0.002175
     0.053254     1.345905     0.002562
     0.066581     1.384013     0.002859
     0.080597     1.422099     0.003017
     0.093454     1.461895     0.003046
     0.107074     1.499369     0.002937
     0.001500     1.321745     0.001815
     0.015390     1.359483     0.002254
     0.028779     1.397709     0.002638
     0.042694     1.435492     0.002885
     0.055524     1.473533     0.003011
     0.004425     1.448767     0.002618
     0.017512     1.486812     0.002846
