                 0.000000                 0.000177
                 0.012605                 0.005304
                 0.025210                 0.007302
                 0.037815                 0.007881
                 0.050420                 0.007045
                 0.063025                 0.005752
                 0.075630                 0.005960
                 0.088235                 0.005489
                 0.100840                 0.006914
                 0.113445                 0.006308
                 0.126050                 0.005561
                 0.138655                 0.003726
                 0.151261                 0.004048
                 0.163866                 0.005111
                 0.176471                 0.005666
                 0.189076                 0.005233
                 0.201681                 0.004204
                 0.214286                 0.003705
                 0.226891                 0.003316
                 0.239496                 0.002994
                 0.252101                 0.003540
                 0.264706                 0.003832
                 0.277311                 0.004235
                 0.289916                 0.004184
                 0.302521                 0.004633
                 0.315126                 0.005283
                 0.327731                 0.006519
                 0.340336                 0.006370
                 0.352941                 0.006318
                 0.365546                 0.006192
                 0.378151                 0.006244
                 0.390756                 0.006578
                 0.403361                 0.007239
                 0.415966                 0.006986
                 0.428571                 0.009110
                 0.441176                 0.008260
                 0.453782                 0.010019
                 0.466387                 0.008197
                 0.478992                 0.014534
                 0.491597                 0.017945
                 0.504202                 0.323196
                 0.516807                 0.355582
                 0.529412                 0.014279
                 0.542017                 0.038463
                 0.554622                 0.013229
                 0.567227                 0.018591
                 0.579832                 0.009698
                 0.592437                 0.011765
                 0.605042                 0.008532
                 0.617647                 0.009565
                 0.630252                 0.008311
                 0.642857                 0.009466
                 0.655462                 0.010633
                 0.668067                 0.011797
                 0.680672                 0.011348
                 0.693277                 0.012756
                 0.705882                 0.013627
                 0.718487                 0.014261
                 0.731092                 0.013864
                 0.743697                 0.013073
                 0.756303                 0.012876
                 0.768908                 0.011713
                 0.781513                 0.010739
                 0.794118                 0.009994
                 0.806723                 0.009462
                 0.819328                 0.008597
                 0.831933                 0.010091
                 0.844538                 0.010444
                 0.857143                 0.012034
                 0.869748                 0.012189
                 0.882353                 0.014241
                 0.894958                 0.012124
                 0.907563                 0.012295
                 0.920168                 0.009616
                 0.932773                 0.016750
                 0.945378                 0.011832
                 0.957983                 0.049832
                 0.970588                 0.014738
                 0.983193                 0.414028
                 0.995798                 0.399130
                 1.008403                 0.018013
                 1.021008                 0.014806
                 1.033613                 0.006658
                 1.046219                 0.009855
                 1.058824                 0.008154
                 1.071429                 0.008915
                 1.084034                 0.007009
                 1.096639                 0.007212
                 1.109244                 0.005995
                 1.121849                 0.006599
                 1.134454                 0.006134
                 1.147059                 0.006845
                 1.159664                 0.006533
                 1.172269                 0.006629
                 1.184874                 0.005591
                 1.197479                 0.004662
                 1.210084                 0.004321
                 1.222689                 0.004969
                 1.235294                 0.004677
                 1.247899                 0.004318
                 1.260504                 0.003658
                 1.273109                 0.004119
                 1.285714                 0.004217
                 1.298319                 0.004759
                 1.310924                 0.004414
                 1.323529                 0.004985
                 1.336134                 0.005322
                 1.348740                 0.006587
                 1.361345                 0.005366
                 1.373950                 0.005376
                 1.386555                 0.004539
                 1.399160                 0.004635
                 1.411765                 0.004013
                 1.424370                 0.003700
                 1.436975                 0.003202
                 1.449580                 0.004119
                 1.462185                 0.006635
                 1.474790                 0.007066
                 1.487395                 0.005581
                 1.500000                 0.000133
