                 6.900324                 0.000000
                 7.087376                 0.000001
                 7.391501                 0.000002
                 7.818392                 0.000003
                 8.367241                 0.000005
                 9.037227                 0.000007
                 9.828034                 0.000009
                10.738384                 0.000012
                11.772777                 0.000016
                12.934742                 0.000019
                14.216612                 0.000023
                15.619028                 0.000028
                17.146986                 0.000033
                18.798460                 0.000038
                20.564293                 0.000043
                22.450815                 0.000049
                24.458892                 0.000056
                26.593895                 0.000063
                28.852629                 0.000070
                31.230309                 0.000077
                33.729770                 0.000085
                36.356483                 0.000094
                39.102263                 0.000102
                41.965333                 0.000111
                44.949148                 0.000121
                48.055287                 0.000131
                51.284304                 0.000141
                54.633123                 0.000151
                58.106555                 0.000162
                61.703316                 0.000174
                65.425672                 0.000186
                69.261871                 0.000198
                73.217002                 0.000210
                77.295018                 0.000223
                81.495823                 0.000237
                85.814979                 0.000250
                90.254469                 0.000264
                94.818136                 0.000279
                99.506941                 0.000294
               104.316377                 0.000309
               109.242015                 0.000325
               114.288894                 0.000341
               119.456369                 0.000357
               124.743698                 0.000374
               130.146856                 0.000391
               135.673694                 0.000408
               141.325514                 0.000426
               147.098621                 0.000445
               152.989758                 0.000463
               159.000175                 0.000482
               165.131254                 0.000502
               171.384161                 0.000522
               177.749899                 0.000542
               184.234250                 0.000563
               190.843043                 0.000584
               197.573302                 0.000605
               204.424187                 0.000627
               211.392199                 0.000649
               218.481770                 0.000671
               225.691067                 0.000694
               233.017869                 0.000717
               240.457074                 0.000741
               248.018055                 0.000765
               255.700230                 0.000790
               263.501846                 0.000814
               271.420171                 0.000840
               279.459763                 0.000865
               287.620643                 0.000891
               295.898641                 0.000917
               304.291245                 0.000944
               312.797660                 0.000971
               321.426391                 0.000998
               330.173055                 0.001026
               339.035311                 0.001054
               348.015799                 0.001083
               357.118041                 0.001112
               365.920668                 0.001141
               372.306978                 0.001171
               378.482247                 0.001201
               383.550857                 0.001231
               389.032921                 0.001262
               393.961516                 0.001293
               398.850729                 0.001325
               403.621073                 0.001357
               408.608188                 0.001389
               413.260435                 0.001422
               418.296777                 0.001455
               423.193668                 0.001489
               428.162981                 0.001522
               433.223425                 0.001557
               438.103448                 0.001591
               443.010811                 0.001626
               447.926340                 0.001661
               452.754240                 0.001697
               457.918332                 0.001733
               462.937758                 0.001769
               467.999467                 0.001806
               472.792604                 0.001843
               477.798598                 0.001881
               482.684526                 0.001919
               487.787906                 0.001957
               492.779902                 0.001996
               497.776943                 0.002035
               502.623853                 0.002074
               507.646588                 0.002114
               512.562255                 0.002154
               517.532135                 0.002194
               522.425312                 0.002235
               527.318126                 0.002276
               532.342221                 0.002318
               537.230613                 0.002360
               541.981966                 0.002402
               547.045976                 0.002445
               551.843434                 0.002488
               556.640174                 0.002531
               561.675634                 0.002575
               566.219656                 0.002619
               571.044663                 0.002663
               575.691851                 0.002708
               580.340759                 0.002753
               584.876446                 0.002799
               589.581923                 0.002845
               593.809098                 0.002891
               598.245484                 0.002938
               602.208106                 0.002985
               606.443152                 0.003032
               610.413532                 0.003080
               614.317935                 0.003128
               617.995335                 0.003176
               621.747931                 0.003225
               625.487157                 0.003274
               628.664139                 0.003323
               632.341480                 0.003373
               635.522233                 0.003423
               638.839293                 0.003474
               641.712785                 0.003525
               645.272845                 0.003576
               647.922214                 0.003628
               650.807440                 0.003680
               653.660795                 0.003732
               656.296656                 0.003784
               658.792741                 0.003837
               661.995245                 0.003891
               663.928777                 0.003945
               666.417080                 0.003999
               668.565401                 0.004053
               670.808290                 0.004108
               672.971937                 0.004163
               675.081312                 0.004218
               676.916111                 0.004274
               678.920317                 0.004330
               680.289512                 0.004387
               682.273580                 0.004443
               683.470539                 0.004501
               685.215917                 0.004558
               686.661285                 0.004616
               688.102351                 0.004674
               688.871403                 0.004733
               690.767824                 0.004792
               691.102913                 0.004851
               691.838851                 0.004910
               693.099044                 0.004970
               692.950779                 0.005030
               693.739581                 0.005091
               694.147978                 0.005152
               694.048999                 0.005213
               693.697210                 0.005275
               693.396196                 0.005337
               692.663122                 0.005399
               691.094923                 0.005461
               689.552159                 0.005524
               686.375256                 0.005588
               683.086779                 0.005651
               678.148195                 0.005715
               673.225513                 0.005779
               666.306393                 0.005844
               659.607463                 0.005909
               651.843556                 0.005974
               643.303343                 0.006040
               633.838971                 0.006106
               624.686658                 0.006172
               614.555601                 0.006238
               604.452145                 0.006305
               593.983648                 0.006372
               583.582038                 0.006440
               572.734532                 0.006508
               561.365885                 0.006576
               550.682022                 0.006644
               539.379025                 0.006713
               528.269111                 0.006782
               517.100851                 0.006852
               506.336725                 0.006922
               495.177193                 0.006992
               483.786666                 0.007062
               473.159032                 0.007133
               462.296465                 0.007204
               451.695033                 0.007275
               440.964259                 0.007347
               430.668764                 0.007419
               420.278359                 0.007492
               410.108072                 0.007564
               400.485631                 0.007637
               390.293329                 0.007710
               381.041422                 0.007784
               371.610912                 0.007858
               362.496665                 0.007932
               353.375808                 0.008007
               344.849836                 0.008081
               336.444513                 0.008157
               327.846185                 0.008232
               319.122964                 0.008308
               310.995680                 0.008384
               303.058906                 0.008460
               295.081341                 0.008537
               287.162123                 0.008614
               279.338773                 0.008691
               271.752625                 0.008769
               264.748331                 0.008847
               257.643085                 0.008925
               250.527877                 0.009003
               243.721784                 0.009082
               237.161255                 0.009161
               230.801608                 0.009240
               224.599073                 0.009320
               218.574844                 0.009400
               212.365903                 0.009480
               206.645835                 0.009561
               201.045875                 0.009642
               195.586678                 0.009723
               190.342324                 0.009804
               185.402543                 0.009886
               180.298646                 0.009968
               175.818019                 0.010050
               170.940179                 0.010133
               166.723141                 0.010216
               162.305185                 0.010299
               158.303502                 0.010383
               154.467213                 0.010466
               150.541091                 0.010550
               146.877968                 0.010635
               143.323515                 0.010719
               140.025282                 0.010804
               136.888700                 0.010889
               133.460240                 0.010975
               130.455911                 0.011061
               127.370030                 0.011147
               124.749450                 0.011233
               121.765564                 0.011320
               119.005599                 0.011406
               115.983266                 0.011494
               113.472728                 0.011581
               111.185889                 0.011669
               108.649702                 0.011757
               105.921885                 0.011845
               103.402074                 0.011933
               101.114841                 0.012022
                99.045590                 0.012111
                96.807214                 0.012201
                94.457881                 0.012290
                92.159996                 0.012380
                90.059521                 0.012470
                88.168356                 0.012560
                86.134489                 0.012651
                84.181101                 0.012742
                81.954995                 0.012833
                80.127309                 0.012925
                78.332039                 0.013016
                76.689792                 0.013108
                74.833669                 0.013201
                72.894349                 0.013293
                71.091329                 0.013386
                69.506119                 0.013479
                67.966358                 0.013572
                66.448526                 0.013666
                64.635690                 0.013759
                62.981186                 0.013853
                61.563052                 0.013948
                60.212040                 0.014042
                58.870495                 0.014137
                57.348894                 0.014232
                55.936348                 0.014327
                54.660855                 0.014423
                53.553170                 0.014519
                52.249296                 0.014615
                51.022796                 0.014711
                49.810003                 0.014807
                48.849813                 0.014904
                47.776327                 0.015001
                46.734552                 0.015098
                45.706022                 0.015196
                44.841371                 0.015294
                43.823643                 0.015391
                43.067597                 0.015490
                42.038618                 0.015588
                41.266217                 0.015687
                40.531621                 0.015786
                39.826667                 0.015885
                39.129123                 0.015984
                38.381442                 0.016084
                37.714035                 0.016184
                37.138686                 0.016284
                36.715843                 0.016384
                36.154011                 0.016485
                35.453217                 0.016585
                34.847189                 0.016686
                34.485981                 0.016787
                34.068602                 0.016889
                33.656973                 0.016991
                33.151430                 0.017092
                32.529012                 0.017195
                32.244076                 0.017297
                32.046682                 0.017399
                31.616010                 0.017502
                31.206823                 0.017605
                30.675001                 0.017708
                30.309739                 0.017812
                30.157408                 0.017915
                29.958919                 0.018019
                29.553191                 0.018123
                29.105700                 0.018227
                28.783212                 0.018332
                28.644463                 0.018437
                28.318190                 0.018541
                28.207150                 0.018647
                27.634366                 0.018752
                27.450453                 0.018857
                27.180534                 0.018963
                27.138483                 0.019069
                26.824104                 0.019175
                26.622000                 0.019281
                26.276411                 0.019388
                26.185464                 0.019495
                25.994134                 0.019602
                25.829396                 0.019709
                25.598071                 0.019816
                25.380211                 0.019924
                25.254705                 0.020031
                25.115650                 0.020139
                24.895670                 0.020247
                24.635213                 0.020355
                24.597502                 0.020464
                24.539930                 0.020573
                24.371737                 0.020681
                24.120670                 0.020790
                23.964065                 0.020900
                23.873789                 0.021009
                23.815920                 0.021119
                23.740776                 0.021228
                23.412375                 0.021338
                23.160287                 0.021448
                23.228472                 0.021559
                23.198677                 0.021669
                23.145641                 0.021780
                22.889848                 0.021891
                22.704555                 0.022002
                22.559115                 0.022113
                22.706036                 0.022224
                22.642390                 0.022336
                22.401414                 0.022448
                22.132323                 0.022559
                22.065064                 0.022672
                22.085708                 0.022784
                22.090953                 0.022896
                21.975950                 0.023009
                21.648261                 0.023121
                21.562192                 0.023234
                21.541402                 0.023347
                21.584504                 0.023460
                21.386363                 0.023574
                21.267304                 0.023687
                21.076827                 0.023801
                21.050915                 0.023915
                21.028650                 0.024029
                20.943681                 0.024143
                20.743628                 0.024257
                20.630863                 0.024372
                20.645108                 0.024486
                20.528842                 0.024601
                20.488247                 0.024716
                20.377586                 0.024831
                20.283593                 0.024946
                20.261172                 0.025061
                20.136755                 0.025177
                20.068382                 0.025293
                19.966653                 0.025408
                19.902630                 0.025524
                19.878423                 0.025640
                19.876035                 0.025756
                19.657453                 0.025873
                19.587605                 0.025989
                19.580518                 0.026106
                19.599089                 0.026223
                19.569640                 0.026339
                19.395276                 0.026456
                19.200998                 0.026574
                19.186298                 0.026691
                19.270450                 0.026808
                19.264403                 0.026926
                19.026761                 0.027043
                18.865819                 0.027161
                18.819208                 0.027279
                18.912962                 0.027397
                18.934977                 0.027515
                18.783604                 0.027633
                18.608011                 0.027752
                18.719269                 0.027870
                18.771802                 0.027989
                18.868631                 0.028108
                18.733718                 0.028226
                18.626164                 0.028345
                18.520421                 0.028464
                18.643084                 0.028584
                18.709293                 0.028703
                18.609962                 0.028822
                18.360455                 0.028942
                18.379425                 0.029061
                18.422572                 0.029181
                18.462757                 0.029301
                18.356831                 0.029421
                18.291063                 0.029541
                18.160038                 0.029661
                18.258850                 0.029781
                18.255127                 0.029902
                18.139261                 0.030022
                18.066401                 0.030143
                18.129023                 0.030263
                18.146912                 0.030384
                18.084624                 0.030505
                18.006812                 0.030626
                17.951220                 0.030747
                17.994980                 0.030868
                18.049714                 0.030989
                17.974015                 0.031110
                17.855327                 0.031231
                17.783215                 0.031353
                17.840322                 0.031474
                17.982734                 0.031596
                17.903410                 0.031718
                17.846147                 0.031839
                17.646825                 0.031961
                17.765642                 0.032083
                17.866913                 0.032205
                17.885677                 0.032327
                17.741110                 0.032449
                17.582720                 0.032571
                17.609002                 0.032694
                17.703207                 0.032816
                17.786615                 0.032938
                17.645485                 0.033061
                17.404965                 0.033184
                17.470424                 0.033306
                17.563288                 0.033429
                17.512599                 0.033552
                17.514129                 0.033674
                17.376656                 0.033797
                17.332846                 0.033920
                17.399262                 0.034043
                17.498547                 0.034166
                17.369324                 0.034289
                17.327733                 0.034412
                17.234086                 0.034536
                17.305495                 0.034659
                17.350117                 0.034782
                17.211332                 0.034906
                17.081138                 0.035029
                17.110559                 0.035153
                17.119618                 0.035276
                17.082709                 0.035400
                16.966652                 0.035523
                16.878056                 0.035647
                16.835885                 0.035771
                16.949856                 0.035894
                16.915076                 0.036018
                16.684821                 0.036142
                16.605942                 0.036266
                16.770278                 0.036390
                16.757642                 0.036513
                16.745376                 0.036637
                16.573313                 0.036761
                16.419350                 0.036885
                16.546194                 0.037009
                16.611228                 0.037134
                16.565574                 0.037258
                16.378448                 0.037382
                16.260512                 0.037506
                16.260614                 0.037630
                16.396681                 0.037754
                16.459691                 0.037879
                16.221693                 0.038003
                16.007984                 0.038127
                16.118162                 0.038251
                16.206202                 0.038376
                16.249554                 0.038500
                16.044914                 0.038624
                15.991673                 0.038749
                15.989566                 0.038873
                16.122345                 0.038997
                16.152262                 0.039122
                15.983960                 0.039246
                15.875109                 0.039370
                15.987643                 0.039495
                15.928858                 0.039619
                15.966255                 0.039744
                15.911101                 0.039868
                15.824462                 0.039992
