                 3.362740                 0.000000
                 3.542654                 0.000001
                 3.845276                 0.000002
                 4.268023                 0.000003
                 4.813144                 0.000005
                 5.478201                 0.000007
                 6.266192                 0.000009
                 7.173736                 0.000012
                 8.203845                 0.000016
                 9.354296                 0.000019
                10.626594                 0.000023
                12.019380                 0.000028
                13.534370                 0.000033
                15.169293                 0.000038
                16.926217                 0.000043
                18.803989                 0.000049
                20.802666                 0.000056
                22.922624                 0.000063
                25.163573                 0.000070
                27.525202                 0.000077
                30.008231                 0.000085
                32.612086                 0.000094
                35.336557                 0.000102
                38.182310                 0.000111
                41.148348                 0.000121
                44.235502                 0.000131
                47.443332                 0.000141
                50.772032                 0.000151
                54.220658                 0.000162
                57.790991                 0.000174
                61.480928                 0.000186
                65.291837                 0.000198
                69.223022                 0.000210
                73.274639                 0.000223
                77.446309                 0.000237
                81.739100                 0.000250
                86.150858                 0.000264
                90.683949                 0.000279
                95.336311                 0.000294
               100.109103                 0.000309
               105.001640                 0.000325
               110.014689                 0.000341
               115.146396                 0.000357
               120.399101                 0.000374
               125.770447                 0.000391
               131.262136                 0.000408
               136.872971                 0.000426
               142.603797                 0.000445
               148.452906                 0.000463
               154.422911                 0.000482
               160.510448                 0.000502
               166.718590                 0.000522
               173.044711                 0.000542
               179.490426                 0.000563
               186.054289                 0.000584
               192.738339                 0.000605
               199.539336                 0.000627
               206.460536                 0.000649
               213.498937                 0.000671
               220.656831                 0.000694
               227.932039                 0.000717
               235.326639                 0.000741
               242.837939                 0.000765
               250.468694                 0.000790
               258.216120                 0.000814
               266.082176                 0.000840
               274.065520                 0.000865
               282.166911                 0.000891
               290.384944                 0.000917
               298.721356                 0.000944
               307.174228                 0.000971
               315.744550                 0.000998
               324.432004                 0.001026
               333.236001                 0.001054
               342.157083                 0.001083
               351.152117                 0.001112
               358.738127                 0.001141
               365.405556                 0.001171
               370.708212                 0.001201
               375.923839                 0.001231
               381.059425                 0.001262
               385.749900                 0.001293
               390.652198                 0.001325
               395.323234                 0.001357
               400.013089                 0.001389
               404.815587                 0.001422
               409.715219                 0.001455
               414.315119                 0.001489
               419.122668                 0.001522
               423.958192                 0.001557
               428.896723                 0.001591
               433.488064                 0.001626
               438.292159                 0.001661
               443.254353                 0.001697
               448.242514                 0.001733
               452.930784                 0.001769
               457.899439                 0.001806
               462.580160                 0.001843
               467.376519                 0.001881
               472.313264                 0.001919
               477.255683                 0.001957
               481.879309                 0.001996
               486.701781                 0.002035
               491.699823                 0.002074
               496.562894                 0.002114
               501.438664                 0.002154
               506.123290                 0.002194
               511.074798                 0.002235
               516.008986                 0.002276
               520.557295                 0.002318
               525.335096                 0.002360
               530.073332                 0.002402
               534.724173                 0.002445
               539.394626                 0.002488
               544.453114                 0.002531
               548.927540                 0.002575
               553.745373                 0.002619
               558.279246                 0.002663
               562.731238                 0.002708
               567.252730                 0.002753
               571.805315                 0.002799
               576.566448                 0.002845
               581.132927                 0.002891
               585.483936                 0.002938
               589.751768                 0.002985
               593.786247                 0.003032
               597.552314                 0.003080
               601.608697                 0.003128
               605.272934                 0.003176
               608.524482                 0.003225
               612.164354                 0.003274
               615.650507                 0.003323
               619.186014                 0.003373
               622.497817                 0.003423
               625.693070                 0.003474
               628.686808                 0.003525
               631.566933                 0.003576
               634.246483                 0.003628
               636.830223                 0.003680
               639.775922                 0.003732
               642.658417                 0.003784
               644.706313                 0.003837
               647.521923                 0.003891
               649.648068                 0.003945
               652.254104                 0.003999
               654.399834                 0.004053
               656.475732                 0.004108
               658.883470                 0.004163
               660.746385                 0.004218
               662.784429                 0.004274
               664.832638                 0.004330
               666.373382                 0.004387
               667.921791                 0.004443
               670.033691                 0.004501
               671.373821                 0.004558
               672.844897                 0.004616
               674.256361                 0.004674
               675.869525                 0.004733
               677.142700                 0.004792
               678.438340                 0.004851
               679.492273                 0.004910
               680.562193                 0.004970
               681.228938                 0.005030
               681.828666                 0.005091
               682.602488                 0.005152
               683.955622                 0.005213
               684.568643                 0.005275
               685.118215                 0.005337
               685.598750                 0.005399
               686.113994                 0.005461
               685.791668                 0.005524
               686.526002                 0.005588
               686.312492                 0.005651
               686.172301                 0.005715
               685.981916                 0.005779
               684.823487                 0.005844
               683.913603                 0.005909
               682.495889                 0.005974
               680.459075                 0.006040
               679.065887                 0.006106
               676.994396                 0.006172
               675.641918                 0.006238
               673.529092                 0.006305
               671.744759                 0.006372
               669.295146                 0.006440
               667.149897                 0.006508
               664.440254                 0.006576
               661.745918                 0.006644
               658.320490                 0.006713
               655.097253                 0.006782
               651.565902                 0.006852
               647.669178                 0.006922
               643.398587                 0.006992
               639.157690                 0.007062
               634.422941                 0.007133
               629.612089                 0.007204
               624.877157                 0.007275
               620.431673                 0.007347
               615.443598                 0.007419
               610.715507                 0.007492
               605.772932                 0.007564
               600.643946                 0.007637
               595.426560                 0.007710
               589.772751                 0.007784
               583.904736                 0.007858
               578.147799                 0.007932
               572.540062                 0.008007
               566.567007                 0.008081
               560.637493                 0.008157
               554.713313                 0.008232
               548.568843                 0.008308
               542.301905                 0.008384
               536.082477                 0.008460
               529.918585                 0.008537
               523.801457                 0.008614
               517.401174                 0.008691
               511.270393                 0.008769
               504.993622                 0.008847
               498.734758                 0.008925
               492.630828                 0.009003
               486.442195                 0.009082
               480.236849                 0.009161
               474.130426                 0.009240
               468.173283                 0.009320
               462.196348                 0.009400
               456.159759                 0.009480
               450.315797                 0.009561
               444.321870                 0.009642
               438.499104                 0.009723
               432.923733                 0.009804
               427.246235                 0.009886
               421.599105                 0.009968
               415.986873                 0.010050
               410.372342                 0.010133
               404.912979                 0.010216
               399.604932                 0.010299
               394.345984                 0.010383
               389.240521                 0.010466
               384.202549                 0.010550
               379.225301                 0.010635
               374.201026                 0.010719
               369.034233                 0.010804
               363.988463                 0.010889
               359.126102                 0.010975
               354.728027                 0.011061
               350.288733                 0.011147
               345.737395                 0.011233
               341.042833                 0.011320
               336.323020                 0.011406
               331.779080                 0.011494
               327.630317                 0.011581
               323.768126                 0.011669
               319.688382                 0.011757
               315.428241                 0.011845
               311.114339                 0.011933
               306.971447                 0.012022
               303.051950                 0.012111
               299.396009                 0.012201
               295.794704                 0.012290
               292.066922                 0.012380
               288.108648                 0.012470
               284.168619                 0.012560
               280.518039                 0.012651
               277.088335                 0.012742
               273.841977                 0.012833
               270.450003                 0.012925
               266.830098                 0.013016
               263.125747                 0.013108
               259.667844                 0.013201
               256.407745                 0.013293
               253.340217                 0.013386
               250.167823                 0.013479
               246.849600                 0.013572
               243.323806                 0.013666
               239.962570                 0.013759
               236.792090                 0.013853
               233.790514                 0.013948
               230.825017                 0.014042
               227.726239                 0.014137
               224.431417                 0.014232
               221.073825                 0.014327
               217.852417                 0.014423
               214.941300                 0.014519
               212.065241                 0.014615
               209.179622                 0.014711
               206.034482                 0.014807
               202.801610                 0.014904
               199.632333                 0.015001
               196.758879                 0.015098
               194.047690                 0.015196
               191.375861                 0.015294
               188.450868                 0.015391
               185.393792                 0.015490
               182.377532                 0.015588
               179.518619                 0.015687
               176.932995                 0.015786
               174.454389                 0.015885
               171.870950                 0.015984
               169.130413                 0.016084
               166.203059                 0.016184
               163.408401                 0.016284
               160.934694                 0.016384
               158.667544                 0.016485
               156.368368                 0.016585
               153.880745                 0.016686
               151.167820                 0.016787
               148.444720                 0.016889
               146.100713                 0.016991
               143.932224                 0.017092
               141.830976                 0.017195
               139.680426                 0.017297
               137.273045                 0.017399
               134.783364                 0.017502
               132.539794                 0.017605
               130.496486                 0.017708
               128.618655                 0.017812
               126.695452                 0.017915
               124.469021                 0.018019
               122.008704                 0.018123
               119.686252                 0.018227
               117.589468                 0.018332
               115.687938                 0.018437
               113.925259                 0.018541
               112.111238                 0.018647
               109.992006                 0.018752
               107.898837                 0.018857
               105.986377                 0.018963
               104.225010                 0.019069
               102.668330                 0.019175
               101.174757                 0.019281
                99.523968                 0.019388
                97.757062                 0.019495
                95.938035                 0.019602
                94.360406                 0.019709
                93.061068                 0.019816
                91.846090                 0.019924
                90.546800                 0.020031
                89.059695                 0.020139
                87.474082                 0.020247
                86.001404                 0.020355
                84.686798                 0.020464
                83.634964                 0.020573
                82.568131                 0.020681
                81.440209                 0.020790
                80.053537                 0.020900
                78.691965                 0.021009
                77.467230                 0.021119
                76.397101                 0.021228
                75.552802                 0.021338
                74.610188                 0.021448
                73.536755                 0.021559
                72.423688                 0.021669
                71.189196                 0.021780
                70.142377                 0.021891
                69.338676                 0.022002
                68.656957                 0.022113
                67.905203                 0.022224
                66.926880                 0.022336
                65.758902                 0.022448
                64.796671                 0.022559
                64.008054                 0.022672
                63.453036                 0.022784
                62.923390                 0.022896
                62.134462                 0.023009
                61.284729                 0.023121
                60.287125                 0.023234
                59.454722                 0.023347
                58.893235                 0.023460
                58.460815                 0.023574
                57.952939                 0.023687
                57.303248                 0.023801
                56.410704                 0.023915
                55.578310                 0.024029
                54.942987                 0.024143
                54.532276                 0.024257
                54.227934                 0.024372
                53.728674                 0.024486
                53.059374                 0.024601
                52.241055                 0.024716
                51.557819                 0.024831
                51.149707                 0.024946
                50.903142                 0.025061
                50.582304                 0.025177
                50.073731                 0.025293
                49.394026                 0.025408
                48.703693                 0.025524
                48.186487                 0.025640
                47.933706                 0.025756
                47.716703                 0.025873
                47.440423                 0.025989
                46.914314                 0.026106
                46.244847                 0.026223
                45.668021                 0.026339
                45.313186                 0.026456
                45.177613                 0.026574
                45.018854                 0.026691
                44.663017                 0.026808
                44.138808                 0.026926
                43.547900                 0.027043
                43.106712                 0.027161
                42.877047                 0.027279
                42.823405                 0.027397
                42.667417                 0.027515
                42.351785                 0.027633
                41.788427                 0.027752
                41.275307                 0.027870
                40.941731                 0.027989
                40.862175                 0.028108
                40.813239                 0.028226
                40.627767                 0.028345
                40.282325                 0.028464
                39.818364                 0.028584
                39.394539                 0.028703
                39.195040                 0.028822
                39.163820                 0.028942
                39.164860                 0.029061
                38.983639                 0.029181
                38.535749                 0.029301
                38.112764                 0.029421
                37.838539                 0.029541
                37.773789                 0.029661
                37.770376                 0.029781
                37.751163                 0.029902
                37.487755                 0.030022
                37.113040                 0.030143
                36.731176                 0.030263
                36.530104                 0.030384
                36.581817                 0.030505
                36.617878                 0.030626
                36.534429                 0.030747
                36.218451                 0.030868
                35.890555                 0.030989
                35.546814                 0.031110
                35.504600                 0.031231
                35.515633                 0.031353
                35.609152                 0.031474
                35.451427                 0.031596
                35.128910                 0.031718
                34.772796                 0.031839
                34.524061                 0.031961
                34.540513                 0.032083
                34.602746                 0.032205
                34.648172                 0.032327
                34.419888                 0.032449
                34.063399                 0.032571
                33.779940                 0.032694
                33.561632                 0.032816
                33.691966                 0.032938
                33.668001                 0.033061
                33.719125                 0.033184
                33.380351                 0.033306
                33.028813                 0.033429
                32.783682                 0.033552
                32.676664                 0.033674
                32.860782                 0.033797
                32.752843                 0.033920
                32.726454                 0.034043
                32.248015                 0.034166
                31.968401                 0.034289
                31.661098                 0.034412
                31.683121                 0.034536
                31.783634                 0.034659
                31.684866                 0.034782
                31.473029                 0.034906
                30.971420                 0.035029
                30.699198                 0.035153
                30.475465                 0.035276
                30.496584                 0.035400
                30.539062                 0.035523
                30.346150                 0.035647
                30.088162                 0.035771
                29.535565                 0.035894
                29.319571                 0.036018
                29.146536                 0.036142
                29.254031                 0.036266
                29.203683                 0.036390
                28.843950                 0.036513
                28.523441                 0.036637
                28.018152                 0.036761
                27.889377                 0.036885
                27.816007                 0.037009
                27.808330                 0.037134
                27.737772                 0.037258
                27.263098                 0.037382
                26.913278                 0.037506
                26.413853                 0.037630
                26.425477                 0.037754
                26.405085                 0.037879
                26.354696                 0.038003
                26.136392                 0.038127
                25.570840                 0.038251
                25.264979                 0.038376
                24.906629                 0.038500
                24.945652                 0.038624
                24.973856                 0.038749
                24.806833                 0.038873
                24.540127                 0.038997
                23.910708                 0.039122
                23.645002                 0.039246
                23.442376                 0.039370
                23.483733                 0.039495
                23.516302                 0.039619
                23.159628                 0.039744
                22.873597                 0.039868
                22.291963                 0.039992
