     0.000000    -0.010000     0.000000
     0.111111    -0.010000     0.000000
     0.222222    -0.010000     0.000000
     0.333333    -0.010000     0.000000
     0.444444    -0.010000     0.000000
     0.555556    -0.010000     0.000000
     0.666667    -0.010000     0.000000
     0.777778    -0.010000     0.000000
     0.888889    -0.010000     0.000000
     1.000000    -0.010000     0.000000
     0.000284     0.097361     0.001654
     0.111070     0.097262     0.000000
     0.222342     0.097274     0.000000
     0.333287     0.097233     0.000000
     0.444537     0.097207     0.000000
     0.555463     0.097207     0.000000
     0.666713     0.097233     0.000000
     0.777658     0.097274     0.000000
     0.888930     0.097262     0.000000
     0.999716     0.097361     0.001653
     0.000556     0.205564     0.002953
     0.111208     0.204922     0.000000
     0.222648     0.204687     0.000000
     0.333299     0.204574     0.000000
     0.444748     0.204702     0.000000
     0.555252     0.204702     0.000000
     0.666701     0.204574     0.000000
     0.777352     0.204687     0.000000
     0.888792     0.204922     0.000000
     0.999444     0.205563     0.002954
     0.001541     0.313132     0.005983
     0.112015     0.312034     0.000000
     0.223287     0.312209     0.001540
     0.333241     0.311951     0.000000
     0.444907     0.311921     0.000072
     0.555093     0.311920     0.000071
     0.666759     0.311951     0.000000
     0.776713     0.312209     0.001539
     0.887985     0.312034     0.000000
     0.998459     0.313132     0.005986
     0.002704     0.421992     0.022694
     0.111719     0.419562     0.009305
     0.223785     0.420068     0.003774
     0.333674     0.419348     0.002310
     0.445211     0.419704     0.001723
     0.554789     0.419704     0.001723
     0.666326     0.419348     0.002309
     0.776215     0.420067     0.003774
     0.888281     0.419562     0.009303
     0.997297     0.421992     0.022690
     0.009826     0.532535     0.035253
     0.117447     0.527862     0.043342
     0.224367     0.527801     0.034247
     0.333982     0.527399     0.019440
     0.444153     0.527222     0.007669
     0.555847     0.527222     0.007670
     0.666018     0.527399     0.019441
     0.775634     0.527801     0.034251
     0.882553     0.527862     0.043344
     0.990174     0.532534     0.035255
     0.017078     0.642546     0.013666
     0.126209     0.641552     0.036859
     0.231417     0.640906     0.042086
     0.339672     0.637303     0.042129
     0.445481     0.635728     0.039377
     0.554520     0.635728     0.039378
     0.660329     0.637304     0.042132
     0.768583     0.640905     0.042088
     0.873791     0.641552     0.036859
     0.982922     0.642547     0.013667
     0.012370     0.750000     0.001634
     0.124172     0.750000     0.010312
     0.234666     0.750000     0.020182
     0.344304     0.750000     0.049672
     0.447227     0.750000     0.065438
     0.552773     0.750000     0.065441
     0.655696     0.750000     0.049670
     0.765334     0.750000     0.020183
     0.875827     0.750000     0.010314
     0.987630     0.750000     0.001631
     0.017078     0.857453     0.013663
     0.126210     0.858447     0.036859
     0.231417     0.859095     0.042089
     0.339672     0.862696     0.042133
     0.445480     0.864271     0.039378
     0.554520     0.864272     0.039377
     0.660329     0.862696     0.042131
     0.768584     0.859095     0.042087
     0.873791     0.858448     0.036861
     0.982922     0.857453     0.013669
     0.009827     0.967465     0.035255
     0.117447     0.972138     0.043347
     0.224366     0.972199     0.034248
     0.333982     0.972602     0.019441
     0.444152     0.972778     0.007670
     0.555848     0.972778     0.007668
     0.666018     0.972602     0.019441
     0.775634     0.972199     0.034246
     0.882553     0.972138     0.043343
     0.990174     0.967465     0.035257
     0.002703     1.078008     0.022695
     0.111719     1.080438     0.009304
     0.223785     1.079932     0.003773
     0.333674     1.080652     0.002311
     0.445211     1.080296     0.001723
     0.554789     1.080296     0.001721
     0.666326     1.080652     0.002310
     0.776215     1.079932     0.003773
     0.888281     1.080438     0.009303
     0.997297     1.078008     0.022693
     0.001541     1.186868     0.005983
     0.112015     1.187966     0.000000
     0.223287     1.187791     0.001540
     0.333241     1.188049     0.000000
     0.444907     1.188079     0.000072
     0.555093     1.188079     0.000072
     0.666759     1.188049     0.000000
     0.776713     1.187791     0.001538
     0.887985     1.187966     0.000000
     0.998459     1.186868     0.005984
     0.000556     1.294437     0.002954
     0.111208     1.295078     0.000000
     0.222648     1.295313     0.000000
     0.333299     1.295426     0.000000
     0.444748     1.295298     0.000000
     0.555252     1.295298     0.000000
     0.666701     1.295426     0.000000
     0.777352     1.295313     0.000000
     0.888792     1.295078     0.000000
     0.999444     1.294437     0.002953
     0.000283     1.402639     0.001651
     0.111070     1.402738     0.000000
     0.222342     1.402726     0.000000
     0.333287     1.402767     0.000000
     0.444537     1.402793     0.000000
     0.555463     1.402793     0.000000
     0.666713     1.402767     0.000000
     0.777658     1.402726     0.000000
     0.888930     1.402738     0.000000
     0.999717     1.402639     0.001650
     0.000000     1.510000     0.000000
     0.111111     1.510000     0.000000
     0.222222     1.510000     0.000000
     0.333333     1.510000     0.000000
     0.444444     1.510000     0.000000
     0.555556     1.510000     0.000000
     0.666667     1.510000     0.000000
     0.777778     1.510000     0.000000
     0.888889     1.510000     0.000000
     1.000000     1.510000     0.000000
