                 0.000000                 0.001022
                 0.025424                 0.001143
                 0.050847                 0.001170
                 0.076271                 0.001084
                 0.101695                 0.000862
                 0.127119                 0.000633
                 0.152542                 0.000552
                 0.177966                 0.000596
                 0.203390                 0.000710
                 0.228814                 0.000867
                 0.254237                 0.001075
                 0.279661                 0.001317
                 0.305085                 0.001586
                 0.330508                 0.001833
                 0.355932                 0.002015
                 0.381356                 0.002118
                 0.406780                 0.006854
                 0.432203                 0.039554
                 0.457627                 0.126892
                 0.483051                 0.246242
                 0.508475                 0.335342
                 0.533898                 0.345066
                 0.559322                 0.263905
                 0.584746                 0.135343
                 0.610169                 0.039984
                 0.635593                 0.010056
                 0.661017                 0.007002
                 0.686441                 0.005767
                 0.711864                 0.005094
                 0.737288                 0.004625
                 0.762712                 0.004619
                 0.788136                 0.005073
                 0.813559                 0.005735
                 0.838983                 0.006963
                 0.864407                 0.010012
                 0.889831                 0.039933
                 0.915254                 0.135331
                 0.940678                 0.263975
                 0.966102                 0.345211
                 0.991525                 0.335520
                 1.016949                 0.246403
                 1.042373                 0.126999
                 1.067797                 0.039590
                 1.093220                 0.006851
                 1.118644                 0.002116
                 1.144068                 0.002011
                 1.169491                 0.001829
                 1.194915                 0.001582
                 1.220339                 0.001314
                 1.245763                 0.001072
                 1.271186                 0.000866
                 1.296610                 0.000708
                 1.322034                 0.000594
                 1.347458                 0.000548
                 1.372881                 0.000628
                 1.398305                 0.000857
                 1.423729                 0.001080
                 1.449153                 0.001168
                 1.474576                 0.001142
                 1.500000                 0.001022
