                 0.000000                 0.001631
                 0.012605                 0.001715
                 0.025210                 0.001801
                 0.037815                 0.001888
                 0.050420                 0.001974
                 0.063025                 0.002047
                 0.075630                 0.002094
                 0.088235                 0.002101
                 0.100840                 0.002064
                 0.113445                 0.002006
                 0.126050                 0.001949
                 0.138655                 0.001895
                 0.151261                 0.001839
                 0.163866                 0.001786
                 0.176471                 0.001746
                 0.189076                 0.001728
                 0.201681                 0.001736
                 0.214286                 0.001769
                 0.226891                 0.001829
                 0.239496                 0.001912
                 0.252101                 0.002016
                 0.264706                 0.002136
                 0.277311                 0.002271
                 0.289916                 0.002414
                 0.302521                 0.002561
                 0.315126                 0.002704
                 0.327731                 0.002831
                 0.340336                 0.002927
                 0.352941                 0.002974
                 0.365546                 0.002961
                 0.378151                 0.002882
                 0.390756                 0.002757
                 0.403361                 0.003041
                 0.415966                 0.007678
                 0.428571                 0.024903
                 0.441176                 0.060497
                 0.453782                 0.112705
                 0.466387                 0.175445
                 0.478992                 0.240318
                 0.491597                 0.298428
                 0.504202                 0.341589
                 0.516807                 0.363425
                 0.529412                 0.360089
                 0.542017                 0.330825
                 0.554622                 0.278579
                 0.567227                 0.210156
                 0.579832                 0.136207
                 0.592437                 0.070729
                 0.605042                 0.028136
                 0.617647                 0.011335
                 0.630252                 0.007666
                 0.642857                 0.006943
                 0.655462                 0.006725
                 0.668067                 0.006550
                 0.680672                 0.006378
                 0.693277                 0.006213
                 0.705882                 0.006089
                 0.718487                 0.006011
                 0.731092                 0.005971
                 0.743697                 0.005951
                 0.756303                 0.005941
                 0.768908                 0.005948
                 0.781513                 0.005989
                 0.794118                 0.006074
                 0.806723                 0.006204
                 0.819328                 0.006373
                 0.831933                 0.006548
                 0.844538                 0.006723
                 0.857143                 0.006940
                 0.869748                 0.007683
                 0.882353                 0.011407
                 0.894958                 0.028316
                 0.907563                 0.070859
                 0.920168                 0.135947
                 0.932773                 0.209254
                 0.945378                 0.276916
                 0.957983                 0.328422
                 0.970588                 0.357078
                 0.983193                 0.360021
                 0.995798                 0.338072
                 1.008403                 0.295110
                 1.021008                 0.237465
                 1.033613                 0.173241
                 1.046219                 0.111234
                 1.058824                 0.059720
                 1.071429                 0.024656
                 1.084034                 0.007713
                 1.096639                 0.003163
                 1.109244                 0.002887
                 1.121849                 0.003014
                 1.134454                 0.003093
                 1.147059                 0.003101
                 1.159664                 0.003042
                 1.172269                 0.002938
                 1.184874                 0.002812
                 1.197479                 0.002679
                 1.210084                 0.002549
                 1.222689                 0.002431
                 1.235294                 0.002328
                 1.247899                 0.002246
                 1.260504                 0.002183
                 1.273109                 0.002138
                 1.285714                 0.002106
                 1.298319                 0.002088
                 1.310924                 0.002082
                 1.323529                 0.002088
                 1.336134                 0.002101
                 1.348740                 0.002121
                 1.361345                 0.002142
                 1.373950                 0.002163
                 1.386555                 0.002189
                 1.399160                 0.002220
                 1.411765                 0.002231
                 1.424370                 0.002201
                 1.436975                 0.002135
                 1.449580                 0.002045
                 1.462185                 0.001941
                 1.474790                 0.001833
                 1.487395                 0.001727
                 1.500000                 0.001629
