                 6.900324                 0.000000
                 7.087376                 0.000001
                 7.391501                 0.000002
                 7.818392                 0.000003
                 8.367241                 0.000005
                 9.037227                 0.000007
                 9.828034                 0.000009
                10.738384                 0.000012
                11.772777                 0.000016
                12.934742                 0.000019
                14.216612                 0.000023
                15.619028                 0.000028
                17.146986                 0.000033
                18.798460                 0.000038
                20.564293                 0.000043
                22.450815                 0.000049
                24.458892                 0.000056
                26.593895                 0.000063
                28.852629                 0.000070
                31.230309                 0.000077
                33.729770                 0.000085
                36.356483                 0.000094
                39.102263                 0.000102
                41.965333                 0.000111
                44.949148                 0.000121
                48.055287                 0.000131
                51.284304                 0.000141
                54.633123                 0.000151
                58.106555                 0.000162
                61.703316                 0.000174
                65.425672                 0.000186
                69.261871                 0.000198
                73.217002                 0.000210
                77.295018                 0.000223
                81.495823                 0.000237
                85.814979                 0.000250
                90.254469                 0.000264
                94.818136                 0.000279
                99.506941                 0.000294
               104.316377                 0.000309
               109.242015                 0.000325
               114.288894                 0.000341
               119.456369                 0.000357
               124.743698                 0.000374
               130.146856                 0.000391
               135.673694                 0.000408
               141.325514                 0.000426
               147.098621                 0.000445
               152.989758                 0.000463
               159.000175                 0.000482
               165.131254                 0.000502
               171.384161                 0.000522
               177.749899                 0.000542
               184.234250                 0.000563
               190.843043                 0.000584
               197.573302                 0.000605
               204.424187                 0.000627
               211.392199                 0.000649
               218.481770                 0.000671
               225.691067                 0.000694
               233.017869                 0.000717
               240.457074                 0.000741
               248.018055                 0.000765
               255.700230                 0.000790
               263.501846                 0.000814
               271.420171                 0.000840
               279.459763                 0.000865
               287.620643                 0.000891
               295.898641                 0.000917
               304.291245                 0.000944
               312.797660                 0.000971
               321.426391                 0.000998
               330.173055                 0.001026
               339.035311                 0.001054
               348.015799                 0.001083
               357.118041                 0.001112
               365.915585                 0.001141
               372.299706                 0.001171
               378.512804                 0.001201
               383.751721                 0.001231
               389.181520                 0.001262
               393.835317                 0.001293
               398.739580                 0.001325
               403.218232                 0.001357
               408.439073                 0.001389
               412.945367                 0.001422
               417.947207                 0.001455
               422.899496                 0.001489
               427.425920                 0.001522
               432.612919                 0.001557
               437.471188                 0.001591
               442.137254                 0.001626
               447.222417                 0.001661
               452.065852                 0.001697
               456.810601                 0.001733
               462.085907                 0.001769
               466.466637                 0.001806
               471.679940                 0.001843
               476.403935                 0.001881
               481.322666                 0.001919
               486.312100                 0.001957
               491.089767                 0.001996
               495.972346                 0.002035
               500.896765                 0.002074
               505.504343                 0.002114
               510.642686                 0.002154
               515.469551                 0.002194
               520.256873                 0.002235
               525.112273                 0.002276
               529.974819                 0.002318
               534.743935                 0.002360
               539.410272                 0.002402
               544.255660                 0.002445
               548.682933                 0.002488
               553.430552                 0.002531
               558.244794                 0.002575
               562.842493                 0.002619
               567.478430                 0.002663
               572.115513                 0.002708
               576.322853                 0.002753
               581.004516                 0.002799
               585.531524                 0.002845
               589.922605                 0.002891
               594.637974                 0.002938
               598.553641                 0.002985
               602.532741                 0.003032
               606.709366                 0.003080
               610.763423                 0.003128
               614.498074                 0.003176
               618.492026                 0.003225
               622.014822                 0.003274
               625.799436                 0.003323
               628.074944                 0.003373
               632.316262                 0.003423
               635.080413                 0.003474
               638.461472                 0.003525
               641.287420                 0.003576
               644.752684                 0.003628
               647.385250                 0.003680
               650.429291                 0.003732
               653.576471                 0.003784
               655.981880                 0.003837
               658.590265                 0.003891
               661.321416                 0.003945
               663.487552                 0.003999
               666.442982                 0.004053
               668.277267                 0.004108
               670.359471                 0.004163
               673.171546                 0.004218
               674.567754                 0.004274
               676.782702                 0.004330
               678.893331                 0.004387
               680.633631                 0.004443
               681.896752                 0.004501
               684.041479                 0.004558
               685.567025                 0.004616
               687.006294                 0.004674
               688.455845                 0.004733
               689.880657                 0.004792
               691.369023                 0.004851
               691.961919                 0.004910
               693.841475                 0.004970
               694.902389                 0.005030
               696.034130                 0.005091
               696.338546                 0.005152
               697.342987                 0.005213
               698.113048                 0.005275
               698.364370                 0.005337
               699.188865                 0.005399
               699.306294                 0.005461
               699.734581                 0.005524
               700.224974                 0.005588
               700.186448                 0.005651
               700.516143                 0.005715
               700.041669                 0.005779
               700.049128                 0.005844
               699.275830                 0.005909
               698.640280                 0.005974
               697.694271                 0.006040
               696.699802                 0.006106
               694.943324                 0.006172
               693.803159                 0.006238
               691.836022                 0.006305
               689.687090                 0.006372
               687.579116                 0.006440
               685.021537                 0.006508
               676.854562                 0.006576
               678.019224                 0.006644
               675.203178                 0.006713
               667.520250                 0.006782
               667.724227                 0.006852
               664.934396                 0.006922
               655.419140                 0.006992
               655.399692                 0.007062
               652.595767                 0.007133
               643.659493                 0.007204
               640.630889                 0.007275
               638.835376                 0.007347
               628.529762                 0.007419
               625.100453                 0.007492
               622.938063                 0.007564
               613.421895                 0.007637
               607.107361                 0.007710
               606.521880                 0.007784
               597.329702                 0.007858
               589.457762                 0.007932
               588.942365                 0.008007
               581.566072                 0.008081
               573.184101                 0.008157
               570.771207                 0.008232
               564.318985                 0.008308
               553.850341                 0.008384
               551.406090                 0.008460
               546.583475                 0.008537
               537.121799                 0.008614
               532.189885                 0.008691
               527.555649                 0.008769
               519.008029                 0.008847
               512.788823                 0.008925
               509.837711                 0.009003
               501.436357                 0.009082
               493.934042                 0.009161
               489.496319                 0.009240
               482.814748                 0.009320
               476.015703                 0.009400
               470.841942                 0.009480
               464.535258                 0.009561
               457.053951                 0.009642
               451.812667                 0.009723
               446.431202                 0.009804
               439.805827                 0.009886
               433.433857                 0.009968
               427.824993                 0.010050
               421.505561                 0.010133
               417.022237                 0.010216
               409.609587                 0.010299
               404.213978                 0.010383
               397.181950                 0.010466
               391.348354                 0.010550
               385.723577                 0.010635
               379.343273                 0.010719
               373.959195                 0.010804
               368.674297                 0.010889
               362.652113                 0.010975
               357.910012                 0.011061
               352.396559                 0.011147
               347.031798                 0.011233
               341.168117                 0.011320
               335.651577                 0.011406
               330.332694                 0.011494
               325.164276                 0.011581
               318.206960                 0.011669
               314.910351                 0.011757
               310.075988                 0.011845
               304.850008                 0.011933
               298.820558                 0.012022
               294.472585                 0.012111
               289.174147                 0.012201
               284.563495                 0.012290
               279.401760                 0.012380
               275.272745                 0.012470
               269.966600                 0.012560
               265.631153                 0.012651
               260.532698                 0.012742
               256.222655                 0.012833
               251.633722                 0.012925
               247.370006                 0.013016
               242.673564                 0.013108
               238.681711                 0.013201
               234.151290                 0.013293
               230.346166                 0.013386
               225.954229                 0.013479
               221.680515                 0.013572
               217.660375                 0.013666
               213.765295                 0.013759
               209.603472                 0.013853
               205.640138                 0.013948
               201.737837                 0.014042
               198.064762                 0.014137
               194.563812                 0.014232
               190.511728                 0.014327
               187.134261                 0.014423
               183.296211                 0.014519
               179.893547                 0.014615
               176.652323                 0.014711
               173.207761                 0.014807
               169.470544                 0.014904
               166.264152                 0.015001
               163.112549                 0.015098
               159.803654                 0.015196
               156.830588                 0.015294
               153.743846                 0.015391
               150.496387                 0.015490
               147.630171                 0.015588
               144.754362                 0.015687
               141.792069                 0.015786
               138.730613                 0.015885
               136.082043                 0.015984
               133.180931                 0.016084
               130.706603                 0.016184
               127.811786                 0.016284
               125.518452                 0.016384
               122.886260                 0.016485
               118.971124                 0.016585
               116.659031                 0.016686
               113.686214                 0.016787
               112.352203                 0.016889
               111.435694                 0.016991
               108.637055                 0.017092
               106.357606                 0.017195
               103.867522                 0.017297
               101.621398                 0.017399
                99.320881                 0.017502
                97.536491                 0.017605
                95.370549                 0.017708
                92.627188                 0.017812
                91.233332                 0.017915
                89.399612                 0.018019
                87.026696                 0.018123
                85.451795                 0.018227
                84.041181                 0.018332
                80.275790                 0.018437
                78.691093                 0.018541
                77.866126                 0.018647
                76.807223                 0.018752
                74.455037                 0.018857
                73.129115                 0.018963
                71.252910                 0.019069
                70.847278                 0.019175
                69.087632                 0.019281
                66.607032                 0.019388
                65.291841                 0.019495
                64.334638                 0.019602
                64.093496                 0.019709
                62.001960                 0.019816
                60.723330                 0.019924
                59.289427                 0.020031
                58.099418                 0.020139
                55.760215                 0.020247
                55.082917                 0.020355
                52.992607                 0.020464
                52.120507                 0.020573
                51.344497                 0.020681
                49.197038                 0.020790
                49.724796                 0.020900
                51.141294                 0.021009
                48.035557                 0.021119
                46.849951                 0.021228
                46.024797                 0.021338
                43.406930                 0.021448
                42.957516                 0.021559
                42.201847                 0.021669
                42.226289                 0.021780
                41.994645                 0.021891
                39.907314                 0.022002
                39.673280                 0.022113
                38.165325                 0.022224
                38.115650                 0.022336
                38.012252                 0.022448
                35.491041                 0.022559
                35.848625                 0.022672
                36.841059                 0.022784
                33.241376                 0.022896
                34.139220                 0.023009
                33.355731                 0.023121
                32.534159                 0.023234
                31.905492                 0.023347
                31.277078                 0.023460
                28.016278                 0.023574
                29.806486                 0.023687
                29.029126                 0.023801
                27.268854                 0.023915
                27.980997                 0.024029
                28.487371                 0.024143
                27.016866                 0.024257
                26.732729                 0.024372
                26.458448                 0.024486
                25.224399                 0.024601
                25.036393                 0.024716
                24.301295                 0.024831
                23.738819                 0.024946
                24.786044                 0.025061
                23.097663                 0.025177
                23.689337                 0.025293
                22.977274                 0.025408
                23.694086                 0.025524
                20.960464                 0.025640
                21.629216                 0.025756
                21.546813                 0.025873
                20.100668                 0.025989
                20.165490                 0.026106
                22.199017                 0.026223
                21.631967                 0.026339
                19.534328                 0.026456
                19.929154                 0.026574
                19.079612                 0.026691
                18.825847                 0.026808
                18.423037                 0.026926
                18.759078                 0.027043
                18.971895                 0.027161
                17.264801                 0.027279
                19.040548                 0.027397
                17.268742                 0.027515
                18.361334                 0.027633
                17.145621                 0.027752
                17.380764                 0.027870
                16.356039                 0.027989
                16.055479                 0.028108
                16.299938                 0.028226
                16.473621                 0.028345
                16.817837                 0.028464
                15.511582                 0.028584
                15.907257                 0.028703
                15.737428                 0.028822
                15.643532                 0.028942
                15.460497                 0.029061
                15.021083                 0.029181
                13.412168                 0.029301
                14.844753                 0.029421
                15.901804                 0.029541
                15.415608                 0.029661
                15.949504                 0.029781
                14.217902                 0.029902
                16.839885                 0.030022
                14.238600                 0.030143
                14.004426                 0.030263
                13.327282                 0.030384
                15.159616                 0.030505
                13.811022                 0.030626
                13.690718                 0.030747
                13.951373                 0.030868
                13.623362                 0.030989
                13.571597                 0.031110
                13.617148                 0.031231
                13.013199                 0.031353
                12.397121                 0.031474
                13.636159                 0.031596
                12.409114                 0.031718
                13.103913                 0.031839
                12.680438                 0.031961
                12.110622                 0.032083
                13.663032                 0.032205
                11.508224                 0.032327
                13.069724                 0.032449
                12.389052                 0.032571
                13.802025                 0.032694
                12.523048                 0.032816
                13.049601                 0.032938
                11.844719                 0.033061
                12.368968                 0.033184
                11.142525                 0.033306
                13.741219                 0.033429
                 9.432657                 0.033552
                12.309660                 0.033674
                11.139149                 0.033797
                 9.426548                 0.033920
                14.808729                 0.034043
                 8.039834                 0.034166
                11.241575                 0.034289
                12.089364                 0.034412
                 7.692762                 0.034536
                17.317588                 0.034659
                 7.065952                 0.034782
                14.823146                 0.034906
                 9.102871                 0.035029
                 6.554463                 0.035153
                14.421093                 0.035276
                 5.295329                 0.035400
                11.990974                 0.035523
                 8.507594                 0.035647
                 6.681814                 0.035771
                15.944198                 0.035894
                 4.911048                 0.036018
                14.783553                 0.036142
                10.428063                 0.036266
                10.974508                 0.036390
                13.131016                 0.036513
                 5.792804                 0.036637
                14.177832                 0.036761
                 7.044243                 0.036885
                11.173621                 0.037009
                10.978260                 0.037134
                 3.463927                 0.037258
                13.109325                 0.037382
                 6.248118                 0.037506
                 8.595908                 0.037630
                10.898865                 0.037754
                 7.603966                 0.037879
                14.316999                 0.038003
                 7.814258                 0.038127
                11.884241                 0.038251
                12.295965                 0.038376
                 7.878138                 0.038500
                13.414282                 0.038624
                 6.627665                 0.038749
                 7.907178                 0.038873
                 8.478860                 0.038997
                 4.938999                 0.039122
                11.940171                 0.039246
                 3.853663                 0.039370
                10.676461                 0.039495
                10.935013                 0.039619
                 4.614429                 0.039744
                13.333201                 0.039868
                 5.515018                 0.039992
