                 3.518172                 0.000005
                 7.819770                 0.000020
                14.988420                 0.000044
                25.011890                 0.000079
                37.883727                 0.000123
                53.586110                 0.000177
                72.107327                 0.000240
                93.421336                 0.000313
               117.510529                 0.000396
               144.344025                 0.000488
               173.897920                 0.000590
               206.136462                 0.000701
               241.029274                 0.000821
               278.534153                 0.000950
               318.615608                 0.001088
               360.637192                 0.001234
               387.945942                 0.001390
               412.071371                 0.001554
               436.040478                 0.001726
               459.522903                 0.001906
               482.662829                 0.002094
               505.566792                 0.002290
               528.160243                 0.002494
               550.385826                 0.002705
               572.031933                 0.002923
               591.742573                 0.003148
               609.325719                 0.003380
               625.311051                 0.003619
               639.619499                 0.003863
               652.434592                 0.004114
               663.725793                 0.004371
               673.393637                 0.004633
               681.404107                 0.004900
               687.874062                 0.005173
               692.525979                 0.005450
               695.080314                 0.005732
               694.950326                 0.006018
               690.933743                 0.006307
               681.339515                 0.006601
               666.033933                 0.006898
               646.234712                 0.007197
               623.472962                 0.007500
               599.118020                 0.007805
               574.123459                 0.008112
               549.097228                 0.008421
               524.384302                 0.008732
               500.212114                 0.009044
               476.707747                 0.009357
               453.994894                 0.009670
               432.149409                 0.009984
