     0.872894    -0.009681     0.000000
     0.912550    -0.002688     0.000000
     0.952207     0.004304     0.000000
     0.991819     0.011687     0.000000
     0.667618    -0.004987     0.000000
     0.707274     0.002006     0.000000
     0.746931     0.008998     0.000000
     0.786648     0.016274     0.000000
     0.826272     0.023335     0.000000
     0.865982     0.029983     0.000195
     0.905613     0.037001     0.000448
     0.944950     0.043983     0.000563
     0.984494     0.051251     0.000000
     0.422685    -0.007285     0.000000
     0.462342    -0.000293     0.000000
     0.501998     0.006700     0.000000
     0.541683     0.013977     0.000000
     0.581339     0.020789     0.000000
     0.620997     0.027999     0.000000
     0.660694     0.034646     0.000014
     0.700293     0.041740     0.000049
     0.739947     0.048671     0.000056
     0.779493     0.055895     0.000000
     0.819443     0.062898     0.000000
     0.858893     0.069945     0.000293
     0.898494     0.076956     0.000496
     0.937807     0.084157     0.000532
     0.977486     0.091025     0.000000
     0.177752    -0.009584     0.000000
     0.217409    -0.002591     0.000000
     0.257066     0.004401     0.000000
     0.296711     0.011876     0.000000
     0.336376     0.018549     0.000000
     0.376042     0.025832     0.000000
     0.415760     0.032318     0.000000
     0.455389     0.039466     0.000096
     0.494924     0.046348     0.000000
     0.534688     0.053598     0.000000
     0.574323     0.060485     0.000000
     0.614076     0.067545     0.000000
     0.653721     0.074462     0.000000
     0.693369     0.081520     0.000000
     0.732987     0.088502     0.000000
     0.772662     0.095547     0.000000
     0.812222     0.102610     0.000000
     0.851925     0.109706     0.000000
     0.891536     0.116735     0.000060
     0.931193     0.123770     0.000107
     0.970766     0.130655     0.000131
     0.012133     0.002103     0.000000
     0.051790     0.009095     0.000163
     0.091462     0.016871     0.000000
     0.131070     0.023612     0.000139
     0.170881     0.030082     0.000109
     0.210413     0.037173     0.000232
     0.249926     0.044092     0.000074
     0.289684     0.051459     0.000000
     0.329380     0.058272     0.000000
     0.369121     0.065335     0.000000
     0.408789     0.072175     0.000000
     0.448399     0.079300     0.000000
     0.488092     0.086113     0.000000
     0.527696     0.093236     0.000000
     0.567393     0.100140     0.000000
     0.607016     0.107261     0.000000
     0.646689     0.114117     0.000000
     0.686329     0.121197     0.000000
     0.725980     0.128137     0.000000
     0.765609     0.135293     0.000000
     0.805264     0.142250     0.000000
     0.844882     0.149378     0.000000
     0.884434     0.156422     0.000000
     0.924100     0.163670     0.000000
     0.963681     0.170674     0.000226
     0.005234     0.041811     0.000380
     0.044693     0.048820     0.000759
     0.084206     0.056429     0.000061
     0.124296     0.063262     0.000000
     0.163745     0.070104     0.000043
     0.203508     0.077211     0.000000
     0.243090     0.083935     0.000041
     0.282797     0.091137     0.000000
     0.322444     0.097907     0.000000
     0.362161     0.105139     0.000000
     0.401784     0.111797     0.000000
     0.441506     0.118953     0.000000
     0.481077     0.125782     0.000000
     0.520804     0.132983     0.000000
     0.560402     0.139817     0.000000
     0.600147     0.146940     0.000000
     0.639735     0.153823     0.000000
     0.679432     0.160949     0.000000
     0.718978     0.167881     0.000000
     0.758680     0.174991     0.000000
     0.798206     0.182022     0.000000
     0.837933     0.189173     0.000000
     0.877505     0.196162     0.000000
     0.917251     0.203153     0.000000
     0.956864     0.210144     0.000048
     0.996372     0.217495     0.000000
     0.038239     0.089168     0.000952
     0.077396     0.096096     0.000016
     0.117465     0.102989     0.000000
     0.156839     0.109829     0.000000
     0.196740     0.116740     0.000000
     0.236155     0.123722     0.000000
     0.275938     0.130777     0.000000
     0.315496     0.137687     0.000000
     0.355230     0.144678     0.000000
     0.394864     0.151637     0.000000
     0.434498     0.158673     0.000000
     0.474181     0.165564     0.000000
     0.513776     0.172576     0.000000
     0.553467     0.179540     0.000000
     0.593034     0.186591     0.000000
     0.632733     0.193559     0.000000
     0.672306     0.200603     0.000000
     0.712022     0.207595     0.000000
     0.751572     0.214684     0.000000
     0.791290     0.221668     0.000000
     0.830805     0.228748     0.000000
     0.870492     0.235858     0.000001
     0.909975     0.243036     0.000135
     0.949482     0.250286     0.000148
     0.989109     0.257197     0.000000
     0.031040     0.129063     0.000232
     0.070685     0.135897     0.000028
     0.110404     0.142738     0.000000
     0.149946     0.149721     0.000033
     0.189664     0.156696     0.000000
     0.229224     0.163527     0.000000
     0.269007     0.170547     0.000000
     0.308579     0.177385     0.000000
     0.348345     0.184503     0.000000
     0.387909     0.191259     0.000000
     0.427668     0.198374     0.000000
     0.467203     0.205224     0.000000
     0.506940     0.212399     0.000000
     0.546491     0.219216     0.000000
     0.586228     0.226351     0.000000
     0.625771     0.233194     0.000000
     0.665486     0.240348     0.000000
     0.704982     0.247264     0.000000
     0.744701     0.254421     0.000000
     0.784158     0.261454     0.000000
     0.823925     0.268628     0.000000
     0.863368     0.275591     0.000000
     0.903201     0.282679     0.000000
     0.942726     0.289614     0.000059
     0.982352     0.296896     0.000000
     0.024482     0.168954     0.000000
     0.064080     0.175736     0.000000
     0.103673     0.182594     0.000022
     0.143306     0.189450     0.000000
     0.182920     0.196331     0.000000
     0.222539     0.203269     0.000000
     0.262121     0.210201     0.000000
     0.301775     0.217160     0.000000
     0.341366     0.224059     0.000000
     0.381054     0.231103     0.000000
     0.420601     0.238046     0.000000
     0.460337     0.245028     0.000000
     0.499854     0.251935     0.000000
     0.539592     0.258992     0.000000
     0.579057     0.265953     0.000000
     0.618824     0.273021     0.000000
     0.658247     0.279999     0.000000
     0.698070     0.287053     0.000000
     0.737447     0.294078     0.000000
     0.777334     0.301082     0.000000
     0.816632     0.308137     0.000000
     0.856562     0.315297     0.000074
     0.895725     0.322416     0.000159
     0.935462     0.329920     0.000020
     0.974914     0.336706     0.000049
     0.017374     0.208710     0.000000
     0.057045     0.215483     0.000068
     0.096702     0.222393     0.000200
     0.136152     0.229304     0.000087
     0.175870     0.236267     0.000000
     0.215466     0.243076     0.000000
     0.255229     0.250060     0.000000
     0.294833     0.256880     0.000000
     0.334549     0.263955     0.000000
     0.374143     0.270717     0.000000
     0.413852     0.277816     0.000000
     0.453390     0.284680     0.000000
     0.493073     0.291843     0.000000
     0.532623     0.298662     0.000000
     0.572308     0.305779     0.000000
     0.611839     0.312600     0.000000
     0.651541     0.319753     0.000009
     0.690989     0.326675     0.000000
     0.730710     0.333838     0.000000
     0.770054     0.340908     0.000000
     0.809871     0.348078     0.000000
     0.849141     0.355046     0.000000
     0.889064     0.362321     0.000000
     0.928445     0.368740     0.000232
     0.968334     0.376513     0.000056
     0.010994     0.248600     0.000000
     0.050649     0.255347     0.000322
     0.089899     0.262406     0.000182
     0.129735     0.269119     0.000000
     0.169206     0.275916     0.000000
     0.208945     0.282800     0.000000
     0.248387     0.289664     0.000000
     0.288102     0.296652     0.000000
     0.327590     0.303478     0.000000
     0.367302     0.310581     0.000061
     0.406728     0.317468     0.000000
     0.446529     0.324506     0.000000
     0.485979     0.331324     0.000000
     0.525757     0.338484     0.000000
     0.565154     0.345357     0.000000
     0.604973     0.352519     0.000148
     0.644155     0.359427     0.000094
     0.684113     0.366527     0.000108
     0.723201     0.373513     0.000109
     0.763327     0.380499     0.000045
     0.802279     0.387529     0.000000
     0.842636     0.394730     0.000024
     0.881453     0.401766     0.000000
     0.921944     0.409768     0.000028
     0.959828     0.416170     0.007117
     0.003785     0.288252     0.000000
     0.043216     0.295377     0.000241
     0.082898     0.302114     0.000045
     0.122498     0.308891     0.000000
     0.162128     0.315844     0.000000
     0.201857     0.322646     0.000000
     0.241496     0.329608     0.000000
     0.281226     0.336408     0.000000
     0.320782     0.343455     0.000000
     0.360482     0.350248     0.000000
     0.400057     0.357289     0.000008
     0.439655     0.364149     0.000038
     0.479195     0.371316     0.000012
     0.518797     0.378141     0.000000
     0.558456     0.385186     0.000101
     0.597924     0.392184     0.000133
     0.637681     0.399218     0.000204
     0.676988     0.406223     0.000417
     0.716686     0.413283     0.000020
     0.755932     0.420513     0.000219
     0.795734     0.427407     0.000301
     0.834705     0.434574     0.000101
     0.874583     0.441575     0.000300
     0.913225     0.447871     0.000257
     0.956483     0.456629     0.002349
     0.990698     0.471149     0.000000
     0.036955     0.335163     0.000779
     0.076204     0.342068     0.000000
     0.116299     0.348776     0.000000
     0.155622     0.355450     0.000000
     0.195468     0.362344     0.000042
     0.234726     0.369146     0.000065
     0.274504     0.376168     0.000132
     0.313866     0.382939     0.000221
     0.353595     0.390090     0.000370
     0.392865     0.396962     0.000223
     0.432733     0.404017     0.000202
     0.472085     0.410763     0.000048
     0.512001     0.417931     0.000000
     0.551294     0.424860     0.000079
     0.591096     0.432073     0.000284
     0.630263     0.438983     0.000396
     0.669925     0.446345     0.000523
     0.708955     0.452887     0.000186
     0.749393     0.460064     0.000474
     0.787805     0.467291     0.000185
     0.828325     0.473983     0.000648
     0.867513     0.481727     0.001187
     0.908617     0.489188     0.024555
     0.935251     0.494719     0.029836
     0.972527     0.507588     0.003163
     0.029829     0.375513     0.000774
     0.069383     0.381704     0.000264
     0.109085     0.388444     0.000584
     0.148437     0.395417     0.000360
     0.188452     0.402279     0.000251
     0.227795     0.409223     0.000000
     0.267916     0.416013     0.000000
     0.307105     0.423089     0.000067
     0.347098     0.429996     0.000037
     0.386345     0.436888     0.000184
     0.426187     0.443768     0.000429
     0.465207     0.450835     0.000414
     0.505046     0.457549     0.000411
     0.544314     0.464641     0.000262
     0.584176     0.471822     0.000275
     0.623414     0.478809     0.000000
     0.663436     0.486247     0.000000
     0.703116     0.492639     0.001719
     0.741205     0.500438     0.001209
     0.781858     0.506788     0.001066
     0.820855     0.515136     0.011946
     0.857399     0.518064     0.017213
     0.890188     0.538311     0.017571
     0.926029     0.543981     0.012400
     0.965836     0.549748     0.001080
     0.024083     0.415463     0.001298
     0.063602     0.421789     0.000000
     0.103515     0.428916     0.000360
     0.142587     0.435029     0.000616
     0.182198     0.442108     0.001046
     0.221068     0.448602     0.000863
     0.260833     0.455659     0.000894
     0.299996     0.462458     0.000568
     0.339889     0.469615     0.000272
     0.379179     0.476539     0.000020
     0.419171     0.483847     0.000000
     0.458593     0.490455     0.000000
     0.498653     0.497693     0.001256
     0.537038     0.504340     0.001354
     0.577144     0.511764     0.000858
     0.615832     0.518371     0.000878
     0.656275     0.525505     0.000922
     0.694039     0.533608     0.001134
     0.735679     0.540286     0.005538
     0.772511     0.545711     0.011147
     0.809391     0.559018     0.022750
     0.839801     0.565744     0.023929
     0.878184     0.572726     0.002412
     0.919393     0.580404     0.000363
     0.958499     0.587721     0.001499
     0.017410     0.456195     0.008014
     0.055680     0.460935     0.004374
     0.096201     0.468412     0.002026
     0.135310     0.475282     0.000453
     0.175874     0.482627     0.000080
     0.214950     0.489336     0.000166
     0.255242     0.496020     0.001386
     0.293459     0.502955     0.001529
     0.333659     0.509665     0.001203
     0.372233     0.516286     0.001109
     0.412622     0.523292     0.000694
     0.451306     0.530082     0.000883
     0.491517     0.537871     0.000648
     0.530416     0.544838     0.000944
     0.570445     0.551680     0.001020
     0.609416     0.558639     0.001765
     0.648222     0.566190     0.001604
     0.689064     0.571938     0.006542
     0.724995     0.582269     0.019467
     0.758460     0.589348     0.023123
     0.792868     0.600954     0.006398
     0.834862     0.609061     0.001539
     0.873781     0.616021     0.002265
     0.912648     0.623581     0.001428
     0.951481     0.630046     0.001961
     0.017483     0.499795     0.007339
     0.055494     0.503428     0.013249
     0.091214     0.509463     0.013050
     0.129460     0.514738     0.008392
     0.168265     0.521545     0.005729
     0.207913     0.528105     0.003593
     0.247703     0.536014     0.002279
     0.287230     0.542858     0.001411
     0.327112     0.549761     0.001307
     0.366209     0.556699     0.001704
     0.405629     0.563583     0.001543
     0.444863     0.570404     0.001971
     0.484006     0.577235     0.001341
     0.523611     0.584359     0.001091
     0.563087     0.591640     0.001468
     0.601504     0.599079     0.001808
     0.643238     0.605255     0.013173
     0.674939     0.615232     0.021589
     0.710674     0.626195     0.011262
     0.747876     0.634992     0.006931
     0.787967     0.638991     0.002675
     0.826312     0.645887     0.002048
     0.865170     0.653393     0.001200
     0.904958     0.660579     0.000313
     0.944969     0.667888     0.000352
     0.984216     0.676133     0.000000
     0.011679     0.539949     0.000748
     0.051722     0.546934     0.004275
     0.090766     0.554163     0.006866
     0.129356     0.558431     0.009216
     0.167249     0.564547     0.011465
     0.204626     0.570092     0.010850
     0.242605     0.576360     0.008219
     0.281300     0.583148     0.005109
     0.320450     0.589714     0.003519
     0.359845     0.596807     0.001981
     0.399706     0.603415     0.001984
     0.438337     0.610879     0.002064
     0.478037     0.617947     0.002053
     0.516521     0.624683     0.001978
     0.555567     0.632169     0.001956
     0.596943     0.637731     0.015817
     0.626879     0.651111     0.024118
     0.662900     0.659753     0.010039
     0.702454     0.664447     0.002862
     0.742575     0.672742     0.002803
     0.780466     0.681430     0.002128
     0.820056     0.689730     0.001842
     0.858999     0.696035     0.001338
     0.898613     0.702908     0.001870
     0.936683     0.709731     0.001656
     0.976353     0.716068     0.000000
     0.044989     0.585514     0.002170
     0.084093     0.592318     0.000793
     0.124649     0.598513     0.002881
     0.162806     0.605917     0.006352
     0.202148     0.612642     0.008692
     0.239790     0.619145     0.011059
     0.277657     0.624725     0.010821
     0.316256     0.631038     0.010906
     0.353719     0.637033     0.009938
     0.392286     0.644168     0.007828
     0.431431     0.650976     0.004516
     0.470536     0.657728     0.002537
     0.509635     0.665267     0.002467
     0.551221     0.670750     0.020207
     0.578820     0.684955     0.025034
     0.616933     0.694205     0.002796
     0.659071     0.698840     0.002449
     0.696132     0.706472     0.007716
     0.733116     0.715720     0.003552
     0.773137     0.719458     0.001770
     0.812479     0.726480     0.001763
     0.851784     0.733514     0.001431
     0.891021     0.741215     0.000968
     0.930951     0.748474     0.000356
     0.970765     0.755619     0.000000
     0.039447     0.627749     0.002059
     0.078519     0.633845     0.001231
     0.118306     0.639625     0.001550
     0.157784     0.647101     0.001647
     0.197477     0.653351     0.001556
     0.236905     0.660993     0.002153
     0.276803     0.666850     0.004731
     0.314561     0.673766     0.007435
     0.353206     0.680879     0.009546
     0.391478     0.686086     0.013356
     0.426376     0.692869     0.011688
     0.465158     0.699105     0.008929
     0.504360     0.703467     0.031272
     0.532381     0.720032     0.029727
     0.570860     0.728039     0.003073
     0.613906     0.729674     0.002847
     0.649538     0.740563     0.004343
     0.689702     0.748381     0.001841
     0.728986     0.753983     0.001589
     0.768804     0.761876     0.003870
     0.805708     0.770243     0.004164
     0.845328     0.776361     0.001821
     0.884200     0.782775     0.002238
     0.923247     0.789313     0.000989
     0.962582     0.795480     0.000425
     0.033032     0.666420     0.000000
     0.073042     0.672661     0.001210
     0.111915     0.678875     0.003897
     0.149653     0.686199     0.003224
     0.189155     0.693067     0.002300
     0.227815     0.699490     0.001762
     0.267712     0.706944     0.001574
     0.306640     0.714090     0.001946
     0.347504     0.720007     0.005692
     0.382817     0.730644     0.005674
     0.424847     0.736579     0.005863
     0.462982     0.738756     0.033408
     0.492049     0.758438     0.036921
     0.528595     0.762771     0.010516
     0.569427     0.763922     0.008385
     0.604560     0.775674     0.011599
     0.642399     0.780610     0.004980
     0.682650     0.786654     0.003562
     0.720198     0.796011     0.002205
     0.760477     0.800884     0.001688
     0.799381     0.808768     0.001776
     0.839602     0.813682     0.001756
     0.878044     0.822434     0.002616
     0.917893     0.828456     0.000548
     0.958023     0.835525     0.000397
     0.026953     0.707348     0.000525
     0.066354     0.714076     0.000883
     0.105859     0.721887     0.001121
     0.145717     0.728181     0.001141
     0.185320     0.734299     0.001817
     0.224019     0.741326     0.002444
     0.263301     0.747393     0.002524
     0.302246     0.753712     0.005783
     0.338572     0.763824     0.003731
     0.379315     0.768078     0.002886
     0.419560     0.773429     0.022078
     0.447400     0.792612     0.027687
     0.485877     0.797206     0.004002
     0.527625     0.803744     0.005812
     0.562605     0.811080     0.012884
     0.600756     0.815796     0.009333
     0.639905     0.822379     0.010343
     0.676349     0.829449     0.008713
     0.715922     0.834808     0.004751
     0.755087     0.842026     0.004952
     0.793330     0.851039     0.002281
     0.833018     0.856713     0.001775
     0.871663     0.864039     0.002111
     0.911267     0.868914     0.002805
     0.948872     0.875214     0.003352
     0.019826     0.746312     0.000000
     0.059347     0.752658     0.001889
     0.097938     0.758937     0.001719
     0.137190     0.766297     0.001526
     0.175811     0.773724     0.001029
     0.216246     0.780474     0.001425
     0.255091     0.787538     0.003523
     0.293283     0.796962     0.003248
     0.333263     0.801403     0.003110
     0.373862     0.810133     0.024564
     0.399797     0.824650     0.024903
     0.440910     0.830695     0.002352
     0.480560     0.837516     0.002106
     0.518691     0.845038     0.002328
     0.558958     0.851615     0.003841
     0.597671     0.858394     0.007294
     0.634966     0.865253     0.008392
     0.673816     0.870855     0.010150
     0.710888     0.877457     0.011307
     0.748344     0.882923     0.010784
     0.786443     0.889316     0.005250
     0.827233     0.894252     0.003996
     0.865782     0.903133     0.001958
     0.906598     0.909997     0.000466
     0.945861     0.916927     0.002745
     0.984341     0.923586     0.000000
     0.053031     0.794818     0.001067
     0.091903     0.802387     0.000612
     0.132329     0.808604     0.000371
     0.171978     0.814381     0.001367
     0.210661     0.821292     0.003918
     0.248499     0.828830     0.004425
     0.288306     0.835297     0.006516
     0.326135     0.842737     0.025618
     0.354070     0.857654     0.019413
     0.395163     0.863849     0.002318
     0.434716     0.870613     0.001643
     0.472935     0.878456     0.001557
     0.513367     0.884379     0.001649
     0.551449     0.892302     0.001870
     0.591572     0.899192     0.001725
     0.630610     0.906191     0.003056
     0.670527     0.913277     0.004174
     0.708786     0.919802     0.007096
     0.748593     0.926835     0.010145
     0.785210     0.932826     0.013155
     0.822884     0.938241     0.014887
     0.858229     0.944531     0.010452
     0.898585     0.948081     0.007155
     0.935920     0.956969     0.006202
     0.976126     0.962531     0.000306
     0.044902     0.833027     0.000503
     0.084953     0.838719     0.001030
     0.124125     0.845789     0.002226
     0.162352     0.854025     0.001268
     0.203494     0.861991     0.002757
     0.241545     0.869599     0.011982
     0.277856     0.877584     0.024476
     0.307989     0.891399     0.017804
     0.348463     0.896916     0.002006
     0.388335     0.903913     0.001632
     0.426382     0.911215     0.001274
     0.467080     0.917950     0.001140
     0.505225     0.925349     0.001251
     0.545623     0.932152     0.001848
     0.583846     0.938715     0.001277
     0.624129     0.946085     0.001470
     0.662530     0.952460     0.000973
     0.703326     0.959983     0.001492
     0.741783     0.966448     0.001788
     0.782818     0.974679     0.003636
     0.821448     0.980707     0.006389
     0.861485     0.987712     0.009963
     0.898604     0.992240     0.015666
     0.935100     1.000349     0.013509
     0.974086     1.003454     0.004949
     0.040557     0.874808     0.000953
     0.079365     0.882503     0.000622
     0.118503     0.889786     0.001982
     0.158313     0.894039     0.009594
     0.194276     0.900997     0.015997
     0.229419     0.913301     0.021878
     0.261470     0.923301     0.012609
     0.302800     0.929911     0.001815
     0.341564     0.936430     0.001330
     0.380883     0.944637     0.001454
     0.420172     0.950528     0.001062
     0.459729     0.958519     0.000935
     0.499104     0.964410     0.000740
     0.538973     0.972999     0.000943
     0.577839     0.979232     0.000792
     0.618095     0.986636     0.001134
     0.656706     0.993074     0.001355
     0.696751     1.000120     0.001419
     0.735185     1.006825     0.001387
     0.775295     1.013717     0.000169
     0.814348     1.020501     0.000180
     0.854774     1.027787     0.000836
     0.893594     1.034712     0.002936
     0.933903     1.041629     0.003525
     0.972317     1.045336     0.006341
     0.030154     0.912906     0.000873
     0.070249     0.918324     0.000652
     0.112384     0.925335     0.005524
     0.147776     0.939009     0.025543
     0.179611     0.946538     0.024424
     0.215588     0.956762     0.008774
     0.255340     0.961888     0.001104
     0.295624     0.970813     0.000979
     0.333527     0.977063     0.000904
     0.374551     0.984370     0.000736
     0.412583     0.991038     0.001028
     0.453319     0.998122     0.001310
     0.491152     1.004928     0.001466
     0.531526     1.012135     0.000000
     0.570700     1.018610     0.000000
     0.610892     1.026166     0.000054
     0.649972     1.032792     0.000191
     0.690178     1.040232     0.000525
     0.729018     1.046843     0.000612
     0.769259     1.054162     0.000528
     0.807945     1.060286     0.000480
     0.848248     1.067612     0.000424
     0.886906     1.073720     0.000344
     0.927407     1.081405     0.000142
     0.966251     1.087312     0.003514
     0.029106     0.955128     0.000118
     0.068461     0.962636     0.027449
     0.096646     0.968864     0.032306
     0.131293     0.983633     0.014133
     0.168430     0.988239     0.006528
     0.209623     0.995984     0.001069
     0.247801     1.002339     0.001487
     0.287542     1.009983     0.000000
     0.327410     1.016381     0.000000
     0.366896     1.024281     0.000186
     0.406467     1.030688     0.000315
     0.445968     1.038490     0.000455
     0.485403     1.045015     0.000498
     0.525115     1.052164     0.000565
     0.564153     1.058810     0.000535
     0.603929     1.066087     0.000305
     0.643157     1.072663     0.000176
     0.682991     1.079967     0.000177
     0.722229     1.086631     0.000000
     0.762256     1.093687     0.000026
     0.801521     1.100420     0.000245
     0.841392     1.107543     0.000229
     0.880741     1.114419     0.000143
     0.920727     1.120857     0.000000
     0.960258     1.127353     0.001077
     0.012455     0.991605     0.002026
     0.047643     1.009174     0.021287
     0.081175     1.013334     0.013319
     0.122664     1.021852     0.000024
     0.161929     1.028331     0.000308
     0.201940     1.035956     0.000000
     0.240988     1.042733     0.000546
     0.281122     1.049775     0.000195
     0.319908     1.056617     0.000521
     0.359894     1.063858     0.000156
     0.398982     1.070689     0.000346
     0.438840     1.077850     0.000145
     0.478089     1.084706     0.000046
     0.517988     1.091970     0.000167
     0.557292     1.098535     0.000258
     0.597151     1.105794     0.000272
     0.636400     1.112466     0.000316
     0.676247     1.119809     0.000174
     0.715582     1.126398     0.000077
     0.755440     1.133619     0.000000
     0.794793     1.140163     0.000000
     0.834686     1.147182     0.000000
     0.874123     1.153638     0.000000
     0.913998     1.160795     0.000018
     0.953390     1.167697     0.000285
     0.993046     1.174579     0.000000
     0.035282     1.046791     0.003746
     0.076809     1.054592     0.000000
     0.115678     1.060925     0.000118
     0.155295     1.068470     0.000069
     0.194677     1.075126     0.000254
     0.234242     1.082398     0.000009
     0.273753     1.089435     0.000284
     0.313313     1.096346     0.000309
     0.352841     1.103629     0.000122
     0.392435     1.110463     0.000240
     0.431937     1.117900     0.000076
     0.471562     1.124494     0.000131
     0.511110     1.131749     0.000086
     0.550648     1.138500     0.000211
     0.590137     1.145720     0.000105
     0.629751     1.152391     0.000140
     0.669249     1.159525     0.000004
     0.708940     1.166236     0.000000
     0.748506     1.173220     0.000000
     0.788182     1.180045     0.000000
     0.827751     1.187007     0.000000
     0.867361     1.193967     0.000000
     0.906990     1.200400     0.000146
     0.946513     1.207285     0.000140
     0.986136     1.214110     0.000000
     0.029300     1.086788     0.000000
     0.068519     1.093164     0.000000
     0.108153     1.101374     0.000000
     0.147837     1.107762     0.000000
     0.187519     1.115551     0.000000
     0.227046     1.122093     0.000000
     0.266785     1.129424     0.000127
     0.306100     1.136263     0.000211
     0.345773     1.143368     0.000137
     0.385198     1.150293     0.000111
     0.424883     1.157343     0.000000
     0.464441     1.164295     0.000036
     0.504032     1.171426     0.000000
     0.543685     1.178236     0.000039
     0.583249     1.185299     0.000033
     0.622888     1.192152     0.000062
     0.662443     1.199260     0.000000
     0.702136     1.205987     0.000000
     0.741660     1.213115     0.000000
     0.781381     1.219778     0.000000
     0.820958     1.226779     0.000000
     0.860759     1.233345     0.000000
     0.900264     1.240540     0.000292
     0.939795     1.247405     0.000113
     0.979436     1.254131     0.000000
     0.022053     1.126459     0.000000
     0.061796     1.133808     0.000071
     0.101329     1.140404     0.000000
     0.141070     1.147766     0.000000
     0.180411     1.154587     0.000000
     0.220262     1.161843     0.000000
     0.259541     1.168930     0.000000
     0.299450     1.175994     0.000000
     0.338787     1.183095     0.000055
     0.378571     1.190035     0.000100
     0.417923     1.197239     0.000000
     0.457740     1.204036     0.000030
     0.497124     1.211178     0.000000
     0.536920     1.218033     0.000000
     0.576311     1.225221     0.000000
     0.616134     1.231929     0.000000
     0.655529     1.239034     0.000000
     0.695356     1.245763     0.000000
     0.734815     1.252790     0.000000
     0.774610     1.259534     0.000000
     0.814077     1.266566     0.000000
     0.853748     1.273440     0.000000
     0.893352     1.280271     0.000000
     0.933019     1.286986     0.000000
     0.972703     1.293785     0.000005
     0.015004     1.166120     0.000000
     0.054592     1.172953     0.000000
     0.094160     1.180567     0.000002
     0.133721     1.187355     0.000000
     0.173416     1.194826     0.000000
     0.212944     1.201560     0.000000
     0.252619     1.208812     0.000000
     0.292154     1.215689     0.000000
     0.331754     1.222879     0.000000
     0.371402     1.229813     0.000000
     0.410953     1.236812     0.000000
     0.450655     1.243800     0.000000
     0.490141     1.250869     0.000000
     0.529929     1.257722     0.000000
     0.569382     1.264750     0.000000
     0.609202     1.271665     0.000000
     0.648658     1.278750     0.000000
     0.688507     1.285502     0.000000
     0.727890     1.292656     0.000000
     0.767776     1.299338     0.000000
     0.807189     1.306441     0.000000
     0.847166     1.312936     0.000000
     0.886466     1.320193     0.000000
     0.926439     1.326957     0.000000
     0.965776     1.333785     0.000715
     0.008020     1.205947     0.000000
     0.047623     1.213141     0.000063
     0.087139     1.219929     0.000000
     0.126905     1.227137     0.000000
     0.166316     1.234014     0.000000
     0.206164     1.241319     0.000000
     0.245527     1.248306     0.000000
     0.285411     1.255478     0.000000
     0.324766     1.262435     0.000000
     0.364619     1.269514     0.000000
     0.403973     1.276614     0.000000
     0.443865     1.283526     0.000000
     0.483221     1.290595     0.000000
     0.523122     1.297519     0.000000
     0.562460     1.304687     0.000000
     0.602421     1.311370     0.000000
     0.641702     1.318531     0.000000
     0.681690     1.325257     0.000000
     0.720998     1.332356     0.000000
     0.760973     1.338990     0.000000
     0.800247     1.346112     0.000000
     0.840141     1.352936     0.000000
     0.879646     1.359895     0.000000
     0.919499     1.366528     0.000000
     0.959113     1.373727     0.000421
     0.998537     1.381130     0.000000
     0.000882     1.245496     0.000000
     0.040511     1.252564     0.000023
     0.080124     1.259881     0.000000
     0.119700     1.266904     0.000000
     0.159366     1.274109     0.000000
     0.198947     1.281022     0.000000
     0.238586     1.288153     0.000000
     0.278194     1.295147     0.000000
     0.317788     1.302300     0.000000
     0.357484     1.309276     0.000000
     0.397038     1.316226     0.000000
     0.436765     1.323267     0.000000
     0.476267     1.330281     0.000000
     0.516087     1.337181     0.000000
     0.555540     1.344142     0.000000
     0.595409     1.351164     0.000000
     0.634869     1.358209     0.000000
     0.674795     1.364992     0.000000
     0.714114     1.372209     0.000000
     0.754077     1.378913     0.000000
     0.793310     1.386124     0.000000
     0.833522     1.392327     0.000000
     0.872507     1.399891     0.000000
     0.912794     1.406273     0.000064
     0.951542     1.413756     0.001395
     0.991014     1.420600     0.000456
     0.033394     1.292571     0.000262
     0.072981     1.299361     0.000000
     0.112779     1.306521     0.000000
     0.152323     1.313421     0.000000
     0.192067     1.320785     0.000000
     0.231578     1.327676     0.000000
     0.271342     1.334949     0.000000
     0.310823     1.341750     0.000000
     0.350586     1.348984     0.000000
     0.390043     1.355964     0.000000
     0.429923     1.363000     0.000000
     0.469349     1.369955     0.000000
     0.509250     1.377006     0.000000
     0.548604     1.384139     0.000000
     0.588577     1.390748     0.000000
     0.627915     1.397983     0.000000
     0.667908     1.404729     0.000000
     0.707245     1.411940     0.000181
     0.747137     1.418490     0.000282
     0.786455     1.425671     0.000303
     0.826200     1.432357     0.000000
     0.865939     1.439577     0.000000
     0.905841     1.445777     0.000284
     0.945545     1.454363     0.001546
     0.984894     1.461047     0.001012
     0.026609     1.332182     0.000158
     0.066202     1.339217     0.000023
     0.105751     1.346367     0.000000
     0.145366     1.353402     0.000000
     0.185000     1.360475     0.000000
     0.224608     1.367479     0.000000
     0.264246     1.374618     0.000000
     0.303856     1.381729     0.000000
     0.343477     1.388765     0.000000
     0.383164     1.395559     0.000000
     0.422763     1.402715     0.000000
     0.462467     1.409658     0.000000
     0.502067     1.416621     0.000040
     0.541764     1.423539     0.000000
     0.581403     1.430582     0.000000
     0.621194     1.437639     0.000000
     0.660893     1.444335     0.000000
     0.700748     1.451937     0.000305
     0.740095     1.458732     0.000671
     0.779488     1.466129     0.000582
     0.819331     1.471425     0.000000
     0.859077     1.479498     0.000000
     0.898657     1.485252     0.000000
     0.938415     1.493899     0.000912
     0.978072     1.500892     0.000034
     0.019402     1.372113     0.000392
     0.058961     1.378780     0.000294
     0.098728     1.385894     0.000000
     0.138452     1.392829     0.000000
     0.177914     1.400256     0.000000
     0.217716     1.407055     0.000000
     0.257209     1.414412     0.000244
     0.296854     1.421099     0.000100
     0.336515     1.428462     0.000057
     0.376074     1.435294     0.000000
     0.415942     1.442421     0.000000
     0.455530     1.449251     0.000000
     0.495415     1.456572     0.000329
     0.534666     1.463701     0.000375
     0.574530     1.469924     0.000000
     0.614153     1.477405     0.000000
     0.653867     1.483896     0.000000
     0.693483     1.491601     0.000000
     0.733139     1.498593     0.000000
     0.772796     1.505586     0.000000
     0.013195     1.411987     0.000000
     0.052844     1.418813     0.001336
     0.091665     1.425745     0.001372
     0.131125     1.432682     0.000000
     0.171114     1.439954     0.000000
     0.210595     1.446671     0.000000
     0.250580     1.454344     0.000378
     0.289813     1.461217     0.000537
     0.329447     1.468382     0.000156
     0.369175     1.474728     0.000000
     0.408863     1.482139     0.000000
     0.448528     1.488818     0.000000
     0.488207     1.496295     0.000000
     0.527863     1.503287     0.000000
     0.005661     1.451520     0.000000
     0.045147     1.459093     0.000875
     0.084287     1.466246     0.001201
     0.124344     1.471783     0.000108
     0.163853     1.479754     0.000000
     0.203618     1.486179     0.000000
     0.243274     1.493996     0.000080
     0.282931     1.500989     0.000000
     0.322588     1.507981     0.000000
     0.037998     1.498690     0.000004
     0.077655     1.505682     0.000000
