                 4.848529                 0.000005
                 9.487004                 0.000020
                17.212119                 0.000044
                28.015600                 0.000079
                41.885706                 0.000123
                58.807353                 0.000177
                78.762138                 0.000241
               101.728360                 0.000314
               127.680878                 0.000397
               156.591498                 0.000489
               188.429092                 0.000591
               223.159137                 0.000702
               260.743808                 0.000822
               301.142464                 0.000952
               344.311517                 0.001090
               376.934950                 0.001237
               400.364890                 0.001393
               423.594790                 0.001557
               446.911951                 0.001729
               470.207093                 0.001910
               493.364576                 0.002098
               516.245994                 0.002295
               538.724360                 0.002499
               560.620819                 0.002710
               581.800407                 0.002929
               600.958269                 0.003155
               617.337214                 0.003387
               631.959657                 0.003626
               644.118378                 0.003871
               655.070347                 0.004122
               664.576859                 0.004379
               672.629552                 0.004642
               679.064231                 0.004910
               684.049320                 0.005182
               687.594796                 0.005460
               689.675823                 0.005742
               690.140840                 0.006028
               688.485932                 0.006319
               684.616601                 0.006613
               678.270508                 0.006910
               669.629893                 0.007210
               658.860331                 0.007513
               646.401884                 0.007819
               632.472648                 0.008126
               617.551779                 0.008436
               601.702642                 0.008747
               585.170287                 0.009059
               568.076936                 0.009372
               550.793415                 0.009686
               533.453409                 0.010000
