     0.000000    -0.010000     0.000042
     0.052632    -0.010000     0.000012
     0.105263    -0.010000     0.000000
     0.157895    -0.010000     0.000000
     0.210526    -0.010000     0.000000
     0.263158    -0.010000     0.000000
     0.315789    -0.010000     0.000000
     0.368421    -0.010000     0.000000
     0.421053    -0.010000     0.000000
     0.473684    -0.010000     0.000000
     0.526316    -0.010000     0.000000
     0.578947    -0.010000     0.000000
     0.631579    -0.010000     0.000000
     0.684211    -0.010000     0.000000
     0.736842    -0.010000     0.000000
     0.789474    -0.010000     0.000000
     0.842105    -0.010000     0.000000
     0.894737    -0.010000     0.000000
     0.947368    -0.010000     0.000012
     1.000000    -0.010000     0.000042
     0.000113     0.041843     0.000115
     0.052644     0.041757     0.000053
     0.105300     0.041800     0.000006
     0.157885     0.041770     0.000000
     0.210534     0.041774     0.000000
     0.263152     0.041765     0.000000
     0.315801     0.041763     0.000000
     0.368418     0.041757     0.000000
     0.421061     0.041756     0.000000
     0.473681     0.041753     0.000000
     0.526319     0.041753     0.000000
     0.578939     0.041756     0.000000
     0.631582     0.041757     0.000000
     0.684199     0.041763     0.000000
     0.736848     0.041765     0.000000
     0.789466     0.041774     0.000000
     0.842115     0.041770     0.000000
     0.894700     0.041800     0.000006
     0.947356     0.041757     0.000053
     0.999887     0.041843     0.000115
     0.000396     0.093892     0.000147
     0.052796     0.093809     0.000086
     0.105438     0.093743     0.000023
     0.157983     0.093714     0.000002
     0.210626     0.093643     0.000000
     0.263196     0.093616     0.000000
     0.315833     0.093586     0.000000
     0.368436     0.093586     0.000000
     0.421075     0.093569     0.000000
     0.473679     0.093576     0.000000
     0.526321     0.093576     0.000000
     0.578925     0.093569     0.000000
     0.631564     0.093586     0.000000
     0.684167     0.093586     0.000000
     0.736804     0.093616     0.000000
     0.789373     0.093643     0.000000
     0.842017     0.093714     0.000002
     0.894562     0.093743     0.000023
     0.947204     0.093809     0.000087
     0.999604     0.093892     0.000147
     0.000319     0.145871     0.000150
     0.052976     0.145621     0.000092
     0.105405     0.145548     0.000032
     0.158049     0.145459     0.000004
     0.210639     0.145440     0.000000
     0.263255     0.145405     0.000000
     0.315903     0.145381     0.000000
     0.368453     0.145346     0.000000
     0.421123     0.145349     0.000000
     0.473663     0.145327     0.000000
     0.526338     0.145327     0.000000
     0.578877     0.145349     0.000000
     0.631547     0.145346     0.000000
     0.684097     0.145381     0.000000
     0.736745     0.145405     0.000000
     0.789361     0.145440     0.000000
     0.841951     0.145460     0.000004
     0.894595     0.145548     0.000032
     0.947024     0.145621     0.000093
     0.999681     0.145871     0.000150
     0.000749     0.197636     0.000159
     0.053031     0.197729     0.000097
     0.105722     0.197584     0.000025
     0.158172     0.197426     0.000002
     0.210807     0.197329     0.000000
     0.263317     0.197222     0.000000
     0.315936     0.197218     0.000000
     0.368513     0.197187     0.000000
     0.421127     0.197171     0.000000
     0.473695     0.197178     0.000000
     0.526305     0.197178     0.000000
     0.578873     0.197171     0.000000
     0.631487     0.197187     0.000000
     0.684064     0.197218     0.000000
     0.736683     0.197222     0.000000
     0.789193     0.197329     0.000000
     0.841828     0.197426     0.000002
     0.894277     0.197584     0.000025
     0.946969     0.197729     0.000098
     0.999251     0.197636     0.000159
     0.000385     0.249998     0.000233
     0.053131     0.249458     0.000118
     0.105636     0.249305     0.000023
     0.158266     0.249173     0.000001
     0.210914     0.249129     0.000002
     0.263420     0.249079     0.000001
     0.316118     0.249032     0.000000
     0.368490     0.248959     0.000000
     0.421247     0.248986     0.000000
     0.473606     0.248938     0.000000
     0.526394     0.248938     0.000000
     0.578753     0.248985     0.000000
     0.631510     0.248959     0.000000
     0.683882     0.249032     0.000000
     0.736580     0.249079     0.000001
     0.789086     0.249129     0.000002
     0.841734     0.249173     0.000001
     0.894364     0.249305     0.000023
     0.946869     0.249458     0.000118
     0.999615     0.249999     0.000233
     0.001419     0.301393     0.000311
     0.053458     0.301568     0.000176
     0.106095     0.301397     0.000038
     0.158479     0.301084     0.000006
     0.211053     0.301050     0.000013
     0.263494     0.300832     0.000012
     0.316101     0.300930     0.000019
     0.368624     0.300821     0.000019
     0.421224     0.300833     0.000016
     0.473709     0.300824     0.000005
     0.526291     0.300824     0.000005
     0.578776     0.300833     0.000016
     0.631376     0.300821     0.000019
     0.683899     0.300930     0.000019
     0.736506     0.300832     0.000012
     0.788947     0.301050     0.000013
     0.841521     0.301084     0.000006
     0.893904     0.301397     0.000038
     0.946542     0.301568     0.000176
     0.998581     0.301393     0.000310
     0.000520     0.354408     0.000374
     0.053332     0.353431     0.000193
     0.106061     0.353005     0.000141
     0.158644     0.352877     0.000156
     0.211388     0.352903     0.000134
     0.263640     0.352778     0.000097
     0.316450     0.352761     0.000072
     0.368483     0.352590     0.000072
     0.421436     0.352706     0.000054
     0.473455     0.352596     0.000057
     0.526545     0.352596     0.000057
     0.578564     0.352706     0.000054
     0.631517     0.352590     0.000071
     0.683549     0.352761     0.000072
     0.736361     0.352778     0.000097
     0.788612     0.352903     0.000135
     0.841355     0.352877     0.000156
     0.893939     0.353005     0.000141
     0.946667     0.353431     0.000193
     0.999480     0.354408     0.000374
     0.002643     0.405246     0.001103
     0.054536     0.405295     0.000467
     0.107008     0.405175     0.000283
     0.158802     0.404657     0.000376
     0.211415     0.404964     0.000343
     0.263583     0.404417     0.000297
     0.316395     0.404865     0.000222
     0.368764     0.404513     0.000169
     0.421342     0.404645     0.000140
     0.473829     0.404493     0.000150
     0.526172     0.404494     0.000150
     0.578657     0.404645     0.000140
     0.631236     0.404514     0.000169
     0.683605     0.404865     0.000222
     0.736417     0.404417     0.000297
     0.788584     0.404964     0.000342
     0.841199     0.404657     0.000376
     0.892992     0.405176     0.000283
     0.945464     0.405295     0.000467
     0.997356     0.405246     0.001103
     0.001172     0.459107     0.005272
     0.053342     0.456966     0.003674
     0.107903     0.457184     0.002173
     0.159105     0.457135     0.001355
     0.212565     0.456970     0.000811
     0.263970     0.456757     0.000614
     0.316752     0.456436     0.000521
     0.368665     0.456484     0.000448
     0.421462     0.456362     0.000409
     0.473651     0.456516     0.000365
     0.526349     0.456517     0.000365
     0.578538     0.456362     0.000409
     0.631335     0.456484     0.000448
     0.683248     0.456436     0.000521
     0.736029     0.456757     0.000614
     0.787436     0.456970     0.000811
     0.840895     0.457135     0.001356
     0.892097     0.457184     0.002174
     0.946658     0.456966     0.003674
     0.998829     0.459107     0.005272
     0.009342     0.511729     0.009726
     0.056356     0.508456     0.009701
     0.106671     0.508830     0.008038
     0.159401     0.508869     0.005408
     0.211630     0.508684     0.003310
     0.264746     0.508882     0.001994
     0.316705     0.508855     0.001279
     0.369421     0.508666     0.000976
     0.421392     0.508451     0.000884
     0.473752     0.508406     0.000846
     0.526247     0.508406     0.000846
     0.578608     0.508450     0.000884
     0.630578     0.508667     0.000976
     0.683294     0.508855     0.001279
     0.735254     0.508882     0.001994
     0.788370     0.508683     0.003310
     0.840599     0.508869     0.005408
     0.893330     0.508830     0.008038
     0.943644     0.508457     0.009701
     0.990657     0.511728     0.009726
     0.018368     0.570858     0.005789
     0.070876     0.567536     0.008433
     0.116648     0.563955     0.010351
     0.165384     0.562493     0.009478
     0.213944     0.561507     0.007558
     0.264978     0.560973     0.005544
     0.317416     0.560798     0.003700
     0.369365     0.560579     0.002411
     0.422065     0.561064     0.001685
     0.473871     0.560639     0.001438
     0.526129     0.560639     0.001438
     0.577935     0.561064     0.001685
     0.630634     0.560579     0.002412
     0.682584     0.560797     0.003700
     0.735022     0.560974     0.005544
     0.786056     0.561508     0.007559
     0.834615     0.562493     0.009479
     0.883350     0.563955     0.010351
     0.929124     0.567537     0.008433
     0.981632     0.570859     0.005789
     0.013520     0.615883     0.001673
     0.066516     0.618574     0.003322
     0.119348     0.621461     0.005455
     0.170651     0.618502     0.007288
     0.221130     0.617715     0.008507
     0.270496     0.614770     0.008373
     0.319065     0.614267     0.007240
     0.370313     0.613267     0.005734
     0.421419     0.612843     0.004067
     0.474554     0.613278     0.002785
     0.525445     0.613279     0.002785
     0.578581     0.612843     0.004067
     0.629687     0.613267     0.005735
     0.680934     0.614267     0.007240
     0.729503     0.614771     0.008373
     0.778870     0.617716     0.008507
     0.829348     0.618504     0.007288
     0.880653     0.621461     0.005455
     0.933483     0.618573     0.003322
     0.986479     0.615882     0.001673
     0.016744     0.674710     0.001447
     0.067864     0.671904     0.001526
     0.119979     0.670236     0.002082
     0.172938     0.670385     0.003596
     0.222909     0.670364     0.005462
     0.274627     0.671172     0.007037
     0.324645     0.669260     0.008218
     0.375147     0.667657     0.008758
     0.422827     0.666590     0.008125
     0.473799     0.665598     0.007123
     0.526201     0.665598     0.007123
     0.577173     0.666589     0.008126
     0.624852     0.667658     0.008759
     0.675354     0.669261     0.008218
     0.725372     0.671172     0.007036
     0.777091     0.670364     0.005461
     0.827062     0.670384     0.003596
     0.880021     0.670237     0.002083
     0.932136     0.671905     0.001526
     0.983256     0.674711     0.001447
     0.015338     0.721393     0.001070
     0.068032     0.723650     0.001302
     0.119961     0.724750     0.001541
     0.171873     0.724738     0.001996
     0.224181     0.725110     0.002850
     0.276331     0.722603     0.004543
     0.327065     0.722671     0.006831
     0.377738     0.723603     0.008968
     0.428067     0.723200     0.011227
     0.476827     0.719747     0.013323
     0.523172     0.719747     0.013323
     0.571932     0.723201     0.011227
     0.622262     0.723604     0.008967
     0.672935     0.722671     0.006830
     0.723669     0.722604     0.004542
     0.775820     0.725109     0.002850
     0.828127     0.724738     0.001996
     0.880038     0.724750     0.001541
     0.931968     0.723649     0.001302
     0.984662     0.721392     0.001070
     0.015337     0.778607     0.001070
     0.068031     0.776350     0.001302
     0.119961     0.775249     0.001541
     0.171873     0.775262     0.001996
     0.224181     0.774890     0.002850
     0.276331     0.777397     0.004543
     0.327067     0.777328     0.006832
     0.377736     0.776396     0.008969
     0.428066     0.776800     0.011226
     0.476825     0.780255     0.013321
     0.523174     0.780256     0.013321
     0.571934     0.776800     0.011226
     0.622264     0.776397     0.008968
     0.672934     0.777328     0.006831
     0.723669     0.777396     0.004543
     0.775819     0.774890     0.002850
     0.828127     0.775263     0.001996
     0.880040     0.775250     0.001541
     0.931969     0.776350     0.001302
     0.984663     0.778607     0.001071
     0.016745     0.825289     0.001448
     0.067864     0.828095     0.001526
     0.119978     0.829763     0.002083
     0.172938     0.829615     0.003596
     0.222909     0.829636     0.005462
     0.274627     0.828827     0.007037
     0.324644     0.830741     0.008219
     0.375146     0.832343     0.008759
     0.422826     0.833411     0.008124
     0.473797     0.834402     0.007120
     0.526202     0.834401     0.007120
     0.577174     0.833411     0.008124
     0.624854     0.832344     0.008758
     0.675356     0.830740     0.008219
     0.725373     0.828828     0.007037
     0.777091     0.829637     0.005462
     0.827062     0.829614     0.003596
     0.880020     0.829762     0.002083
     0.932136     0.828096     0.001526
     0.983255     0.825290     0.001448
     0.013520     0.884117     0.001673
     0.066517     0.881427     0.003323
     0.119347     0.878539     0.005455
     0.170651     0.881497     0.007289
     0.221129     0.882285     0.008508
     0.270495     0.885230     0.008373
     0.319064     0.885734     0.007239
     0.370312     0.886733     0.005734
     0.421418     0.887158     0.004066
     0.474555     0.886721     0.002784
     0.525445     0.886721     0.002784
     0.578581     0.887157     0.004066
     0.629688     0.886732     0.005733
     0.680935     0.885733     0.007239
     0.729505     0.885230     0.008373
     0.778871     0.882285     0.008507
     0.829350     0.881498     0.007288
     0.880653     0.878539     0.005455
     0.933484     0.881426     0.003322
     0.986480     0.884117     0.001673
     0.018367     0.929142     0.005789
     0.070875     0.932463     0.008433
     0.116648     0.936045     0.010351
     0.165384     0.937507     0.009478
     0.213943     0.938494     0.007558
     0.264977     0.939026     0.005543
     0.317416     0.939204     0.003699
     0.369366     0.939421     0.002411
     0.422065     0.938935     0.001685
     0.473871     0.939361     0.001438
     0.526128     0.939360     0.001438
     0.577936     0.938935     0.001685
     0.630634     0.939421     0.002411
     0.682584     0.939203     0.003699
     0.735022     0.939027     0.005543
     0.786056     0.938493     0.007558
     0.834615     0.937506     0.009478
     0.883352     0.936045     0.010351
     0.929125     0.932463     0.008433
     0.981632     0.929142     0.005789
     0.009342     0.988271     0.009726
     0.056356     0.991544     0.009701
     0.106670     0.991170     0.008038
     0.159401     0.991131     0.005407
     0.211630     0.991317     0.003309
     0.264746     0.991118     0.001994
     0.316706     0.991144     0.001278
     0.369422     0.991334     0.000976
     0.421392     0.991550     0.000884
     0.473752     0.991594     0.000846
     0.526248     0.991594     0.000846
     0.578608     0.991550     0.000884
     0.630578     0.991333     0.000976
     0.683294     0.991145     0.001279
     0.735254     0.991118     0.001994
     0.788370     0.991317     0.003309
     0.840599     0.991131     0.005407
     0.893329     0.991170     0.008038
     0.943644     0.991544     0.009700
     0.990658     0.988271     0.009726
     0.001171     1.040894     0.005272
     0.053341     1.043034     0.003674
     0.107902     1.042816     0.002173
     0.159104     1.042865     0.001355
     0.212565     1.043030     0.000811
     0.263971     1.043243     0.000614
     0.316752     1.043564     0.000521
     0.368664     1.043516     0.000448
     0.421462     1.043638     0.000409
     0.473651     1.043483     0.000365
     0.526349     1.043484     0.000365
     0.578539     1.043638     0.000409
     0.631335     1.043516     0.000448
     0.683248     1.043564     0.000521
     0.736029     1.043243     0.000614
     0.787435     1.043030     0.000811
     0.840895     1.042865     0.001355
     0.892098     1.042816     0.002173
     0.946658     1.043034     0.003674
     0.998828     1.040894     0.005271
     0.002643     1.094754     0.001102
     0.054536     1.094705     0.000467
     0.107008     1.094825     0.000283
     0.158801     1.095343     0.000376
     0.211415     1.095036     0.000343
     0.263583     1.095583     0.000297
     0.316395     1.095135     0.000222
     0.368764     1.095487     0.000169
     0.421343     1.095354     0.000140
     0.473829     1.095507     0.000151
     0.526172     1.095506     0.000151
     0.578657     1.095355     0.000140
     0.631236     1.095487     0.000169
     0.683605     1.095135     0.000222
     0.736417     1.095583     0.000297
     0.788585     1.095036     0.000343
     0.841198     1.095343     0.000376
     0.892991     1.094825     0.000283
     0.945464     1.094705     0.000467
     0.997357     1.094754     0.001102
     0.000520     1.145592     0.000374
     0.053332     1.146569     0.000193
     0.106061     1.146995     0.000141
     0.158644     1.147123     0.000157
     0.211388     1.147097     0.000135
     0.263639     1.147222     0.000097
     0.316451     1.147239     0.000072
     0.368483     1.147410     0.000071
     0.421436     1.147294     0.000054
     0.473455     1.147404     0.000057
     0.526545     1.147404     0.000057
     0.578564     1.147294     0.000054
     0.631517     1.147410     0.000071
     0.683549     1.147239     0.000072
     0.736360     1.147222     0.000097
     0.788612     1.147097     0.000135
     0.841355     1.147123     0.000156
     0.893939     1.146995     0.000141
     0.946668     1.146569     0.000193
     0.999480     1.145592     0.000374
     0.001419     1.198607     0.000310
     0.053458     1.198432     0.000176
     0.106095     1.198603     0.000038
     0.158479     1.198916     0.000006
     0.211053     1.198950     0.000013
     0.263494     1.199168     0.000012
     0.316101     1.199070     0.000019
     0.368624     1.199179     0.000019
     0.421224     1.199167     0.000016
     0.473709     1.199176     0.000005
     0.526291     1.199176     0.000005
     0.578776     1.199167     0.000016
     0.631376     1.199179     0.000019
     0.683899     1.199070     0.000019
     0.736506     1.199168     0.000012
     0.788947     1.198950     0.000013
     0.841520     1.198916     0.000006
     0.893904     1.198603     0.000038
     0.946541     1.198432     0.000176
     0.998581     1.198607     0.000310
     0.000385     1.250002     0.000233
     0.053131     1.250542     0.000118
     0.105636     1.250695     0.000023
     0.158266     1.250827     0.000001
     0.210914     1.250871     0.000002
     0.263420     1.250921     0.000001
     0.316118     1.250968     0.000000
     0.368490     1.251041     0.000000
     0.421247     1.251015     0.000000
     0.473606     1.251062     0.000000
     0.526394     1.251063     0.000000
     0.578753     1.251014     0.000000
     0.631510     1.251041     0.000000
     0.683882     1.250968     0.000000
     0.736580     1.250921     0.000001
     0.789086     1.250871     0.000002
     0.841734     1.250827     0.000001
     0.894364     1.250695     0.000023
     0.946869     1.250542     0.000118
     0.999615     1.250001     0.000233
     0.000749     1.302364     0.000159
     0.053031     1.302271     0.000097
     0.105722     1.302416     0.000025
     0.158172     1.302574     0.000002
     0.210807     1.302671     0.000000
     0.263317     1.302778     0.000000
     0.315936     1.302782     0.000000
     0.368513     1.302813     0.000000
     0.421127     1.302829     0.000000
     0.473695     1.302822     0.000000
     0.526305     1.302822     0.000000
     0.578873     1.302829     0.000000
     0.631486     1.302813     0.000000
     0.684064     1.302782     0.000000
     0.736683     1.302778     0.000000
     0.789193     1.302671     0.000000
     0.841828     1.302574     0.000002
     0.894278     1.302416     0.000025
     0.946969     1.302271     0.000098
     0.999250     1.302364     0.000159
     0.000319     1.354129     0.000150
     0.052976     1.354379     0.000092
     0.105405     1.354452     0.000032
     0.158049     1.354541     0.000004
     0.210639     1.354560     0.000000
     0.263255     1.354595     0.000000
     0.315903     1.354619     0.000000
     0.368453     1.354654     0.000000
     0.421123     1.354651     0.000000
     0.473663     1.354673     0.000000
     0.526337     1.354673     0.000000
     0.578877     1.354651     0.000000
     0.631547     1.354654     0.000000
     0.684097     1.354619     0.000000
     0.736745     1.354595     0.000000
     0.789361     1.354560     0.000000
     0.841951     1.354540     0.000004
     0.894595     1.354452     0.000032
     0.947024     1.354379     0.000092
     0.999681     1.354129     0.000150
     0.000396     1.406108     0.000147
     0.052796     1.406191     0.000086
     0.105438     1.406257     0.000023
     0.157983     1.406286     0.000002
     0.210627     1.406357     0.000000
     0.263196     1.406384     0.000000
     0.315833     1.406414     0.000000
     0.368436     1.406414     0.000000
     0.421075     1.406431     0.000000
     0.473679     1.406424     0.000000
     0.526321     1.406424     0.000000
     0.578925     1.406431     0.000000
     0.631564     1.406414     0.000000
     0.684167     1.406414     0.000000
     0.736804     1.406384     0.000000
     0.789374     1.406357     0.000000
     0.842017     1.406286     0.000002
     0.894562     1.406257     0.000023
     0.947204     1.406191     0.000087
     0.999604     1.406108     0.000147
     0.000113     1.458157     0.000115
     0.052644     1.458243     0.000053
     0.105300     1.458200     0.000006
     0.157885     1.458230     0.000000
     0.210534     1.458226     0.000000
     0.263152     1.458235     0.000000
     0.315801     1.458237     0.000000
     0.368418     1.458243     0.000000
     0.421061     1.458244     0.000000
     0.473681     1.458247     0.000000
     0.526319     1.458247     0.000000
     0.578939     1.458244     0.000000
     0.631582     1.458243     0.000000
     0.684199     1.458237     0.000000
     0.736848     1.458235     0.000000
     0.789466     1.458226     0.000000
     0.842115     1.458230     0.000000
     0.894700     1.458200     0.000006
     0.947356     1.458243     0.000053
     0.999887     1.458157     0.000115
     0.000000     1.510000     0.000042
     0.052632     1.510000     0.000012
     0.105263     1.510000     0.000000
     0.157895     1.510000     0.000000
     0.210526     1.510000     0.000000
     0.263158     1.510000     0.000000
     0.315789     1.510000     0.000000
     0.368421     1.510000     0.000000
     0.421053     1.510000     0.000000
     0.473684     1.510000     0.000000
     0.526316     1.510000     0.000000
     0.578947     1.510000     0.000000
     0.631579     1.510000     0.000000
     0.684211     1.510000     0.000000
     0.736842     1.510000     0.000000
     0.789474     1.510000     0.000000
     0.842105     1.510000     0.000000
     0.894737     1.510000     0.000000
     0.947368     1.510000     0.000012
     1.000000     1.510000     0.000042
