                15.461943                 0.000005
                20.148188                 0.000020
                27.953665                 0.000044
                38.869283                 0.000079
                52.883505                 0.000123
                69.980988                 0.000177
                90.142805                 0.000241
               113.347766                 0.000314
               139.569832                 0.000397
               168.781248                 0.000489
               200.949792                 0.000591
               236.040880                 0.000702
               274.016632                 0.000822
               314.835692                 0.000952
               358.454227                 0.001090
               394.176898                 0.001237
               418.739234                 0.001393
               443.092135                 0.001557
               467.601899                 0.001729
               492.143265                 0.001910
               516.585179                 0.002098
               540.772003                 0.002295
               564.513243                 0.002499
               587.471691                 0.002710
               609.113859                 0.002929
               628.363781                 0.003155
               645.244596                 0.003387
               660.064404                 0.003626
               672.809741                 0.003871
               683.424074                 0.004122
               691.663486                 0.004379
               696.778579                 0.004642
               696.908285                 0.004910
               682.834474                 0.005182
               573.906514                 0.005460
               392.565126                 0.005742
               293.346003                 0.006028
               231.824433                 0.006319
               187.982576                 0.006613
               155.823686                 0.006910
               131.451795                 0.007210
               111.909839                 0.007513
                95.917884                 0.007819
                83.044476                 0.008126
                72.354559                 0.008436
                63.171375                 0.008747
                56.375961                 0.009059
                51.770553                 0.009372
                48.499721                 0.009686
                45.737129                 0.010000
