                 0.000000                 0.000352
                 0.051724                 0.000954
                 0.103448                 0.001214
                 0.155172                 0.001226
                 0.206897                 0.001290
                 0.258621                 0.001885
                 0.310345                 0.002500
                 0.362069                 0.003015
                 0.413793                 0.023412
                 0.465517                 0.178117
                 0.517241                 0.331467
                 0.568966                 0.217770
                 0.620690                 0.042989
                 0.672414                 0.021526
                 0.724138                 0.018042
                 0.775862                 0.018046
                 0.827586                 0.021539
                 0.879310                 0.042982
                 0.931034                 0.217739
                 0.982759                 0.331455
                 1.034483                 0.178127
                 1.086207                 0.023422
                 1.137931                 0.003018
                 1.189655                 0.002502
                 1.241379                 0.001886
                 1.293103                 0.001292
                 1.344828                 0.001227
                 1.396552                 0.001216
                 1.448276                 0.000958
                 1.500000                 0.000355
