                 3.362740                 0.000000
                 3.542654                 0.000001
                 3.845276                 0.000002
                 4.268023                 0.000003
                 4.813144                 0.000005
                 5.478201                 0.000007
                 6.266192                 0.000009
                 7.173736                 0.000012
                 8.203845                 0.000016
                 9.354296                 0.000019
                10.626594                 0.000023
                12.019380                 0.000028
                13.534370                 0.000033
                15.169293                 0.000038
                16.926217                 0.000043
                18.803989                 0.000049
                20.802666                 0.000056
                22.922624                 0.000063
                25.163573                 0.000070
                27.525202                 0.000077
                30.008231                 0.000085
                32.612086                 0.000094
                35.336557                 0.000102
                38.182310                 0.000111
                41.148348                 0.000121
                44.235502                 0.000131
                47.443332                 0.000141
                50.772032                 0.000151
                54.220658                 0.000162
                57.790991                 0.000174
                61.480928                 0.000186
                65.291837                 0.000198
                69.223022                 0.000210
                73.274639                 0.000223
                77.446309                 0.000237
                81.739100                 0.000250
                86.150858                 0.000264
                90.683949                 0.000279
                95.336311                 0.000294
               100.109103                 0.000309
               105.001640                 0.000325
               110.014689                 0.000341
               115.146396                 0.000357
               120.399101                 0.000374
               125.770447                 0.000391
               131.262136                 0.000408
               136.872971                 0.000426
               142.603797                 0.000445
               148.452906                 0.000463
               154.422911                 0.000482
               160.510448                 0.000502
               166.718590                 0.000522
               173.044711                 0.000542
               179.490426                 0.000563
               186.054289                 0.000584
               192.738339                 0.000605
               199.539336                 0.000627
               206.460536                 0.000649
               213.498937                 0.000671
               220.656831                 0.000694
               227.932039                 0.000717
               235.326639                 0.000741
               242.837939                 0.000765
               250.468694                 0.000790
               258.216120                 0.000814
               266.082176                 0.000840
               274.065520                 0.000865
               282.166911                 0.000891
               290.384944                 0.000917
               298.721356                 0.000944
               307.174228                 0.000971
               315.744550                 0.000998
               324.432004                 0.001026
               333.236001                 0.001054
               342.157083                 0.001083
               351.150081                 0.001112
               358.683386                 0.001141
               365.156445                 0.001171
               370.787324                 0.001201
               375.859354                 0.001231
               380.756759                 0.001262
               385.756966                 0.001293
               390.447028                 0.001325
               394.870956                 0.001357
               399.803346                 0.001389
               404.630992                 0.001422
               409.185221                 0.001455
               413.891076                 0.001489
               418.686972                 0.001522
               423.538624                 0.001557
               428.297169                 0.001591
               432.835827                 0.001626
               437.527268                 0.001661
               442.465300                 0.001697
               447.333207                 0.001733
               452.062365                 0.001769
               456.700940                 0.001806
               461.458303                 0.001843
               466.322947                 0.001881
               471.194107                 0.001919
               476.072939                 0.001957
               480.909856                 0.001996
               485.505668                 0.002035
               490.174211                 0.002074
               495.078262                 0.002114
               499.548101                 0.002154
               504.323115                 0.002194
               509.170313                 0.002235
               513.926057                 0.002276
               518.782466                 0.002318
               523.347964                 0.002360
               528.037243                 0.002402
               532.638203                 0.002445
               537.027553                 0.002488
               541.692318                 0.002531
               546.438372                 0.002575
               551.268091                 0.002619
               555.693969                 0.002663
               560.133828                 0.002708
               564.570781                 0.002753
               568.985845                 0.002799
               573.511106                 0.002845
               577.749972                 0.002891
               581.990893                 0.002938
               586.735889                 0.002985
               590.852367                 0.003032
               594.528107                 0.003080
               598.543845                 0.003128
               602.144207                 0.003176
               605.479815                 0.003225
               609.402690                 0.003274
               612.836348                 0.003323
               616.164799                 0.003373
               619.392219                 0.003423
               622.760563                 0.003474
               625.578756                 0.003525
               628.880761                 0.003576
               631.803525                 0.003628
               634.175891                 0.003680
               636.373446                 0.003732
               639.792415                 0.003784
               642.093040                 0.003837
               644.658704                 0.003891
               646.899912                 0.003945
               649.682062                 0.003999
               651.633904                 0.004053
               653.887892                 0.004108
               656.198434                 0.004163
               658.726187                 0.004218
               660.460273                 0.004274
               662.656286                 0.004330
               664.370414                 0.004387
               666.208702                 0.004443
               668.513622                 0.004501
               669.925449                 0.004558
               671.371206                 0.004616
               672.867617                 0.004674
               674.454432                 0.004733
               676.027510                 0.004792
               677.115410                 0.004851
               678.467257                 0.004910
               679.970134                 0.004970
               680.800036                 0.005030
               681.845752                 0.005091
               682.628342                 0.005152
               683.930804                 0.005213
               684.891849                 0.005275
               685.570399                 0.005337
               685.951329                 0.005399
               687.062577                 0.005461
               687.357548                 0.005524
               687.996398                 0.005588
               688.350948                 0.005651
               688.558311                 0.005715
               688.747835                 0.005779
               688.975511                 0.005844
               689.210585                 0.005909
               689.036914                 0.005974
               688.869482                 0.006040
               688.495248                 0.006106
               688.038167                 0.006172
               687.918400                 0.006238
               687.620041                 0.006305
               687.322528                 0.006372
               686.577578                 0.006440
               685.407019                 0.006508
               684.399994                 0.006576
               683.122146                 0.006644
               681.611364                 0.006713
               679.731622                 0.006782
               678.394561                 0.006852
               676.285140                 0.006922
               674.364867                 0.006992
               672.533330                 0.007062
               669.965824                 0.007133
               667.657509                 0.007204
               665.136435                 0.007275
               663.279743                 0.007347
               660.547075                 0.007419
               658.015083                 0.007492
               654.956361                 0.007564
               652.710115                 0.007637
               649.228749                 0.007710
               646.688534                 0.007784
               643.269346                 0.007858
               639.859909                 0.007932
               636.287978                 0.008007
               632.916510                 0.008081
               629.176515                 0.008157
               625.828062                 0.008232
               621.888605                 0.008308
               618.640309                 0.008384
               614.747345                 0.008460
               610.809698                 0.008537
               606.984127                 0.008614
               603.059936                 0.008691
               598.732921                 0.008769
               594.542160                 0.008847
               590.527381                 0.008925
               586.390187                 0.009003
               581.997918                 0.009082
               577.749900                 0.009161
               573.508159                 0.009240
               569.109349                 0.009320
               564.631589                 0.009400
               560.432130                 0.009480
               556.026609                 0.009561
               551.329690                 0.009642
               546.935691                 0.009723
               542.714005                 0.009804
               538.031342                 0.009886
               533.325249                 0.009968
               529.034860                 0.010050
               524.494729                 0.010133
               519.816061                 0.010216
               515.431444                 0.010299
               510.862356                 0.010383
               506.245554                 0.010466
               501.704175                 0.010550
               497.298788                 0.010635
               492.753806                 0.010719
               488.149261                 0.010804
               483.444459                 0.010889
               479.045367                 0.010975
               474.451838                 0.011061
               470.031425                 0.011147
               465.505888                 0.011233
               461.092069                 0.011320
               456.528639                 0.011406
               452.087431                 0.011494
               447.620975                 0.011581
               443.166045                 0.011669
               438.732098                 0.011757
               434.500076                 0.011845
               429.976831                 0.011933
               425.672182                 0.012022
               421.277064                 0.012111
               417.017678                 0.012201
               412.658990                 0.012290
               408.369557                 0.012380
               404.121822                 0.012470
               399.775072                 0.012560
               395.682025                 0.012651
               391.461852                 0.012742
               387.370576                 0.012833
               383.107484                 0.012925
               378.990792                 0.013016
               374.925592                 0.013108
               370.874202                 0.013201
               366.821585                 0.013293
               362.820305                 0.013386
               358.819924                 0.013479
               354.810125                 0.013572
               350.980345                 0.013666
               347.018220                 0.013759
               343.101333                 0.013853
               339.349401                 0.013948
               335.432761                 0.014042
               331.693772                 0.014137
               327.916427                 0.014232
               324.108652                 0.014327
               320.521714                 0.014423
               316.701867                 0.014519
               313.133965                 0.014615
               309.568415                 0.014711
               305.867554                 0.014807
               302.451865                 0.014904
               298.816260                 0.015001
               295.281386                 0.015098
               291.934007                 0.015196
               288.397466                 0.015294
               285.078287                 0.015391
               281.653598                 0.015490
               278.245252                 0.015588
               275.041395                 0.015687
               271.688134                 0.015786
               268.452271                 0.015885
               265.211353                 0.015984
               262.012751                 0.016084
               258.871668                 0.016184
               255.715432                 0.016284
               252.686652                 0.016384
               249.550243                 0.016485
               246.560790                 0.016585
               243.534475                 0.016686
               240.566380                 0.016787
               237.650076                 0.016889
               234.736924                 0.016991
               231.790102                 0.017092
               228.979944                 0.017195
               226.158432                 0.017297
               223.327101                 0.017399
               220.590920                 0.017502
               217.792974                 0.017605
               215.092571                 0.017708
               212.424965                 0.017812
               209.731914                 0.017915
               207.056817                 0.018019
               204.469710                 0.018123
               201.885823                 0.018227
               199.267868                 0.018332
               196.723139                 0.018437
               194.204190                 0.018541
               191.642815                 0.018647
               189.216036                 0.018752
               186.700841                 0.018857
               184.231729                 0.018963
               181.826552                 0.019069
               179.481957                 0.019175
               177.018946                 0.019281
               174.660307                 0.019388
               172.345829                 0.019495
               170.038739                 0.019602
               167.702574                 0.019709
               160.125482                 0.019816
               160.559720                 0.019924
               157.528572                 0.020031
               156.543079                 0.020139
               154.667738                 0.020247
               151.912846                 0.020355
               150.506485                 0.020464
               148.342975                 0.020573
               146.796132                 0.020681
               144.421980                 0.020790
               142.780980                 0.020900
               141.368699                 0.021009
               138.983582                 0.021119
               136.448474                 0.021228
               134.724301                 0.021338
               133.012236                 0.021448
               131.288143                 0.021559
               129.166678                 0.021669
               127.156850                 0.021780
               125.274425                 0.021891
               123.452327                 0.022002
               121.797359                 0.022113
               119.917745                 0.022224
               118.139138                 0.022336
               116.295191                 0.022448
               114.472098                 0.022559
               112.849198                 0.022672
               111.223112                 0.022784
               109.673374                 0.022896
               107.771246                 0.023009
               106.175503                 0.023121
               104.573653                 0.023234
               103.036942                 0.023347
               101.500449                 0.023460
                99.786830                 0.023574
                98.211976                 0.023687
                96.760007                 0.023801
                95.165880                 0.023915
                93.673775                 0.024029
                92.156093                 0.024143
                90.629441                 0.024257
                89.318998                 0.024372
                88.038767                 0.024486
                86.763928                 0.024601
                85.395830                 0.024716
                84.107813                 0.024831
                82.783575                 0.024946
                81.490435                 0.025061
                80.169797                 0.025177
                78.867887                 0.025293
                77.536589                 0.025408
                76.520728                 0.025524
                75.164483                 0.025640
                73.998626                 0.025756
                72.732343                 0.025873
                71.633285                 0.025989
                70.473762                 0.026106
                69.357558                 0.026223
                68.236118                 0.026339
                67.319088                 0.026456
                66.186336                 0.026574
                65.179743                 0.026691
                64.202321                 0.026808
                63.258046                 0.026926
                62.112629                 0.027043
                61.122044                 0.027161
                60.137024                 0.027279
                59.196566                 0.027397
                58.199556                 0.027515
                57.372954                 0.027633
                56.464449                 0.027752
                55.450694                 0.027870
                54.510276                 0.027989
                53.616876                 0.028108
                52.799638                 0.028226
                52.075526                 0.028345
                51.036000                 0.028464
                50.472025                 0.028584
                49.525816                 0.028703
                48.747850                 0.028822
                47.855376                 0.028942
                47.122425                 0.029061
                46.125040                 0.029181
                45.468827                 0.029301
                44.885014                 0.029421
                44.002488                 0.029541
                43.186536                 0.029661
                42.433181                 0.029781
                41.768481                 0.029902
                41.113819                 0.030022
                40.293837                 0.030143
                39.587696                 0.030263
                39.085239                 0.030384
                38.389446                 0.030505
                37.774103                 0.030626
                37.029278                 0.030747
                36.402687                 0.030868
                35.873814                 0.030989
                35.189871                 0.031110
                34.566328                 0.031231
                34.084973                 0.031353
                33.336795                 0.031474
                32.830299                 0.031596
                32.103137                 0.031718
                31.569988                 0.031839
                31.017086                 0.031961
                30.533818                 0.032083
                30.042485                 0.032205
                29.624650                 0.032327
                28.885261                 0.032449
                28.447803                 0.032571
                28.054942                 0.032694
                27.516196                 0.032816
                26.972553                 0.032938
                26.499298                 0.033061
                26.164791                 0.033184
                25.718345                 0.033306
                25.155294                 0.033429
                24.757720                 0.033552
                24.305015                 0.033674
                23.981186                 0.033797
                23.552264                 0.033920
                23.267308                 0.034043
                22.821934                 0.034166
                22.423493                 0.034289
                21.989509                 0.034412
                21.847135                 0.034536
                21.201240                 0.034659
                20.861485                 0.034782
                20.588049                 0.034906
                20.418047                 0.035029
                19.883167                 0.035153
                19.560514                 0.035276
                19.234416                 0.035400
                19.027400                 0.035523
                18.650174                 0.035647
                18.482381                 0.035771
                18.170973                 0.035894
                17.887723                 0.036018
                17.591487                 0.036142
                17.351994                 0.036266
                17.022070                 0.036390
                16.835442                 0.036513
                16.473476                 0.036637
                16.298916                 0.036761
                16.018999                 0.036885
                15.882275                 0.037009
                15.628484                 0.037134
                15.400062                 0.037258
                15.198214                 0.037382
                15.071919                 0.037506
                14.790138                 0.037630
                14.640892                 0.037754
                14.573073                 0.037879
                14.163397                 0.038003
                13.935640                 0.038127
                13.904578                 0.038251
                13.715020                 0.038376
                13.459285                 0.038500
                13.288492                 0.038624
                13.132129                 0.038749
                13.028276                 0.038873
                12.804435                 0.038997
                12.686446                 0.039122
                12.522987                 0.039246
                12.334788                 0.039370
                12.310784                 0.039495
                12.188569                 0.039619
                11.938855                 0.039744
                11.826821                 0.039868
                11.682191                 0.039992
