                13.966432                 0.000000
                15.899080                 0.000001
                14.817471                 0.000002
                15.585390                 0.000003
                14.489814                 0.000005
                17.917474                 0.000007
                16.332325                 0.000009
                17.028305                 0.000012
                18.154126                 0.000016
                19.889255                 0.000019
                22.855841                 0.000023
                24.504092                 0.000028
                23.034216                 0.000033
                24.774785                 0.000038
                28.403147                 0.000043
                29.453080                 0.000049
                32.562015                 0.000056
                34.636512                 0.000063
                34.546057                 0.000070
                38.452611                 0.000077
                41.315459                 0.000085
                42.852380                 0.000094
                48.329409                 0.000102
                52.719493                 0.000111
                51.850850                 0.000121
                54.702785                 0.000131
                58.558834                 0.000141
                60.702322                 0.000151
                63.789470                 0.000162
                65.771218                 0.000174
                70.964987                 0.000186
                78.404696                 0.000198
                82.410077                 0.000210
                83.425648                 0.000223
                88.296116                 0.000237
                92.553900                 0.000250
                97.355660                 0.000264
               103.451651                 0.000279
               106.841701                 0.000294
               109.920602                 0.000309
               113.832201                 0.000325
               122.975743                 0.000341
               128.174308                 0.000357
               133.352760                 0.000374
               137.493298                 0.000391
               141.160826                 0.000408
               147.781778                 0.000426
               153.917660                 0.000445
               159.396872                 0.000463
               165.913287                 0.000482
               172.235692                 0.000502
               179.115861                 0.000522
               184.814321                 0.000542
               191.765063                 0.000563
               197.314515                 0.000584
               203.525278                 0.000605
               211.401836                 0.000627
               219.115350                 0.000649
               225.382197                 0.000671
               232.693007                 0.000694
               238.581551                 0.000717
               246.951547                 0.000741
               254.341244                 0.000765
               261.752410                 0.000790
               271.050702                 0.000814
               275.861795                 0.000840
               286.424294                 0.000865
               295.489576                 0.000891
               302.410086                 0.000917
               309.841138                 0.000944
               318.884386                 0.000971
               326.168364                 0.000998
               336.338793                 0.001026
               345.735400                 0.001054
               352.226576                 0.001083
               362.079002                 0.001112
               371.645029                 0.001141
               377.115851                 0.001171
               383.337957                 0.001201
               388.692078                 0.001231
               394.058190                 0.001262
               399.707504                 0.001293
               405.568941                 0.001325
               409.046963                 0.001357
               415.736360                 0.001389
               421.890322                 0.001422
               425.173259                 0.001455
               429.925847                 0.001489
               435.282210                 0.001522
               440.060934                 0.001557
               444.261082                 0.001591
               450.623478                 0.001626
               455.324058                 0.001661
               460.594545                 0.001697
               465.940675                 0.001733
               469.072087                 0.001769
               473.891292                 0.001806
               479.692027                 0.001843
               484.748762                 0.001881
               491.105750                 0.001919
               494.824782                 0.001957
               499.698562                 0.001996
               503.264895                 0.002035
               508.798098                 0.002074
               515.586240                 0.002114
               519.596105                 0.002154
               524.851995                 0.002194
               529.358050                 0.002235
               532.888639                 0.002276
               538.335091                 0.002318
               543.922796                 0.002360
               550.118710                 0.002402
               554.214575                 0.002445
               558.222545                 0.002488
               564.061854                 0.002531
               567.561032                 0.002575
               572.643107                 0.002619
               577.930864                 0.002663
               582.354905                 0.002708
               588.383473                 0.002753
               592.055539                 0.002799
               595.885261                 0.002845
               601.756306                 0.002891
               603.690659                 0.002938
               609.315929                 0.002985
               614.241109                 0.003032
               616.199829                 0.003080
               622.630334                 0.003128
               624.778450                 0.003176
               629.370722                 0.003225
               633.190297                 0.003274
               635.784875                 0.003323
               640.560265                 0.003373
               642.917306                 0.003423
               647.071522                 0.003474
               649.592409                 0.003525
               652.341642                 0.003576
               655.801747                 0.003628
               657.736216                 0.003680
               662.915043                 0.003732
               663.097697                 0.003784
               667.453701                 0.003837
               670.399058                 0.003891
               672.710111                 0.003945
               675.803595                 0.003999
               677.165939                 0.004053
               680.444634                 0.004108
               682.527431                 0.004163
               683.612484                 0.004218
               687.779625                 0.004274
               687.367702                 0.004330
               690.895549                 0.004387
               692.715563                 0.004443
               693.875827                 0.004501
               696.476470                 0.004558
               697.639666                 0.004616
               698.767186                 0.004674
               700.865830                 0.004733
               701.119525                 0.004792
               703.554516                 0.004851
               703.353314                 0.004910
               706.636551                 0.004970
               704.554590                 0.005030
               708.366872                 0.005091
               707.589433                 0.005152
               708.129658                 0.005213
               710.245216                 0.005275
               707.933797                 0.005337
               710.388307                 0.005399
               709.479413                 0.005461
               711.360617                 0.005524
               710.021285                 0.005588
               709.441677                 0.005651
               710.334288                 0.005715
               708.089409                 0.005779
               706.857094                 0.005844
               702.590605                 0.005909
               705.527486                 0.005974
               700.908890                 0.006040
               696.263155                 0.006106
               697.576457                 0.006172
               693.623182                 0.006238
               687.007244                 0.006305
               687.504719                 0.006372
               683.043527                 0.006440
               675.843336                 0.006508
               673.874177                 0.006576
               672.462628                 0.006644
               662.017274                 0.006713
               659.890144                 0.006782
               657.667897                 0.006852
               644.326680                 0.006922
               641.537606                 0.006992
               640.558225                 0.007062
               628.420358                 0.007133
               622.400168                 0.007204
               621.257334                 0.007275
               611.615108                 0.007347
               601.676673                 0.007419
               599.764125                 0.007492
               593.669102                 0.007564
               580.910307                 0.007637
               579.148239                 0.007710
               572.970452                 0.007784
               561.367366                 0.007858
               556.451693                 0.007932
               551.519988                 0.008007
               542.818249                 0.008081
               533.792370                 0.008157
               529.894911                 0.008232
               522.754041                 0.008308
               512.298305                 0.008384
               509.047037                 0.008460
               501.089758                 0.008537
               492.712074                 0.008614
               487.405682                 0.008691
               480.018465                 0.008769
               472.494516                 0.008847
               465.943750                 0.008925
               458.852201                 0.009003
               452.476006                 0.009082
               445.445320                 0.009161
               438.780198                 0.009240
               433.127477                 0.009320
               424.733428                 0.009400
               419.875990                 0.009480
               412.301877                 0.009561
               405.941863                 0.009642
               400.149721                 0.009723
               392.603919                 0.009804
               387.934733                 0.009886
               380.887077                 0.009968
               373.875573                 0.010050
               369.499704                 0.010133
               362.436264                 0.010216
               356.042009                 0.010299
               351.667179                 0.010383
               343.734123                 0.010466
               338.881260                 0.010550
               333.732555                 0.010635
               326.510626                 0.010719
               322.427065                 0.010804
               315.986103                 0.010889
               310.485247                 0.010975
               305.532078                 0.011061
               298.442938                 0.011147
               294.267809                 0.011233
               289.475046                 0.011320
               283.814874                 0.011406
               279.166391                 0.011494
               273.752147                 0.011581
               269.158831                 0.011669
               264.458045                 0.011757
               258.774710                 0.011845
               253.687541                 0.011933
               250.778852                 0.012022
               243.903518                 0.012111
               240.468915                 0.012201
               236.814995                 0.012290
               230.203308                 0.012380
               227.430098                 0.012470
               223.029328                 0.012560
               217.481241                 0.012651
               214.056325                 0.012742
               210.589633                 0.012833
               205.322532                 0.012925
               201.828704                 0.013016
               197.989005                 0.013108
               194.061407                 0.013201
               190.142877                 0.013293
               185.456199                 0.013386
               182.792402                 0.013479
               180.026856                 0.013572
               173.996935                 0.013666
               173.002310                 0.013759
               168.663299                 0.013853
               164.487753                 0.013948
               162.657497                 0.014042
               158.760578                 0.014137
               153.949970                 0.014232
               152.588944                 0.014327
               148.563198                 0.014423
               143.839217                 0.014519
               144.563654                 0.014615
               139.799574                 0.014711
               136.610810                 0.014807
               134.448628                 0.014904
               130.894551                 0.015001
               127.440693                 0.015098
               127.565379                 0.015196
               122.043851                 0.015294
               119.913382                 0.015391
               119.410289                 0.015490
               115.924019                 0.015588
               112.844212                 0.015687
               108.441015                 0.015786
               106.655313                 0.015885
               106.320489                 0.015984
               102.390058                 0.016084
               100.186066                 0.016184
               100.514421                 0.016284
                97.283627                 0.016384
                92.944759                 0.016485
                92.338129                 0.016585
                92.311558                 0.016686
                86.650318                 0.016787
                87.714067                 0.016889
                87.812251                 0.016991
                84.727334                 0.017092
                81.096335                 0.017195
                80.119343                 0.017297
                77.512298                 0.017399
                76.834824                 0.017502
                72.604699                 0.017605
                71.687076                 0.017708
                73.480123                 0.017812
                70.409956                 0.017915
                66.919603                 0.018019
                67.458169                 0.018123
                64.075905                 0.018227
                62.965278                 0.018332
                64.298710                 0.018437
                61.191719                 0.018541
                59.791486                 0.018647
                60.117865                 0.018752
                57.610778                 0.018857
                56.502461                 0.018963
                56.211911                 0.019069
                56.320338                 0.019175
                54.678069                 0.019281
                53.457071                 0.019388
                50.870168                 0.019495
                49.152078                 0.019602
                49.472194                 0.019709
                47.252913                 0.019816
                47.723196                 0.019924
                46.998884                 0.020031
                44.969196                 0.020139
                44.723625                 0.020247
                45.505455                 0.020355
                42.487498                 0.020464
                43.234479                 0.020573
                45.533291                 0.020681
                39.580121                 0.020790
                44.014776                 0.020900
                40.767044                 0.021009
                39.405199                 0.021119
                40.425643                 0.021228
                37.531001                 0.021338
                35.764534                 0.021448
                36.237259                 0.021559
                36.666919                 0.021669
                34.512455                 0.021780
                34.443484                 0.021891
                34.234651                 0.022002
                35.263627                 0.022113
                32.566678                 0.022224
                34.371961                 0.022336
                32.739095                 0.022448
                30.378947                 0.022559
                31.613358                 0.022672
                31.437493                 0.022784
                29.999811                 0.022896
                28.915631                 0.023009
                30.478986                 0.023121
                29.996445                 0.023234
                30.110957                 0.023347
                26.237044                 0.023460
                27.778735                 0.023574
                27.560199                 0.023687
                26.040004                 0.023801
                26.910545                 0.023915
                26.227700                 0.024029
                25.493212                 0.024143
                26.857879                 0.024257
                27.389672                 0.024372
                25.894034                 0.024486
                28.649345                 0.024601
                24.274382                 0.024716
                25.232948                 0.024831
                26.567677                 0.024946
                24.499004                 0.025061
                26.057623                 0.025177
                25.294509                 0.025293
                23.014330                 0.025408
                23.335305                 0.025524
                25.203197                 0.025640
                24.116093                 0.025756
                24.200742                 0.025873
                23.007275                 0.025989
                22.165141                 0.026106
                24.805843                 0.026223
                24.047156                 0.026339
                24.154631                 0.026456
                22.027261                 0.026574
                24.173845                 0.026691
                21.653872                 0.026808
                19.182455                 0.026926
                21.257391                 0.027043
                21.208637                 0.027161
                22.358826                 0.027279
                22.357465                 0.027397
                18.731396                 0.027515
                20.807547                 0.027633
                22.203711                 0.027752
                20.500265                 0.027870
                18.420146                 0.027989
                20.231665                 0.028108
                17.436139                 0.028226
                21.705864                 0.028345
                21.554757                 0.028464
                18.439497                 0.028584
                17.922359                 0.028703
                20.020960                 0.028822
                18.989250                 0.028942
                19.971605                 0.029061
                19.885861                 0.029181
                17.950207                 0.029301
                21.753783                 0.029421
                17.857057                 0.029541
                18.235257                 0.029661
                18.620026                 0.029781
                18.827117                 0.029902
                18.129899                 0.030022
                19.525132                 0.030143
                20.336799                 0.030263
                20.112600                 0.030384
                16.339193                 0.030505
                18.473163                 0.030626
                17.359412                 0.030747
                16.773042                 0.030868
                19.219011                 0.030989
                18.805595                 0.031110
                18.952655                 0.031231
                17.530979                 0.031353
                17.646288                 0.031474
                17.374755                 0.031596
                15.253728                 0.031718
                17.159375                 0.031839
                16.834890                 0.031961
                17.983879                 0.032083
                18.374196                 0.032205
                16.272529                 0.032327
                18.395517                 0.032449
                15.415613                 0.032571
                18.491232                 0.032694
                17.344558                 0.032816
                15.466497                 0.032938
                16.059281                 0.033061
                16.627141                 0.033184
                17.844665                 0.033306
                16.722402                 0.033429
                17.981127                 0.033552
                17.889896                 0.033674
                17.139424                 0.033797
                17.555048                 0.033920
                15.417150                 0.034043
                16.609286                 0.034166
                15.819306                 0.034289
                18.178080                 0.034412
                17.257081                 0.034536
                16.831679                 0.034659
                14.554831                 0.034782
                17.079687                 0.034906
                17.057665                 0.035029
                14.250252                 0.035153
                16.121387                 0.035276
                15.847744                 0.035400
                15.600339                 0.035523
                18.263072                 0.035647
                18.406628                 0.035771
                17.447830                 0.035894
                16.137575                 0.036018
                16.220724                 0.036142
                16.058267                 0.036266
                15.721556                 0.036390
                16.133850                 0.036513
                16.285739                 0.036637
                14.934259                 0.036761
                15.157612                 0.036885
                14.830813                 0.037009
                16.677426                 0.037134
                16.884930                 0.037258
                15.245016                 0.037382
                15.689675                 0.037506
                16.335446                 0.037630
                14.703459                 0.037754
                15.798279                 0.037879
                15.896428                 0.038003
                14.693945                 0.038127
                14.419390                 0.038251
                14.920283                 0.038376
                15.000304                 0.038500
                15.311772                 0.038624
                15.283216                 0.038749
                15.180483                 0.038873
                13.485593                 0.038997
                17.125598                 0.039122
                13.491912                 0.039246
                14.499727                 0.039370
                16.203603                 0.039495
                14.671354                 0.039619
                16.943232                 0.039744
                14.209150                 0.039868
                12.840617                 0.039992
