                 0.000000                 0.001614
                 0.012605                 0.001677
                 0.025210                 0.001735
                 0.037815                 0.001790
                 0.050420                 0.001843
                 0.063025                 0.001892
                 0.075630                 0.001939
                 0.088235                 0.001983
                 0.100840                 0.002023
                 0.113445                 0.002059
                 0.126050                 0.002091
                 0.138655                 0.002117
                 0.151261                 0.002138
                 0.163866                 0.002152
                 0.176471                 0.002159
                 0.189076                 0.002159
                 0.201681                 0.002151
                 0.214286                 0.002132
                 0.226891                 0.002103
                 0.239496                 0.002065
                 0.252101                 0.002026
                 0.264706                 0.002086
                 0.277311                 0.002534
                 0.289916                 0.003757
                 0.302521                 0.006176
                 0.315126                 0.010084
                 0.327731                 0.015645
                 0.340336                 0.022909
                 0.352941                 0.031858
                 0.365546                 0.042388
                 0.378151                 0.054334
                 0.390756                 0.067483
                 0.403361                 0.081580
                 0.415966                 0.096341
                 0.428571                 0.111461
                 0.441176                 0.126623
                 0.453782                 0.141508
                 0.466387                 0.155794
                 0.478992                 0.169170
                 0.491597                 0.181336
                 0.504202                 0.192016
                 0.516807                 0.200957
                 0.529412                 0.207936
                 0.542017                 0.212765
                 0.554622                 0.215294
                 0.567227                 0.215420
                 0.579832                 0.213083
                 0.592437                 0.208276
                 0.605042                 0.201046
                 0.617647                 0.191498
                 0.630252                 0.179792
                 0.642857                 0.166151
                 0.655462                 0.150862
                 0.668067                 0.134280
                 0.680672                 0.116841
                 0.693277                 0.099184
                 0.705882                 0.082398
                 0.718487                 0.067978
                 0.731092                 0.057415
                 0.743697                 0.051844
                 0.756303                 0.051876
                 0.768908                 0.057505
                 0.781513                 0.068115
                 0.794118                 0.082568
                 0.806723                 0.099377
                 0.819328                 0.117056
                 0.831933                 0.134515
                 0.844538                 0.151111
                 0.857143                 0.166409
                 0.869748                 0.180053
                 0.882353                 0.191758
                 0.894958                 0.201300
                 0.907563                 0.208521
                 0.920168                 0.213314
                 0.932773                 0.215636
                 0.945378                 0.215492
                 0.957983                 0.212942
                 0.970588                 0.208092
                 0.983193                 0.201090
                 0.995798                 0.192128
                 1.008403                 0.181426
                 1.021008                 0.169238
                 1.033613                 0.155842
                 1.046219                 0.141537
                 1.058824                 0.126636
                 1.071429                 0.111459
                 1.084034                 0.096328
                 1.096639                 0.081558
                 1.109244                 0.067455
                 1.121849                 0.054305
                 1.134454                 0.042360
                 1.147059                 0.031832
                 1.159664                 0.022887
                 1.172269                 0.015627
                 1.184874                 0.010072
                 1.197479                 0.006170
                 1.210084                 0.003759
                 1.222689                 0.002545
                 1.235294                 0.002105
                 1.247899                 0.002048
                 1.260504                 0.002088
                 1.273109                 0.002128
                 1.285714                 0.002157
                 1.298319                 0.002175
                 1.310924                 0.002183
                 1.323529                 0.002182
                 1.336134                 0.002173
                 1.348740                 0.002157
                 1.361345                 0.002133
                 1.373950                 0.002104
                 1.386555                 0.002069
                 1.399160                 0.002030
                 1.411765                 0.001986
                 1.424370                 0.001938
                 1.436975                 0.001887
                 1.449580                 0.001834
                 1.462185                 0.001778
                 1.474790                 0.001719
                 1.487395                 0.001657
                 1.500000                 0.001592
