                 0.000000                 0.000510
                 0.025424                 0.000488
                 0.050847                 0.000471
                 0.076271                 0.000456
                 0.101695                 0.000445
                 0.127119                 0.000435
                 0.152542                 0.000423
                 0.177966                 0.000410
                 0.203390                 0.000394
                 0.228814                 0.000387
                 0.254237                 0.000493
                 0.279661                 0.001530
                 0.305085                 0.005771
                 0.330508                 0.015646
                 0.355932                 0.031942
                 0.381356                 0.054133
                 0.406780                 0.080809
                 0.432203                 0.109856
                 0.457627                 0.138862
                 0.483051                 0.165335
                 0.508475                 0.186938
                 0.533898                 0.201645
                 0.559322                 0.207899
                 0.584746                 0.204809
                 0.610169                 0.192232
                 0.635593                 0.170872
                 0.661017                 0.142410
                 0.686441                 0.110107
                 0.711864                 0.080202
                 0.737288                 0.061672
                 0.762712                 0.061630
                 0.788136                 0.080084
                 0.813559                 0.109931
                 0.838983                 0.142201
                 0.864407                 0.170645
                 0.889831                 0.191999
                 0.915254                 0.204582
                 0.940678                 0.207688
                 0.966102                 0.201453
                 0.991525                 0.186774
                 1.016949                 0.165200
                 1.042373                 0.138756
                 1.067797                 0.109777
                 1.093220                 0.080753
                 1.118644                 0.054096
                 1.144068                 0.031920
                 1.169491                 0.015634
                 1.194915                 0.005764
                 1.220339                 0.001524
                 1.245763                 0.000487
                 1.271186                 0.000381
                 1.296610                 0.000389
                 1.322034                 0.000406
                 1.347458                 0.000420
                 1.372881                 0.000432
                 1.398305                 0.000443
                 1.423729                 0.000455
                 1.449153                 0.000470
                 1.474576                 0.000488
                 1.500000                 0.000510
