                 0.000000                 0.000540
                 0.051724                 0.000635
                 0.103448                 0.000727
                 0.155172                 0.000834
                 0.206897                 0.000974
                 0.258621                 0.001971
                 0.310345                 0.009910
                 0.362069                 0.037694
                 0.413793                 0.087987
                 0.465517                 0.143209
                 0.517241                 0.186386
                 0.568966                 0.202592
                 0.620690                 0.183646
                 0.672414                 0.137069
                 0.724138                 0.092423
                 0.775862                 0.092383
                 0.827586                 0.136726
                 0.879310                 0.182591
                 0.931034                 0.200837
                 0.982759                 0.184665
                 1.034483                 0.141704
                 1.086207                 0.086938
                 1.137931                 0.037212
                 1.189655                 0.009783
                 1.241379                 0.001969
                 1.293103                 0.000977
                 1.344828                 0.000837
                 1.396552                 0.000730
                 1.448276                 0.000638
                 1.500000                 0.000544
