                 6.900324                 0.000000
                 7.087376                 0.000001
                 7.391501                 0.000002
                 7.818392                 0.000003
                 8.367241                 0.000005
                 9.037227                 0.000007
                 9.828034                 0.000009
                10.738384                 0.000012
                11.772777                 0.000016
                12.934742                 0.000019
                14.216612                 0.000023
                15.619028                 0.000028
                17.146986                 0.000033
                18.798460                 0.000038
                20.564293                 0.000043
                22.450815                 0.000049
                24.458892                 0.000056
                26.593895                 0.000063
                28.852629                 0.000070
                31.230309                 0.000077
                33.729770                 0.000085
                36.356483                 0.000094
                39.102263                 0.000102
                41.965333                 0.000111
                44.949148                 0.000121
                48.055287                 0.000131
                51.284304                 0.000141
                54.633123                 0.000151
                58.106555                 0.000162
                61.703316                 0.000174
                65.425672                 0.000186
                69.261871                 0.000198
                73.217002                 0.000210
                77.295018                 0.000223
                81.495823                 0.000237
                85.814979                 0.000250
                90.254469                 0.000264
                94.818136                 0.000279
                99.506941                 0.000294
               104.316377                 0.000309
               109.242015                 0.000325
               114.288894                 0.000341
               119.456369                 0.000357
               124.743698                 0.000374
               130.146856                 0.000391
               135.673694                 0.000408
               141.325514                 0.000426
               147.098621                 0.000445
               152.989758                 0.000463
               159.000175                 0.000482
               165.131254                 0.000502
               171.384161                 0.000522
               177.749899                 0.000542
               184.234250                 0.000563
               190.843043                 0.000584
               197.573302                 0.000605
               204.424187                 0.000627
               211.392199                 0.000649
               218.481770                 0.000671
               225.691067                 0.000694
               233.017869                 0.000717
               240.457074                 0.000741
               248.018055                 0.000765
               255.700230                 0.000790
               263.501846                 0.000814
               271.420171                 0.000840
               279.459763                 0.000865
               287.620643                 0.000891
               295.898641                 0.000917
               304.291245                 0.000944
               312.797660                 0.000971
               321.426391                 0.000998
               330.173055                 0.001026
               339.035311                 0.001054
               348.015799                 0.001083
               357.118041                 0.001112
               365.890260                 0.001141
               372.234704                 0.001171
               378.255945                 0.001201
               383.412709                 0.001231
               388.576564                 0.001262
               393.480373                 0.001293
               398.060130                 0.001325
               403.051624                 0.001357
               407.655572                 0.001389
               412.238332                 0.001422
               417.158603                 0.001455
               421.442723                 0.001489
               426.265813                 0.001522
               431.203556                 0.001557
               435.680547                 0.001591
               440.603994                 0.001626
               445.300936                 0.001661
               449.971406                 0.001697
               454.716300                 0.001733
               459.280791                 0.001769
               463.820325                 0.001806
               468.682165                 0.001843
               473.385717                 0.001881
               477.944598                 0.001919
               482.733443                 0.001957
               487.180065                 0.001996
               491.844559                 0.002035
               496.655329                 0.002074
               501.137183                 0.002114
               505.596764                 0.002154
               510.367634                 0.002194
               514.680775                 0.002235
               519.681084                 0.002276
               523.898186                 0.002318
               528.618203                 0.002360
               533.042651                 0.002402
               537.691089                 0.002445
               541.547678                 0.002488
               546.573612                 0.002531
               550.638310                 0.002575
               555.254506                 0.002619
               559.196455                 0.002663
               564.005444                 0.002708
               567.954759                 0.002753
               572.433682                 0.002799
               576.416940                 0.002845
               580.762044                 0.002891
               584.801618                 0.002938
               588.999201                 0.002985
               591.995172                 0.003032
               596.280303                 0.003080
               600.346601                 0.003128
               604.610670                 0.003176
               607.803274                 0.003225
               611.182816                 0.003274
               614.582546                 0.003323
               618.570135                 0.003373
               621.123950                 0.003423
               625.209154                 0.003474
               627.964383                 0.003525
               631.436584                 0.003576
               634.612963                 0.003628
               637.599570                 0.003680
               640.407197                 0.003732
               643.692153                 0.003784
               645.735405                 0.003837
               648.880213                 0.003891
               651.595253                 0.003945
               654.117099                 0.003999
               656.794898                 0.004053
               659.241943                 0.004108
               661.429279                 0.004163
               664.377235                 0.004218
               666.183131                 0.004274
               668.422554                 0.004330
               670.568373                 0.004387
               672.433209                 0.004443
               674.777409                 0.004501
               676.247827                 0.004558
               678.296174                 0.004616
               680.107310                 0.004674
               681.760658                 0.004733
               683.312527                 0.004792
               684.612749                 0.004851
               686.583073                 0.004910
               688.250671                 0.004970
               689.693324                 0.005030
               690.603590                 0.005091
               692.070250                 0.005152
               693.320222                 0.005213
               694.053336                 0.005275
               694.532230                 0.005337
               695.495041                 0.005399
               696.642323                 0.005461
               697.940302                 0.005524
               698.304397                 0.005588
               698.136528                 0.005651
               699.450277                 0.005715
               699.801863                 0.005779
               700.139469                 0.005844
               701.405418                 0.005909
               700.908154                 0.005974
               700.834029                 0.006040
               701.907166                 0.006106
               701.735010                 0.006172
               701.326647                 0.006238
               701.657673                 0.006305
               701.592842                 0.006372
               700.918373                 0.006440
               700.548516                 0.006508
               700.237422                 0.006576
               699.394734                 0.006644
               699.486099                 0.006713
               698.216478                 0.006782
               697.515252                 0.006852
               696.400755                 0.006922
               695.985213                 0.006992
               694.840052                 0.007062
               694.152188                 0.007133
               692.346643                 0.007204
               691.468113                 0.007275
               690.182043                 0.007347
               688.355087                 0.007419
               687.596939                 0.007492
               686.104208                 0.007564
               683.728154                 0.007637
               682.385993                 0.007710
               681.805026                 0.007784
               678.659855                 0.007858
               677.454676                 0.007932
               676.254442                 0.008007
               672.950592                 0.008081
               671.294210                 0.008157
               670.855956                 0.008232
               666.240846                 0.008308
               665.758414                 0.008384
               664.190696                 0.008460
               659.965649                 0.008537
               659.360953                 0.008614
               657.079131                 0.008691
               652.645603                 0.008769
               651.685385                 0.008847
               650.180087                 0.008925
               645.464594                 0.009003
               643.099655                 0.009082
               642.348660                 0.009161
               637.970421                 0.009240
               636.477058                 0.009320
               634.566185                 0.009400
               629.808816                 0.009480
               627.634658                 0.009561
               626.523748                 0.009642
               621.509176                 0.009723
               618.311566                 0.009804
               618.058631                 0.009886
               612.838715                 0.009968
               609.633572                 0.010050
               608.841865                 0.010133
               604.311128                 0.010216
               601.369870                 0.010299
               599.797850                 0.010383
               595.350468                 0.010466
               591.768095                 0.010550
               590.498020                 0.010635
               585.776330                 0.010719
               582.182836                 0.010804
               581.294008                 0.010889
               576.871515                 0.010975
               572.658018                 0.011061
               571.950925                 0.011147
               567.644075                 0.011233
               562.733182                 0.011320
               561.684472                 0.011406
               557.898643                 0.011494
               553.288355                 0.011581
               551.353985                 0.011669
               548.304317                 0.011757
               543.983230                 0.011845
               541.512239                 0.011933
               538.495586                 0.012022
               533.663606                 0.012111
               531.095687                 0.012201
               528.410529                 0.012290
               524.532515                 0.012380
               521.148115                 0.012470
               518.518635                 0.012560
               513.976203                 0.012651
               511.177613                 0.012742
               507.979503                 0.012833
               504.336621                 0.012925
               500.823261                 0.013016
               497.943536                 0.013108
               494.239725                 0.013201
               490.756416                 0.013293
               488.253842                 0.013386
               484.018295                 0.013479
               480.756783                 0.013572
               477.409593                 0.013666
               474.259118                 0.013759
               470.421983                 0.013853
               467.781297                 0.013948
               464.127304                 0.014042
               460.649786                 0.014137
               457.193804                 0.014232
               454.276908                 0.014327
               450.343312                 0.014423
               447.269391                 0.014519
               443.962047                 0.014615
               440.652586                 0.014711
               437.550038                 0.014807
               433.967245                 0.014904
               430.736830                 0.015001
               427.369495                 0.015098
               424.134841                 0.015196
               420.726907                 0.015294
               417.480413                 0.015391
               414.180757                 0.015490
               411.099391                 0.015588
               407.582608                 0.015687
               404.471533                 0.015786
               401.023832                 0.015885
               398.180429                 0.015984
               394.741252                 0.016084
               391.480690                 0.016184
               388.319906                 0.016284
               385.248423                 0.016384
               381.848152                 0.016485
               378.733096                 0.016585
               375.547877                 0.016686
               372.533480                 0.016787
               369.351213                 0.016889
               366.286289                 0.016991
               363.212415                 0.017092
               359.952444                 0.017195
               356.904591                 0.017297
               353.851144                 0.017399
               350.721303                 0.017502
               347.640830                 0.017605
               344.711785                 0.017708
               341.523152                 0.017812
               338.699054                 0.017915
               335.598124                 0.018019
               332.593023                 0.018123
               329.570808                 0.018227
               326.735973                 0.018332
               323.808591                 0.018437
               320.720612                 0.018541
               317.758306                 0.018647
               314.909550                 0.018752
               312.140631                 0.018857
               309.077677                 0.018963
               306.306810                 0.019069
               303.590181                 0.019175
               300.653124                 0.019281
               297.818327                 0.019388
               295.085448                 0.019495
               292.222686                 0.019602
               289.274153                 0.019709
               286.773046                 0.019816
               283.938052                 0.019924
               281.184676                 0.020031
               278.471331                 0.020139
               275.854488                 0.020247
               272.886046                 0.020355
               270.390225                 0.020464
               267.927382                 0.020573
               265.123885                 0.020681
               262.468732                 0.020790
               259.912770                 0.020900
               257.431634                 0.021009
               252.695528                 0.021119
               252.421744                 0.021228
               250.365305                 0.021338
               246.086182                 0.021448
               243.238239                 0.021559
               241.918408                 0.021669
               238.679956                 0.021780
               237.004279                 0.021891
               234.532174                 0.022002
               231.515731                 0.022113
               228.268729                 0.022224
               226.939661                 0.022336
               225.629217                 0.022448
               222.958266                 0.022559
               219.735349                 0.022672
               218.479485                 0.022784
               215.678495                 0.022896
               213.492677                 0.023009
               210.877191                 0.023121
               209.182835                 0.023234
               206.383959                 0.023347
               204.133285                 0.023460
               202.122567                 0.023574
               199.797970                 0.023687
               197.533103                 0.023801
               196.074183                 0.023915
               193.267154                 0.024029
               191.612505                 0.024143
               189.292305                 0.024257
               187.065460                 0.024372
               185.278757                 0.024486
               183.259750                 0.024601
               180.929677                 0.024716
               179.266687                 0.024831
               176.444966                 0.024946
               175.016337                 0.025061
               173.509572                 0.025177
               171.651447                 0.025293
               169.061068                 0.025408
               167.320767                 0.025524
               165.682993                 0.025640
               164.124645                 0.025756
               161.552470                 0.025873
               159.741269                 0.025989
               158.216075                 0.026106
               156.895409                 0.026223
               154.048951                 0.026339
               152.983216                 0.026456
               151.531390                 0.026574
               149.289119                 0.026691
               147.589173                 0.026808
               145.920953                 0.026926
               144.521859                 0.027043
               142.090158                 0.027161
               140.811101                 0.027279
               139.191009                 0.027397
               138.018029                 0.027515
               136.084299                 0.027633
               134.607585                 0.027752
               132.981450                 0.027870
               131.415096                 0.027989
               129.351680                 0.028108
               128.493072                 0.028226
               126.826708                 0.028345
               125.027344                 0.028464
               124.017159                 0.028584
               122.196956                 0.028703
               120.670809                 0.028822
               119.418548                 0.028942
               118.199577                 0.029061
               116.599199                 0.029181
               115.167894                 0.029301
               114.110979                 0.029421
               112.569941                 0.029541
               111.275554                 0.029661
               109.983181                 0.029781
               108.539548                 0.029902
               106.936086                 0.030022
               105.963405                 0.030143
               104.653350                 0.030263
               103.316726                 0.030384
               101.960005                 0.030505
               101.154986                 0.030626
                99.715402                 0.030747
                98.550810                 0.030868
                97.532889                 0.030989
                95.973855                 0.031110
                94.966854                 0.031231
                93.687588                 0.031353
                92.760093                 0.031474
                91.464901                 0.031596
                90.554053                 0.031718
                89.204691                 0.031839
                88.247150                 0.031961
                87.145330                 0.032083
                86.170193                 0.032205
                85.019081                 0.032327
                79.861529                 0.032449
                81.100872                 0.032571
                79.611531                 0.032694
                80.503542                 0.032816
                80.546271                 0.032938
                74.840110                 0.033061
                75.944492                 0.033184
                74.176998                 0.033306
                74.648226                 0.033429
                74.962197                 0.033552
                73.566392                 0.033674
                73.301729                 0.033797
                70.286113                 0.033920
                71.119048                 0.034043
                68.972804                 0.034166
                68.702681                 0.034289
                67.439529                 0.034412
                66.337993                 0.034536
                65.975116                 0.034659
                65.052069                 0.034782
                65.674595                 0.034906
                65.211104                 0.035029
                63.697207                 0.035153
                63.202978                 0.035276
                63.177903                 0.035400
                61.712041                 0.035523
                60.871658                 0.035647
                59.578715                 0.035771
                59.336083                 0.035894
                58.105053                 0.036018
                57.667832                 0.036142
                57.143338                 0.036266
                56.930011                 0.036390
                55.921201                 0.036513
                55.937779                 0.036637
                53.873240                 0.036761
                54.023662                 0.036885
                53.071096                 0.037009
                52.184330                 0.037134
                50.812198                 0.037258
                51.175744                 0.037382
                50.312769                 0.037506
                49.400157                 0.037630
                48.513864                 0.037754
                48.351176                 0.037879
                47.364989                 0.038003
                47.761482                 0.038127
                46.555060                 0.038251
                46.518305                 0.038376
                45.984730                 0.038500
                45.413319                 0.038624
                44.660048                 0.038749
                44.419928                 0.038873
                43.273218                 0.038997
                43.319445                 0.039122
                42.485054                 0.039246
                42.025270                 0.039370
                41.302091                 0.039495
                41.145449                 0.039619
                40.283890                 0.039744
                39.852514                 0.039868
                39.375099                 0.039992
