                13.966432                 0.000000
                15.600686                 0.000001
                12.370667                 0.000002
                16.429470                 0.000003
                14.291778                 0.000005
                16.589294                 0.000007
                15.446386                 0.000009
                17.165865                 0.000012
                16.833653                 0.000016
                17.924081                 0.000019
                21.933912                 0.000023
                23.442868                 0.000028
                23.114292                 0.000033
                25.772848                 0.000038
                28.484265                 0.000043
                27.793592                 0.000049
                31.393968                 0.000056
                33.062004                 0.000063
                35.853295                 0.000070
                39.657257                 0.000077
                39.652750                 0.000085
                41.583263                 0.000094
                45.994666                 0.000102
                49.592223                 0.000111
                52.968422                 0.000121
                56.314560                 0.000131
                59.065376                 0.000141
                64.491947                 0.000151
                67.135368                 0.000162
                67.889079                 0.000174
                70.828578                 0.000186
                78.333162                 0.000198
                81.507289                 0.000210
                86.306099                 0.000223
                88.439251                 0.000237
                90.721449                 0.000250
                96.693003                 0.000264
               103.088654                 0.000279
               106.765227                 0.000294
               111.347648                 0.000309
               114.309574                 0.000325
               119.503869                 0.000341
               128.611786                 0.000357
               132.952984                 0.000374
               136.158415                 0.000391
               142.054291                 0.000408
               148.490899                 0.000426
               155.892425                 0.000445
               159.229693                 0.000463
               164.862051                 0.000482
               168.629417                 0.000502
               179.360740                 0.000522
               184.381559                 0.000542
               192.499581                 0.000563
               195.979960                 0.000584
               204.611738                 0.000605
               211.996150                 0.000627
               217.804563                 0.000649
               226.037657                 0.000671
               231.746649                 0.000694
               238.260945                 0.000717
               246.219751                 0.000741
               256.085519                 0.000765
               260.793742                 0.000790
               270.298455                 0.000814
               274.901510                 0.000840
               286.091824                 0.000865
               293.331500                 0.000891
               303.354438                 0.000917
               310.380190                 0.000944
               319.311782                 0.000971
               322.836904                 0.000998
               335.559343                 0.001026
               344.592053                 0.001054
               353.048048                 0.001083
               358.584508                 0.001112
               370.340510                 0.001141
               374.637868                 0.001171
               383.978479                 0.001201
               389.032817                 0.001231
               394.060329                 0.001262
               398.343308                 0.001293
               403.639283                 0.001325
               411.635661                 0.001357
               413.853989                 0.001389
               420.009552                 0.001422
               424.469724                 0.001455
               428.584128                 0.001489
               435.174111                 0.001522
               438.833083                 0.001557
               442.944813                 0.001591
               449.121004                 0.001626
               453.165639                 0.001661
               457.787768                 0.001697
               462.771591                 0.001733
               467.505349                 0.001769
               471.496757                 0.001806
               476.875926                 0.001843
               479.886717                 0.001881
               485.663226                 0.001919
               490.953335                 0.001957
               495.777981                 0.001996
               501.048719                 0.002035
               505.284822                 0.002074
               508.022975                 0.002114
               516.197195                 0.002154
               519.740880                 0.002194
               523.757319                 0.002235
               529.553013                 0.002276
               532.145832                 0.002318
               539.393039                 0.002360
               542.385840                 0.002402
               548.817482                 0.002445
               552.770769                 0.002488
               556.663119                 0.002531
               562.491356                 0.002575
               566.854674                 0.002619
               570.461516                 0.002663
               575.887458                 0.002708
               579.229470                 0.002753
               584.298606                 0.002799
               586.766598                 0.002845
               592.522992                 0.002891
               598.283600                 0.002938
               600.044530                 0.002985
               603.964815                 0.003032
               608.622921                 0.003080
               610.119544                 0.003128
               615.408783                 0.003176
               619.041083                 0.003225
               623.307381                 0.003274
               626.716352                 0.003323
               628.013959                 0.003373
               633.844098                 0.003423
               636.735562                 0.003474
               639.012676                 0.003525
               643.392944                 0.003576
               644.959701                 0.003628
               649.045173                 0.003680
               651.939512                 0.003732
               655.094237                 0.003784
               657.112063                 0.003837
               659.641201                 0.003891
               663.986308                 0.003945
               666.420732                 0.003999
               667.629223                 0.004053
               669.563380                 0.004108
               672.777030                 0.004163
               676.008300                 0.004218
               677.210161                 0.004274
               680.004621                 0.004330
               681.050958                 0.004387
               682.826342                 0.004443
               685.785020                 0.004501
               687.601364                 0.004558
               689.973651                 0.004616
               689.523171                 0.004674
               692.568709                 0.004733
               694.370829                 0.004792
               694.679779                 0.004851
               696.932384                 0.004910
               698.517836                 0.004970
               700.008852                 0.005030
               701.015965                 0.005091
               701.844748                 0.005152
               703.854170                 0.005213
               703.663034                 0.005275
               705.506065                 0.005337
               706.426547                 0.005399
               706.072207                 0.005461
               706.817761                 0.005524
               709.308572                 0.005588
               708.517873                 0.005651
               708.205923                 0.005715
               711.278413                 0.005779
               710.353200                 0.005844
               710.022651                 0.005909
               710.362928                 0.005974
               708.970667                 0.006040
               710.120063                 0.006106
               710.348918                 0.006172
               708.973720                 0.006238
               709.054483                 0.006305
               709.883065                 0.006372
               708.028904                 0.006440
               706.439409                 0.006508
               707.704163                 0.006576
               705.107662                 0.006644
               704.572481                 0.006713
               704.592628                 0.006782
               701.311943                 0.006852
               702.500375                 0.006922
               699.611003                 0.006992
               697.638629                 0.007062
               697.643425                 0.007133
               695.560694                 0.007204
               694.897088                 0.007275
               692.809403                 0.007347
               693.557368                 0.007419
               689.471939                 0.007492
               687.275339                 0.007564
               688.960179                 0.007637
               681.718350                 0.007710
               682.558928                 0.007784
               680.270312                 0.007858
               677.792692                 0.007932
               675.474119                 0.008007
               673.178786                 0.008081
               672.180913                 0.008157
               668.470903                 0.008232
               667.807038                 0.008308
               663.261572                 0.008384
               661.360771                 0.008460
               659.321840                 0.008537
               656.449616                 0.008614
               654.011560                 0.008691
               652.399494                 0.008769
               647.758077                 0.008847
               646.739092                 0.008925
               642.926011                 0.009003
               642.310395                 0.009082
               638.265795                 0.009161
               635.321283                 0.009240
               632.302724                 0.009320
               628.220927                 0.009400
               626.771150                 0.009480
               622.677539                 0.009561
               620.927061                 0.009642
               616.776610                 0.009723
               614.792722                 0.009804
               611.860597                 0.009886
               609.099832                 0.009968
               606.362708                 0.010050
               601.487693                 0.010133
               599.588703                 0.010216
               595.375467                 0.010299
               593.235360                 0.010383
               590.444952                 0.010466
               586.551740                 0.010550
               583.287549                 0.010635
               580.148512                 0.010719
               576.612957                 0.010804
               574.011606                 0.010889
               570.727214                 0.010975
               566.935930                 0.011061
               564.434491                 0.011147
               560.064749                 0.011233
               557.707192                 0.011320
               554.053612                 0.011406
               551.019422                 0.011494
               547.291993                 0.011581
               544.323895                 0.011669
               540.664754                 0.011757
               538.099498                 0.011845
               533.921880                 0.011933
               532.100118                 0.012022
               527.069876                 0.012111
               524.677520                 0.012201
               521.415571                 0.012290
               517.077625                 0.012380
               514.972037                 0.012470
               510.683384                 0.012560
               507.994617                 0.012651
               504.500595                 0.012742
               501.311904                 0.012833
               497.679295                 0.012925
               494.740342                 0.013016
               490.971142                 0.013108
               489.102577                 0.013201
               483.830459                 0.013293
               481.689651                 0.013386
               454.668797                 0.013479
               438.166713                 0.013572
               459.042222                 0.013666
               442.809895                 0.013759
               444.032616                 0.013853
               441.001483                 0.013948
               443.467763                 0.014042
               430.026060                 0.014137
               436.048522                 0.014232
               425.688520                 0.014327
               427.332012                 0.014423
               421.258104                 0.014519
               419.963565                 0.014615
               415.563274                 0.014711
               413.268481                 0.014807
               411.862014                 0.014904
               404.643544                 0.015001
               405.204905                 0.015098
               400.689584                 0.015196
               398.237069                 0.015294
               393.607922                 0.015391
               393.434263                 0.015490
               386.726605                 0.015588
               387.624603                 0.015687
               380.907923                 0.015786
               381.238100                 0.015885
               376.398246                 0.015984
               374.463730                 0.016084
               372.178580                 0.016184
               370.109243                 0.016284
               372.084622                 0.016384
               372.611455                 0.016485
               366.278655                 0.016585
               365.030529                 0.016686
               363.474990                 0.016787
               357.705829                 0.016889
               357.358471                 0.016991
               352.526985                 0.017092
               350.116937                 0.017195
               348.028919                 0.017297
               343.653371                 0.017399
               341.406042                 0.017502
               339.055475                 0.017605
               334.766541                 0.017708
               333.172931                 0.017812
               325.492725                 0.017915
               325.354502                 0.018019
               324.118438                 0.018123
               317.370539                 0.018227
               316.772418                 0.018332
               314.438018                 0.018437
               310.520216                 0.018541
               309.423613                 0.018647
               305.086607                 0.018752
               302.280643                 0.018857
               300.788403                 0.018963
               297.106062                 0.019069
               294.342423                 0.019175
               291.973275                 0.019281
               288.347491                 0.019388
               286.951112                 0.019495
               283.085309                 0.019602
               280.662782                 0.019709
               277.919705                 0.019816
               276.162779                 0.019924
               272.533582                 0.020031
               270.227143                 0.020139
               267.423266                 0.020247
               265.728134                 0.020355
               261.910362                 0.020464
               259.912127                 0.020573
               257.417530                 0.020681
               254.124448                 0.020790
               252.495677                 0.020900
               250.570246                 0.021009
               246.271308                 0.021119
               245.700560                 0.021228
               242.314586                 0.021338
               239.521647                 0.021448
               237.668825                 0.021559
               235.540319                 0.021669
               232.494220                 0.021780
               230.573984                 0.021891
               227.854045                 0.022002
               225.577357                 0.022113
               223.521798                 0.022224
               220.975487                 0.022336
               218.985399                 0.022448
               216.896046                 0.022559
               213.481567                 0.022672
               213.448963                 0.022784
               209.609602                 0.022896
               206.715258                 0.023009
               206.185971                 0.023121
               201.892903                 0.023234
               199.506731                 0.023347
               199.915498                 0.023460
               195.472495                 0.023574
               193.917840                 0.023687
               193.851936                 0.023801
               190.156201                 0.023915
               188.221172                 0.024029
               188.041864                 0.024143
               183.870719                 0.024257
               183.271096                 0.024372
               182.028332                 0.024486
               178.634396                 0.024601
               176.646037                 0.024716
               176.087882                 0.024831
               173.356150                 0.024946
               171.166491                 0.025061
               169.341780                 0.025177
               168.194055                 0.025293
               165.542301                 0.025408
               163.820187                 0.025524
               162.114302                 0.025640
               160.747033                 0.025756
               157.823283                 0.025873
               157.727878                 0.025989
               155.340614                 0.026106
               152.791102                 0.026223
               152.343205                 0.026339
               150.721690                 0.026456
               147.611130                 0.026574
               148.367131                 0.026691
               145.358761                 0.026808
               143.081042                 0.026926
               142.586984                 0.027043
               141.208121                 0.027161
               138.778915                 0.027279
               137.500931                 0.027397
               135.705622                 0.027515
               134.969602                 0.027633
               132.934825                 0.027752
               131.249530                 0.027870
               129.762342                 0.027989
               129.125553                 0.028108
               126.292975                 0.028226
               125.563014                 0.028345
               124.522014                 0.028464
               122.376883                 0.028584
               121.967250                 0.028703
               120.236206                 0.028822
               118.334853                 0.028942
               118.498307                 0.029061
               115.986420                 0.029181
               114.446768                 0.029301
               114.091228                 0.029421
               112.476644                 0.029541
               110.897666                 0.029661
               109.830248                 0.029781
               108.023109                 0.029902
               106.588244                 0.030022
               106.656518                 0.030143
               104.823307                 0.030263
               103.077339                 0.030384
               101.742566                 0.030505
               101.600998                 0.030626
               100.389444                 0.030747
                97.853862                 0.030868
                94.803882                 0.030989
                97.165801                 0.031110
                95.589658                 0.031231
                95.465425                 0.031353
                91.921510                 0.031474
                88.608910                 0.031596
                91.980037                 0.031718
                91.860712                 0.031839
                89.715406                 0.031961
                86.051003                 0.032083
                82.023077                 0.032205
                86.790718                 0.032327
                83.542216                 0.032449
                85.969059                 0.032571
                83.156695                 0.032694
                77.564055                 0.032816
                79.409693                 0.032938
                80.134494                 0.033061
                81.135458                 0.033184
                79.611713                 0.033306
                76.918472                 0.033429
                77.688906                 0.033552
                77.612807                 0.033674
                75.629772                 0.033797
                75.112374                 0.033920
                73.005330                 0.034043
                70.809671                 0.034166
                70.296155                 0.034289
                71.632089                 0.034412
                71.982115                 0.034536
                70.431280                 0.034659
                70.215318                 0.034782
                68.583311                 0.034906
                65.577223                 0.035029
                65.085802                 0.035153
                64.121623                 0.035276
                66.081108                 0.035400
                64.911028                 0.035523
                65.079428                 0.035647
                58.883795                 0.035771
                61.278614                 0.035894
                62.644579                 0.036018
                65.503436                 0.036142
                60.976070                 0.036266
                56.633571                 0.036390
                59.349184                 0.036513
                58.090206                 0.036637
                56.264783                 0.036761
                59.060462                 0.036885
                57.456559                 0.037009
                51.929819                 0.037134
                54.242681                 0.037258
                55.615150                 0.037382
                52.200891                 0.037506
                52.877775                 0.037630
                50.399956                 0.037754
                50.934018                 0.037879
                51.080111                 0.038003
                51.569562                 0.038127
                51.167880                 0.038251
                49.998110                 0.038376
                52.744770                 0.038500
                48.476874                 0.038624
                47.286202                 0.038749
                48.468736                 0.038873
                46.357537                 0.038997
                48.314912                 0.039122
                47.637549                 0.039246
                47.223275                 0.039370
                47.730910                 0.039495
                44.278137                 0.039619
                43.481808                 0.039744
                44.481656                 0.039868
                44.839377                 0.039992
