                44.526748                 0.000123
               157.437095                 0.000493
               345.168183                 0.001109
               486.243083                 0.001971
               535.544271                 0.003078
               578.824896                 0.004428
               616.607511                 0.006021
               648.201689                 0.007854
               672.055886                 0.009926
               687.590016                 0.012236
               695.278553                 0.014780
               696.451380                 0.017556
               692.655504                 0.020561
               685.349352                 0.023793
               676.316695                 0.027248
               666.788355                 0.030923
               657.482418                 0.034814
               648.711751                 0.038918
               640.629789                 0.043229
               633.214904                 0.047745
               626.427909                 0.052461
               620.151652                 0.057371
               614.283812                 0.062472
               608.763495                 0.067757
               603.558710                 0.073223
               598.471548                 0.078863
               593.500647                 0.084671
               588.569195                 0.090643
               583.687466                 0.096773
               578.778399                 0.103053
               573.824214                 0.109479
               568.797773                 0.116043
               563.665445                 0.122739
               558.348921                 0.129561
               552.871634                 0.136502
               547.114682                 0.143554
               541.064104                 0.150712
               534.800509                 0.157968
               528.316694                 0.165315
               521.692856                 0.172745
               514.897238                 0.180251
               507.934800                 0.187827
               500.832428                 0.195463
               493.618792                 0.203154
               486.275968                 0.210891
               478.819150                 0.218666
               471.297502                 0.226472
               463.695746                 0.234302
               456.034362                 0.242147
               448.317321                 0.249999
