                 6.491803                 0.000010
                15.880577                 0.000039
                31.516489                 0.000089
                53.380973                 0.000158
                81.447985                 0.000246
               115.683865                 0.000354
               156.047895                 0.000482
               202.492402                 0.000628
               254.962087                 0.000794
               313.394671                 0.000979
               371.665242                 0.001182
               406.775221                 0.001404
               440.336892                 0.001645
               474.055156                 0.001903
               507.695808                 0.002180
               540.623571                 0.002474
               572.425192                 0.002785
               600.991935                 0.003113
               623.914580                 0.003458
               642.453711                 0.003820
               657.509486                 0.004197
               668.853043                 0.004590
               676.784624                 0.004998
               680.925635                 0.005421
               680.107816                 0.005858
               672.630098                 0.006309
               659.434783                 0.006774
               643.389067                 0.007251
               626.848700                 0.007742
               611.178558                 0.008244
               596.940693                 0.008758
               584.240406                 0.009283
               572.814286                 0.009819
               562.601437                 0.010365
               553.460928                 0.010920
               545.156272                 0.011484
               537.650136                 0.012057
               530.802070                 0.012637
               524.910864                 0.013225
               518.737834                 0.013820
               513.941279                 0.014420
               508.895288                 0.015026
               504.456428                 0.015637
               499.859255                 0.016252
               496.290685                 0.016871
               492.354344                 0.017493
               488.558311                 0.018118
               485.669185                 0.018744
               482.665949                 0.019372
               479.196611                 0.020000
