                 3.470986                 0.000010
                11.829219                 0.000039
                25.748627                 0.000089
                45.213698                 0.000158
                70.202676                 0.000246
               100.685982                 0.000354
               136.629039                 0.000482
               177.991736                 0.000628
               224.726446                 0.000794
               276.524416                 0.000979
               327.441998                 0.001182
               341.387686                 0.001404
               352.568733                 0.001645
               363.087605                 0.001903
               373.217661                 0.002180
               383.041613                 0.002474
               392.326281                 0.002785
               401.024787                 0.003113
               408.662021                 0.003458
               416.658330                 0.003820
               424.257896                 0.004197
               431.190658                 0.004590
               437.412844                 0.004998
               443.285696                 0.005421
               448.691999                 0.005858
               453.508666                 0.006309
               457.912410                 0.006774
               461.441489                 0.007252
               464.590244                 0.007742
               466.647773                 0.008244
               466.785949                 0.008758
               460.268655                 0.009283
               430.450526                 0.009819
               388.354275                 0.010365
               365.065265                 0.010920
               350.727951                 0.011484
               338.669868                 0.012057
               332.355229                 0.012638
               328.102008                 0.013225
               321.932999                 0.013820
               318.425491                 0.014420
               313.724358                 0.015026
               310.649932                 0.015637
               311.006425                 0.016252
               309.503686                 0.016871
               305.442154                 0.017493
               305.368629                 0.018118
               307.727468                 0.018744
               307.524778                 0.019372
               306.281481                 0.020000
