                 9.954276                 0.000010
                19.299276                 0.000039
                34.855607                 0.000089
                56.609862                 0.000158
                84.536908                 0.000246
               118.602765                 0.000354
               158.767997                 0.000482
               204.983236                 0.000628
               257.187924                 0.000794
               315.328765                 0.000979
               374.813647                 0.001182
               410.055483                 0.001404
               443.888423                 0.001645
               477.775645                 0.001903
               511.468030                 0.002180
               544.425798                 0.002474
               575.816318                 0.002785
               603.529503                 0.003113
               626.607197                 0.003458
               645.291572                 0.003820
               660.090471                 0.004197
               670.770349                 0.004590
               677.108398                 0.004998
               677.490215                 0.005421
               667.812188                 0.005858
               650.205839                 0.006309
               629.029016                 0.006774
               607.767188                 0.007251
               588.484482                 0.007742
               571.571907                 0.008244
               557.084714                 0.008758
               544.738545                 0.009283
               534.057012                 0.009819
               524.945127                 0.010365
               517.065798                 0.010920
               510.364162                 0.011484
               504.459179                 0.012057
               499.211663                 0.012637
               494.535307                 0.013225
               490.145654                 0.013820
               486.317544                 0.014420
               482.573942                 0.015026
               479.243785                 0.015637
               476.119637                 0.016252
               473.055843                 0.016871
               470.476882                 0.017493
               467.782607                 0.018118
               465.367023                 0.018744
               463.251741                 0.019372
               460.918273                 0.020000
