 0    0.000000000000e+000  0.000000000000e+000
 1    7.710588761256e-006  1.193403527141e-001
 2    3.084187846980e-005  4.748281836510e-001
 3    6.939244485693e-005  1.068882822990e+000
 4    1.233599032275e-004  1.898891210556e+000
 5    1.927409466589e-004  2.967124938965e+000
 6    2.775312459562e-004  4.270925045013e+000
 7    3.777256351896e-004  5.812383174896e+000
 8    4.933179006912e-004  7.588826656342e+000
 9    6.243009120226e-004  9.602136611938e+000
 10    7.706665783189e-004  1.184965801239e+001
 11    9.324058773927e-004  1.433303356171e+001
 12    1.109508797526e-003  1.704965591431e+001
 13    1.301964512095e-003  1.961135292053e+001
 14    1.509761088528e-003  2.159428024292e+001
 15    1.732885721140e-003  2.342348861694e+001
 16    1.971324672922e-003  2.522541046143e+001
 17    2.225063042715e-003  2.703307723999e+001
 18    2.494085580111e-003  2.885713577271e+001
 19    2.778375288472e-003  3.068305778503e+001
 20    3.077914938331e-003  3.251257324219e+001
 21    3.392685670406e-003  3.431822204590e+001
 22    3.722668392584e-003  3.610402679443e+001
 23    4.067842848599e-003  3.783442687988e+001
 24    4.428187385201e-003  3.951733779907e+001
 25    4.803679883480e-003  4.110775375366e+001
 26    5.194297526032e-003  4.260708236694e+001
 27    5.600015632808e-003  4.397913360596e+001
 28    6.020809523761e-003  4.523051834106e+001
 29    6.456653121859e-003  4.630190658569e+001
 30    6.907519884408e-003  4.724169921875e+001
 31    7.373381406069e-003  4.801685333252e+001
 32    7.854209281504e-003  4.866713714600e+001
 33    8.349974639714e-003  4.916427612305e+001
 34    8.860645815730e-003  4.954452896118e+001
 35    9.386191144586e-003  4.977172088623e+001
 36    9.926578961313e-003  4.992173767090e+001
 37    1.048177480698e-002  4.998355102539e+001
 38    1.105174608529e-002  4.999044799805e+001
 39    1.163645647466e-002  4.994623565674e+001
 40    1.223587058485e-002  4.987380599976e+001
 41    1.284995116293e-002  4.976680374146e+001
 42    1.347866002470e-002  4.964795303345e+001
 43    1.412195898592e-002  4.951012039185e+001
 44    1.477980799973e-002  4.937080764771e+001
 45    1.545216608793e-002  4.922500610352e+001
 46    1.613899320364e-002  4.908278656006e+001
 47    1.684024371207e-002  4.893557739258e+001
 48    1.755587942898e-002  4.880379486084e+001
 49    1.828585192561e-002  4.866894912720e+001
 50    1.903011649847e-002  4.855261230469e+001
 51    1.978863030672e-002  4.842900466919e+001
 52    2.056134305894e-002  4.832429122925e+001
 53    2.134821005166e-002  4.821694946289e+001
 54    2.214918099344e-002  4.812492370605e+001
 55    2.296420745552e-002  4.803277969360e+001
 56    2.379323728383e-002  4.795112228394e+001
 57    2.463622018695e-002  4.787004470825e+001
 58    2.549310587347e-002  4.779288482666e+001
 59    2.636384032667e-002  4.772604751587e+001
 60    2.724836952984e-002  4.769363784790e+001
 61    2.814663760364e-002  4.761304855347e+001
 62    2.905859239399e-002  4.756974029541e+001
 63    2.998417615891e-002  4.750185775757e+001
 64    3.092332929373e-002  4.744467163086e+001
 65    3.187599778175e-002  4.738459396362e+001
 66    3.284212201834e-002  4.728778076172e+001
 67    3.382163867354e-002  4.720022201538e+001
 68    3.481449186802e-002  4.707832717896e+001
 69    3.582062199712e-002  4.697193145752e+001
 70    3.683995828032e-002  4.682854461670e+001
 71    3.787244483829e-002  4.670697402954e+001
 72    3.891801834106e-002  4.654619598389e+001
 73    3.997661173344e-002  4.641217041016e+001
 74    4.104815796018e-002  4.623709869385e+001
 75    4.213259741664e-002  4.609239196777e+001
 76    4.322985559702e-002  4.590519332886e+001
 77    4.433986917138e-002  4.575638198853e+001
 78    4.546257108450e-002  4.555400466919e+001
 79    4.659788683057e-002  4.538937377930e+001
 80    4.774575307965e-002  4.518254470825e+001
 81    4.890609160066e-002  4.501589202881e+001
 82    5.007883533835e-002  4.479662322998e+001
 83    5.126391351223e-002  4.461436080933e+001
 84    5.246124789119e-002  4.440292739868e+001
 85    5.367076769471e-002  4.421705245972e+001
 86    5.489239841700e-002  4.398152160645e+001
 87    5.612606555223e-002  4.378763961792e+001
 88    5.737169086933e-002  4.355664825439e+001
 89    5.862919613719e-002  4.335001754761e+001
 90    5.989850685000e-002  4.311039733887e+001
 91    6.117954850197e-002  4.288743209839e+001
 92    6.247223168612e-002  4.264929962158e+001
 93    6.377648562193e-002  4.243884658813e+001
 94    6.509222835302e-002  4.219869232178e+001
 95    6.641937047243e-002  4.195681381226e+001
 96    6.775784492493e-002  4.171646499634e+001
 97    6.910755485296e-002  4.147809982300e+001
 98    7.046842575073e-002  4.123102569580e+001
 99    7.184036821127e-002  4.100246047974e+001
 100    7.322330772877e-002  4.073795700073e+001
 101    7.461713999510e-002  4.049081802368e+001
 102    7.602179795504e-002  4.023894500732e+001
 103    7.743719220161e-002  3.997851943970e+001
 104    7.886322587729e-002  3.974038314819e+001
 105    8.029981702566e-002  3.946457290649e+001
 106    8.174686878920e-002  3.922767639160e+001
 107    8.320430666208e-002  3.894583511353e+001
 108    8.467203378677e-002  3.870860290527e+001
 109    8.614996075630e-002  3.842350769043e+001
 110    8.763799071312e-002  3.818546295166e+001
 111    8.913603425026e-002  3.789829254150e+001
 112    9.064400196075e-002  3.765884780884e+001
 113    9.216180443764e-002  3.737062835693e+001
 114    9.368933737278e-002  3.712932205200e+001
 115    9.522651135921e-002  3.684138107300e+001
 116    9.677323698997e-002  3.659778594971e+001
 117    9.832940995693e-002  3.631127166748e+001
 118    9.989494085312e-002  3.606508255005e+001
 119    1.014697328210e-001  3.578096008301e+001
 120    1.030536890030e-001  3.553238296509e+001
 121    1.046467050910e-001  3.525391006470e+001
 122    1.062486842275e-001  3.499902725220e+001
 123    1.078595370054e-001  3.472328186035e+001
 124    1.094791591167e-001  3.446831130981e+001
 125    1.111074388027e-001  3.419642639160e+001
 126    1.127442941070e-001  3.393786621094e+001
 127    1.143896132708e-001  3.366949844360e+001
 128    1.160432994366e-001  3.341176986694e+001
 129    1.177052482963e-001  3.315080642700e+001
 130    1.193753555417e-001  3.288488388062e+001
 131    1.210535243154e-001  3.263044357300e+001
 132    1.227396428585e-001  3.235690689087e+001
 133    1.244336143136e-001  3.211948394775e+001
 134    1.261353343725e-001  3.183087539673e+001
 135    1.278446912766e-001  3.160099220276e+001
 136    1.295615881681e-001  3.132169723511e+001
 137    1.312859058380e-001  3.109099388123e+001
 138    1.330175399780e-001  3.081207084656e+001
 139    1.347564011812e-001  3.057937049866e+001
 140    1.365023702383e-001  3.030642700195e+001
 141    1.382553428411e-001  3.007394981384e+001
 142    1.400152146816e-001  2.981196022034e+001
 143    1.417818516493e-001  2.957107543945e+001
 144    1.435551792383e-001  2.930644798279e+001
 145    1.453350633383e-001  2.907434272766e+001
 146    1.471214145422e-001  2.882282638550e+001
 147    1.489140987396e-001  2.858643150330e+001
 148    1.507130265236e-001  2.833456039429e+001
 149    1.525180786848e-001  2.809457397461e+001
 150    1.543291360140e-001  2.786027717590e+001
 151    1.561461091042e-001  2.762012100220e+001
 152    1.579688638449e-001  2.741683578491e+001
 153    1.597972959280e-001  2.714136123657e+001
 154    1.616312861443e-001  2.692112350464e+001
 155    1.634707301855e-001  2.667046356201e+001
 156    1.653155237436e-001  2.646386909485e+001
 157    1.671655327082e-001  2.621959114075e+001
 158    1.690206527710e-001  2.601045608521e+001
 159    1.708807647228e-001  2.577260017395e+001
 160    1.727457493544e-001  2.556525421143e+001
 161    1.746155172586e-001  2.532840919495e+001
 162    1.764899194241e-001  2.512147331238e+001
 163    1.783688664436e-001  2.489168739319e+001
 164    1.802522242069e-001  2.468003273010e+001
 165    1.821398884058e-001  2.445157051086e+001
 166    1.840317398310e-001  2.424420166016e+001
 167    1.859276592731e-001  2.402833557129e+001
 168    1.878275275230e-001  2.382094573975e+001
 169    1.897312402725e-001  2.366341209412e+001
 170    1.916386634111e-001  2.344540977478e+001
 171    1.935496777296e-001  2.320259857178e+001
 172    1.954641938210e-001  2.299043464661e+001
 173    1.973820626736e-001  2.279436302185e+001
 174    1.993031799793e-001  2.267628097534e+001
 175    2.012274265289e-001  2.242022514343e+001
 176    2.031546682119e-001  2.219068908691e+001
 177    2.050848156214e-001  2.201165199280e+001
 178    2.070177197456e-001  2.184127044678e+001
 179    2.089532911777e-001  2.164788436890e+001
 180    2.108913809061e-001  2.141141510010e+001
 181    2.128318846226e-001  2.130175590515e+001
 182    2.147746980190e-001  2.111067199707e+001
 183    2.167196720839e-001  2.093033981323e+001
 184    2.186666876078e-001  2.076435661316e+001
 185    2.206156551838e-001  2.064783287048e+001
 186    2.225664258003e-001  2.042846298218e+001
 187    2.245188802481e-001  2.033199119568e+001
 188    2.264729291201e-001  2.033882904053e+001
 189    2.284284085035e-001  2.011930274963e+001
 190    2.303852289915e-001  1.996349716187e+001
 191    2.323432564735e-001  1.977248382568e+001
 192    2.343023717403e-001  1.979628562927e+001
 193    2.362624555826e-001  1.945404434204e+001
 194    2.382233887911e-001  1.952932739258e+001
 195    2.401850521564e-001  1.923134040833e+001
 196    2.421473115683e-001  1.919033241272e+001
 197    2.441100627184e-001  1.895487213135e+001
 198    2.460731714964e-001  1.884421920776e+001
 199    2.480365186930e-001  1.879909706116e+001
 200    2.500000000000e-001  1.848686408997e+001
