                 5.345459                 0.000005
                 9.972152                 0.000020
                17.676246                 0.000044
                28.451904                 0.000079
                42.286842                 0.000123
                59.164691                 0.000177
                79.067067                 0.000241
               101.975152                 0.000314
               127.862688                 0.000397
               156.698767                 0.000489
               188.455749                 0.000591
               223.099558                 0.000702
               260.589489                 0.000822
               300.887807                 0.000952
               343.941358                 0.001090
               379.494470                 0.001237
               404.373879                 0.001393
               428.417302                 0.001557
               452.497064                 0.001729
               476.610871                 0.001910
               500.515963                 0.002098
               524.055977                 0.002295
               547.134202                 0.002499
               569.228295                 0.002710
               589.573100                 0.002929
               608.115246                 0.003155
               624.151278                 0.003387
               638.094009                 0.003626
               650.311551                 0.003871
               660.809697                 0.004122
               669.562534                 0.004379
               676.588641                 0.004642
               681.832996                 0.004910
               685.171300                 0.005182
               686.191642                 0.005460
               684.163286                 0.005742
               677.940434                 0.006028
               666.409483                 0.006319
               649.913704                 0.006613
               629.551664                 0.006910
               606.416739                 0.007210
               581.443134                 0.007513
               555.280790                 0.007819
               528.370006                 0.008126
               500.918775                 0.008436
               473.250206                 0.008747
               445.730108                 0.009059
               418.788757                 0.009372
               392.872419                 0.009686
               368.238213                 0.010000
