     0.995316    -0.002139     0.000000
     0.905435    -0.007534     0.000000
     0.940295     0.012805     0.000000
     0.975199     0.032831     0.001155
     0.850427     0.007205     0.000000
     0.885231     0.027275     0.000108
     0.920140     0.047590     0.000000
     0.954917     0.067822     0.000217
     0.989725     0.088088     0.000000
     0.760546     0.001810     0.000000
     0.795336     0.022185     0.000000
     0.830387     0.042149     0.000000
     0.865120     0.062444     0.001158
     0.899949     0.082498     0.000000
     0.934775     0.102783     0.001137
     0.969515     0.122884     0.001054
     0.670665    -0.003585     0.000000
     0.705457     0.016767     0.000000
     0.740411     0.036575     0.000000
     0.775245     0.056984     0.000000
     0.810154     0.077003     0.000000
     0.844940     0.097369     0.000000
     0.879871     0.117430     0.000000
     0.914603     0.137851     0.000119
     0.949501     0.158032     0.000391
     0.984226     0.178344     0.000486
     0.580783    -0.008980     0.000000
     0.615598     0.011308     0.000000
     0.650503     0.031181     0.000000
     0.685364     0.051615     0.000000
     0.720284     0.071624     0.000000
     0.755063     0.091956     0.000000
     0.790004     0.111945     0.000000
     0.824775     0.132276     0.000000
     0.859637     0.152326     0.000000
     0.894403     0.172633     0.000000
     0.929251     0.192731     0.000000
     0.963955     0.213158     0.000003
     0.998795     0.233396     0.000000
     0.525775     0.005760     0.000000
     0.560619     0.025832     0.000000
     0.595509     0.046174     0.000000
     0.630422     0.066218     0.000000
     0.665217     0.086479     0.000000
     0.700169     0.106477     0.000000
     0.734961     0.126779     0.000000
     0.769869     0.146864     0.000000
     0.804610     0.167200     0.000000
     0.839545     0.187320     0.000000
     0.874243     0.207670     0.000505
     0.909089     0.227867     0.000762
     0.943801     0.248171     0.000981
     0.978635     0.268301     0.000149
     0.435894     0.000365     0.000000
     0.470738     0.020572     0.000000
     0.505644     0.040714     0.000000
     0.540512     0.060792     0.000000
     0.575319     0.081006     0.000000
     0.610245     0.101047     0.000000
     0.645046     0.121357     0.000000
     0.679968     0.141414     0.000000
     0.714726     0.161738     0.000000
     0.749671     0.181751     0.000000
     0.784432     0.202081     0.000000
     0.819311     0.222125     0.000000
     0.854072     0.242536     0.000000
     0.888979     0.262583     0.000000
     0.923670     0.283104     0.000000
     0.958584     0.303242     0.000000
     0.993260     0.323608     0.000000
     0.346013    -0.005030     0.000000
     0.380854     0.015207     0.000000
     0.415767     0.035229     0.000000
     0.450625     0.055403     0.000000
     0.485506     0.075585     0.000000
     0.520375     0.095688     0.000000
     0.555254     0.115952     0.000000
     0.590147     0.136011     0.000000
     0.624968     0.156268     0.000000
     0.659894     0.176302     0.000000
     0.694680     0.196584     0.000000
     0.729566     0.216682     0.000000
     0.764281     0.237023     0.000000
     0.799200     0.257152     0.000000
     0.833876     0.277435     0.000000
     0.868685     0.297727     0.000000
     0.903435     0.317883     0.000000
     0.938220     0.338213     0.000427
     0.972879     0.358380     0.002893
     0.291005     0.009709     0.000000
     0.325824     0.029818     0.000000
     0.360736     0.050020     0.000000
     0.395573     0.070222     0.000000
     0.430488     0.090307     0.000000
     0.465310     0.110515     0.000000
     0.500266     0.130563     0.000000
     0.535015     0.150774     0.000000
     0.569984     0.170849     0.000000
     0.604710     0.191118     0.000000
     0.639674     0.211197     0.000000
     0.674348     0.231516     0.000000
     0.709360     0.251553     0.000000
     0.744037     0.271852     0.000000
     0.778973     0.291922     0.000000
     0.813628     0.312345     0.000000
     0.848650     0.332349     0.000000
     0.883216     0.352917     0.000000
     0.918180     0.373078     0.000000
     0.952909     0.393503     0.003723
     0.987333     0.414099     0.000000
     0.201124     0.004314     0.000000
     0.235899     0.024694     0.000000
     0.270936     0.044615     0.000000
     0.305726     0.064906     0.000000
     0.340636     0.084912     0.000000
     0.375517     0.105119     0.000000
     0.410393     0.125185     0.000000
     0.445275     0.145406     0.000000
     0.480117     0.165501     0.000000
     0.515016     0.185770     0.000000
     0.549883     0.205801     0.000000
     0.584722     0.226088     0.000000
     0.619616     0.246110     0.000000
     0.654420     0.266401     0.000000
     0.689261     0.286472     0.000000
     0.723944     0.306887     0.000000
     0.758851     0.326926     0.000000
     0.793522     0.347252     0.000727
     0.828181     0.367476     0.000000
     0.862997     0.387682     0.000000
     0.897709     0.407812     0.000000
     0.932324     0.428560     0.000306
     0.966517     0.448549     0.053066
     0.111243    -0.001081     0.000621
     0.145983     0.019394     0.000000
     0.181019     0.039079     0.000000
     0.215799     0.059511     0.000000
     0.250757     0.079488     0.000000
     0.285534     0.099742     0.000000
     0.320519     0.119790     0.000000
     0.355267     0.140050     0.000000
     0.390270     0.160093     0.000000
     0.425008     0.180329     0.000000
     0.460053     0.200341     0.000000
     0.494719     0.220554     0.000000
     0.529738     0.240654     0.000000
     0.564392     0.260889     0.000000
     0.599401     0.280983     0.000000
     0.633971     0.301318     0.000000
     0.669051     0.321342     0.000000
     0.703644     0.341662     0.000000
     0.738640     0.361670     0.000493
     0.773086     0.382276     0.000000
     0.808307     0.402042     0.000000
     0.842614     0.422803     0.001784
     0.877563     0.442615     0.003757
     0.911563     0.463152     0.000000
     0.948968     0.483893     0.052094
     0.973668     0.512135     0.026943
     0.021362    -0.006476     0.003044
     0.056158     0.013885     0.000000
     0.091108     0.033676     0.000535
     0.125917     0.054194     0.000000
     0.160889     0.074234     0.000000
     0.195675     0.094509     0.000000
     0.230684     0.114516     0.000000
     0.265514     0.134757     0.000000
     0.300434     0.154775     0.000000
     0.335323     0.174964     0.000000
     0.370186     0.195017     0.000000
     0.405093     0.215226     0.000000
     0.439870     0.235337     0.000000
     0.474823     0.255616     0.000000
     0.509626     0.275597     0.000000
     0.544522     0.295945     0.000000
     0.579321     0.315911     0.000000
     0.614239     0.336254     0.000000
     0.648955     0.356242     0.000991
     0.683640     0.376816     0.000386
     0.718478     0.396721     0.001219
     0.753198     0.417111     0.002431
     0.787662     0.437289     0.001078
     0.822611     0.457564     0.001257
     0.857040     0.478127     0.002492
     0.892838     0.498028     0.093887
     0.918146     0.516943     0.167801
     0.942871     0.543033     0.055645
     0.980172     0.564749     0.000000
     0.001307     0.028509     0.000165
     0.036180     0.048687     0.000194
     0.071135     0.068977     0.001393
     0.105780     0.089140     0.000000
     0.140887     0.109111     0.000000
     0.175590     0.129333     0.000000
     0.210595     0.149369     0.000000
     0.245295     0.169606     0.000000
     0.280340     0.189635     0.000000
     0.315028     0.209902     0.000000
     0.350082     0.229911     0.000000
     0.384764     0.250184     0.000000
     0.419868     0.270126     0.000000
     0.454477     0.290364     0.000000
     0.489504     0.310473     0.000000
     0.524116     0.330675     0.000000
     0.559178     0.350791     0.000000
     0.593618     0.371114     0.000368
     0.628780     0.391246     0.000000
     0.663265     0.411457     0.000667
     0.698469     0.431563     0.001492
     0.732425     0.452371     0.002393
     0.768120     0.471742     0.002083
     0.801827     0.493028     0.014591
     0.837436     0.511077     0.047783
     0.866392     0.537509     0.121737
     0.891631     0.562894     0.102667
     0.927601     0.580827     0.029970
     0.962336     0.600267     0.017164
     0.016111     0.083612     0.002189
     0.050869     0.103807     0.001986
     0.085751     0.124078     0.000000
     0.120687     0.144174     0.000000
     0.155519     0.164438     0.000000
     0.190506     0.184459     0.000000
     0.225382     0.204668     0.000000
     0.260256     0.224662     0.000000
     0.295209     0.244857     0.000000
     0.329998     0.264860     0.000000
     0.365008     0.285087     0.000000
     0.399622     0.305196     0.000000
     0.434715     0.325512     0.000000
     0.469351     0.345402     0.000000
     0.504428     0.365848     0.000239
     0.538949     0.385684     0.000000
     0.574206     0.406184     0.001137
     0.608468     0.425917     0.001346
     0.643604     0.446895     0.002137
     0.677673     0.466346     0.000722
     0.713367     0.487379     0.000000
     0.747115     0.507060     0.008932
     0.782100     0.528304     0.031337
     0.814357     0.548859     0.123904
     0.838945     0.571542     0.100806
     0.873293     0.593388     0.017586
     0.907460     0.615151     0.007206
     0.941407     0.636033     0.006544
     0.976352     0.656133     0.000000
     0.031026     0.139081     0.002841
     0.065740     0.159096     0.000000
     0.100791     0.179093     0.000000
     0.135515     0.199255     0.000222
     0.170459     0.219265     0.000068
     0.205139     0.239560     0.000000
     0.240204     0.259485     0.000000
     0.274879     0.279840     0.000000
     0.309941     0.299723     0.000000
     0.344597     0.320135     0.000000
     0.379703     0.339883     0.000000
     0.414338     0.360268     0.000753
     0.449225     0.380257     0.000159
     0.483978     0.400593     0.000000
     0.518935     0.420487     0.001878
     0.553355     0.441150     0.001671
     0.588351     0.460994     0.002179
     0.622959     0.481479     0.001179
     0.658036     0.501362     0.008804
     0.691820     0.521878     0.007195
     0.726965     0.542081     0.017577
     0.760891     0.562767     0.082920
     0.786717     0.588103     0.112016
     0.817713     0.611257     0.055292
     0.851553     0.631685     0.017784
     0.886597     0.650766     0.007124
     0.921739     0.670623     0.009521
     0.956144     0.690599     0.009939
     0.010852     0.173977     0.000000
     0.045656     0.194134     0.000035
     0.080622     0.214146     0.000277
     0.115407     0.234495     0.000093
     0.150400     0.254456     0.000000
     0.185309     0.274665     0.000000
     0.220162     0.294574     0.000000
     0.255140     0.314802     0.000000
     0.289926     0.334734     0.000000
     0.324961     0.354982     0.000994
     0.359494     0.375131     0.001317
     0.394579     0.395460     0.000782
     0.429251     0.415326     0.001237
     0.464288     0.435664     0.001279
     0.498795     0.455721     0.002524
     0.533937     0.476013     0.001066
     0.568502     0.496058     0.006374
     0.603076     0.516566     0.005926
     0.637635     0.537040     0.006741
     0.672293     0.557390     0.012414
     0.706986     0.577265     0.068193
     0.734871     0.600662     0.117223
     0.763944     0.623782     0.059760
     0.799030     0.643935     0.011417
     0.833893     0.664514     0.009871
     0.867740     0.685706     0.010795
     0.901945     0.706729     0.005679
     0.936772     0.726832     0.006370
     0.971276     0.746831     0.000000
     0.025779     0.229210     0.000460
     0.060750     0.249053     0.002201
     0.095487     0.269263     0.002756
     0.130349     0.289189     0.001983
     0.165004     0.309569     0.000000
     0.200212     0.329403     0.000409
     0.234791     0.349804     0.000203
     0.269992     0.369623     0.001366
     0.304460     0.390141     0.001092
     0.339759     0.409839     0.001000
     0.374256     0.430152     0.002411
     0.409204     0.450344     0.002338
     0.443823     0.470411     0.002295
     0.478909     0.490565     0.008291
     0.512998     0.510875     0.007586
     0.548031     0.531335     0.007791
     0.582545     0.551328     0.008123
     0.617319     0.571633     0.010073
     0.651755     0.591812     0.036449
     0.683537     0.614852     0.100846
     0.710232     0.638702     0.087346
     0.744073     0.659973     0.031324
     0.777509     0.680927     0.025159
     0.810985     0.701849     0.012700
     0.846483     0.721211     0.006513
     0.881438     0.740585     0.010196
     0.916162     0.761158     0.011446
     0.950609     0.781126     0.013356
     0.005837     0.264259     0.000000
     0.040796     0.284361     0.001263
     0.075445     0.304770     0.001005
     0.110435     0.324747     0.000000
     0.145370     0.344627     0.000000
     0.180284     0.364635     0.000000
     0.215149     0.384738     0.000000
     0.250116     0.404777     0.000280
     0.284952     0.424881     0.002541
     0.319666     0.445301     0.001789
     0.354460     0.465420     0.001645
     0.389542     0.485589     0.000046
     0.424339     0.505552     0.006641
     0.458964     0.526281     0.006534
     0.493816     0.546237     0.007536
     0.528659     0.566331     0.008631
     0.562912     0.587058     0.012802
     0.597324     0.607335     0.018983
     0.631303     0.628084     0.089212
     0.657993     0.651496     0.106309
     0.689653     0.674609     0.038240
     0.724545     0.694678     0.014942
     0.758790     0.715432     0.009435
     0.794406     0.735194     0.008678
     0.828231     0.756372     0.009271
     0.862720     0.777387     0.006422
     0.897178     0.797639     0.002978
     0.932409     0.817692     0.006820
     0.966199     0.837855     0.004493
     0.020694     0.319149     0.003915
     0.055371     0.339299     0.004529
     0.090382     0.359253     0.000920
     0.125073     0.379643     0.001108
     0.160319     0.399403     0.001833
     0.194869     0.419838     0.002949
     0.230060     0.439549     0.003154
     0.264512     0.460269     0.004320
     0.299730     0.479803     0.001374
     0.334395     0.500155     0.008121
     0.369032     0.520169     0.006492
     0.403947     0.540691     0.008683
     0.438665     0.560524     0.008823
     0.473293     0.581440     0.009786
     0.507816     0.601372     0.010552
     0.542278     0.622228     0.012450
     0.577174     0.641395     0.052628
     0.607370     0.666402     0.112112
     0.634740     0.690040     0.073756
     0.670242     0.709414     0.025099
     0.703377     0.730490     0.027682
     0.737526     0.751117     0.022899
     0.770996     0.772112     0.014428
     0.806229     0.791384     0.008785
     0.841281     0.810777     0.010007
     0.875995     0.831118     0.011073
     0.910569     0.851429     0.010820
     0.945127     0.872304     0.006949
     0.980685     0.892219     0.001093
     0.035774     0.375233     0.006929
     0.070418     0.394935     0.001128
     0.105932     0.414814     0.000090
     0.140442     0.434647     0.003182
     0.175700     0.455119     0.003238
     0.210279     0.474734     0.004874
     0.245465     0.495240     0.012131
     0.279652     0.515281     0.011225
     0.315125     0.536055     0.012202
     0.349749     0.555781     0.010727
     0.385027     0.576121     0.015701
     0.418975     0.596521     0.015741
     0.454219     0.616722     0.015091
     0.488421     0.636711     0.016353
     0.523305     0.657654     0.024210
     0.556762     0.678991     0.098256
     0.582411     0.703291     0.099807
     0.615885     0.725352     0.019646
     0.651195     0.745588     0.018396
     0.684426     0.766522     0.019055
     0.719835     0.786696     0.013847
     0.754608     0.806173     0.013132
     0.789527     0.827302     0.016419
     0.823078     0.848097     0.014091
     0.858082     0.868449     0.014393
     0.892185     0.888098     0.016263
     0.926942     0.908433     0.013798
     0.961440     0.927629     0.004742
     0.015895     0.409958     0.000000
     0.050914     0.429532     0.005532
     0.085485     0.449895     0.001694
     0.120816     0.469577     0.008671
     0.155348     0.490217     0.005635
     0.190683     0.509677     0.015664
     0.225440     0.531164     0.014111
     0.260701     0.550299     0.015443
     0.295623     0.570755     0.019592
     0.329921     0.590749     0.028696
     0.365017     0.611620     0.028511
     0.399419     0.631393     0.036610
     0.434404     0.652436     0.034064
     0.468022     0.672440     0.041352
     0.502880     0.692089     0.093475
     0.530543     0.716064     0.148159
     0.560867     0.741366     0.105275
     0.595422     0.759466     0.067503
     0.630122     0.780575     0.072785
     0.663554     0.801359     0.073367
     0.698978     0.822177     0.069600
     0.731593     0.842811     0.073073
     0.767066     0.862293     0.067146
     0.801440     0.881329     0.076147
     0.837226     0.902207     0.080700
     0.871197     0.922634     0.087062
     0.907039     0.943473     0.090342
     0.941696     0.963554     0.082549
     0.978687     0.982236     0.105546
     0.031120     0.465950     0.075827
     0.066459     0.484800     0.075437
     0.101635     0.505241     0.090691
     0.136283     0.525479     0.090469
     0.172241     0.545360     0.093238
     0.206255     0.565549     0.097561
     0.242127     0.586572     0.094364
     0.276536     0.607014     0.094060
     0.313346     0.627852     0.091383
     0.347247     0.647561     0.094617
     0.383200     0.669156     0.097662
     0.416250     0.688943     0.090984
     0.452543     0.709482     0.115098
     0.484751     0.732911     0.167285
     0.514618     0.759108     0.156074
     0.548215     0.780244     0.105160
     0.583991     0.800584     0.097398
     0.616859     0.820464     0.104164
     0.652312     0.841391     0.102607
     0.686215     0.861486     0.100604
     0.722627     0.882174     0.105065
     0.757553     0.902680     0.106248
     0.792527     0.923671     0.111230
     0.827072     0.943615     0.108641
     0.862397     0.963890     0.109953
     0.898104     0.984026     0.106365
     0.932970     1.004691     0.098003
     0.968621     1.023859     0.085985
     0.020058     0.507221     0.098099
     0.056508     0.525239     0.083215
     0.091378     0.545755     0.094070
     0.127074     0.566429     0.090434
     0.161802     0.586421     0.084794
     0.197084     0.607497     0.083851
     0.232147     0.626523     0.070385
     0.267125     0.646182     0.076904
     0.300901     0.666806     0.070297
     0.335664     0.687629     0.075456
     0.369847     0.708272     0.068331
     0.404297     0.729336     0.070895
     0.438885     0.748601     0.118888
     0.466251     0.774707     0.136475
     0.497124     0.797325     0.063905
     0.532141     0.817343     0.035901
     0.565813     0.837539     0.034391
     0.600746     0.858448     0.037724
     0.635239     0.878451     0.032255
     0.670433     0.898868     0.035060
     0.704763     0.919288     0.027292
     0.739402     0.939390     0.022556
     0.774936     0.959262     0.020609
     0.809896     0.979839     0.022584
     0.845367     1.000078     0.017352
     0.879664     1.020437     0.012036
     0.915153     1.040202     0.005833
     0.949565     1.060466     0.008934
     0.984360     1.080022     0.000000
     0.038318     0.562265     0.009889
     0.072808     0.580946     0.020153
     0.107775     0.601762     0.018928
     0.141799     0.620839     0.016773
     0.177018     0.641489     0.017016
     0.210491     0.661874     0.017767
     0.245750     0.683088     0.015232
     0.280038     0.702327     0.015109
     0.315809     0.722812     0.019300
     0.348730     0.743352     0.020701
     0.384471     0.763686     0.041289
     0.415041     0.787202     0.109105
     0.442748     0.811649     0.076269
     0.477216     0.831824     0.019561
     0.511447     0.852946     0.015804
     0.546077     0.872849     0.013366
     0.580996     0.893191     0.012551
     0.615353     0.913357     0.011873
     0.650435     0.933866     0.010804
     0.684922     0.953956     0.010119
     0.720535     0.974213     0.009489
     0.754640     0.994526     0.009000
     0.789953     1.014730     0.003129
     0.824236     1.034665     0.002214
     0.859663     1.054974     0.000771
     0.894034     1.074897     0.000000
     0.929486     1.095077     0.000000
     0.964271     1.114666     0.005124
     0.018750     0.597431     0.000000
     0.054111     0.617394     0.008576
     0.088475     0.637922     0.009039
     0.123554     0.657993     0.011978
     0.157911     0.678275     0.011080
     0.193395     0.697672     0.010249
     0.228113     0.717072     0.013428
     0.262495     0.737953     0.022908
     0.296019     0.758562     0.023558
     0.330454     0.779461     0.030001
     0.364349     0.799972     0.089282
     0.391432     0.824208     0.106807
     0.422827     0.847797     0.038305
     0.457808     0.867615     0.013267
     0.492087     0.888196     0.011575
     0.526845     0.908416     0.011295
     0.561120     0.929063     0.008629
     0.596156     0.949137     0.007276
     0.630888     0.969168     0.007224
     0.665740     0.989816     0.007357
     0.700297     1.009833     0.000252
     0.735650     1.029802     0.002513
     0.770199     1.049981     0.002020
     0.805398     1.070139     0.004135
     0.839907     1.090429     0.001038
     0.875221     1.110289     0.001768
     0.909886     1.130537     0.000163
     0.944949     1.150565     0.003845
     0.979507     1.170695     0.003263
     0.033583     0.652019     0.004240
     0.067891     0.672063     0.005949
     0.103076     0.692007     0.004148
     0.137565     0.712193     0.008077
     0.172057     0.733097     0.009164
     0.206148     0.753832     0.010126
     0.241402     0.773836     0.010413
     0.275810     0.794208     0.016122
     0.310613     0.814331     0.056036
     0.340310     0.838172     0.112002
     0.368315     0.862371     0.072317
     0.402733     0.882389     0.013924
     0.437545     0.902654     0.012927
     0.471388     0.923301     0.011906
     0.506467     0.943540     0.008106
     0.541010     0.963431     0.007720
     0.576095     0.983965     0.006940
     0.610494     1.004009     0.007436
     0.645489     1.024381     0.001931
     0.680412     1.044170     0.002512
     0.715120     1.064731     0.002144
     0.749964     1.084736     0.001235
     0.784827     1.104948     0.000124
     0.819739     1.124963     0.000000
     0.854623     1.145115     0.000000
     0.889480     1.165107     0.000000
     0.924525     1.185070     0.000047
     0.959257     1.205455     0.000405
     0.994254     1.225563     0.000000
     0.048952     0.708350     0.010375
     0.083474     0.728181     0.010060
     0.118248     0.748737     0.009369
     0.153294     0.767973     0.006718
     0.188618     0.787606     0.012984
     0.222424     0.808365     0.022111
     0.256238     0.829067     0.036009
     0.289367     0.851342     0.099599
     0.315473     0.875591     0.096792
     0.348573     0.897343     0.025594
     0.383029     0.917743     0.009776
     0.417432     0.938393     0.006995
     0.452191     0.958608     0.007671
     0.486946     0.978841     0.005355
     0.521444     0.999375     0.006986
     0.556230     1.019319     0.001073
     0.591156     1.039622     0.003249
     0.625821     1.059663     0.001806
     0.660632     1.080041     0.001413
     0.695544     1.099737     0.000991
     0.730410     1.120120     0.001752
     0.765257     1.140029     0.001418
     0.800102     1.160429     0.000803
     0.835061     1.180245     0.000608
     0.869951     1.200566     0.001674
     0.904703     1.220483     0.003529
     0.939408     1.240720     0.002603
     0.974334     1.260613     0.000935
     0.028757     0.742905     0.000000
     0.063619     0.762765     0.005925
     0.098366     0.782848     0.005844
     0.132703     0.803814     0.008959
     0.166868     0.824553     0.010709
     0.201419     0.845233     0.013414
     0.236549     0.865057     0.075226
     0.264057     0.888986     0.120678
     0.293012     0.912443     0.057003
     0.327833     0.932454     0.011179
     0.362155     0.952832     0.008309
     0.397125     0.972633     0.006775
     0.431425     0.993704     0.006937
     0.466130     1.013499     0.000000
     0.501248     1.033928     0.001249
     0.535858     1.053808     0.001048
     0.570780     1.074285     0.001349
     0.605427     1.094289     0.000000
     0.640598     1.114438     0.000140
     0.675153     1.134683     0.000520
     0.710194     1.154852     0.000000
     0.744903     1.174951     0.000000
     0.779943     1.195048     0.000000
     0.814706     1.215169     0.000000
     0.849662     1.235299     0.000000
     0.884546     1.255432     0.000000
     0.919496     1.275643     0.000000
     0.954390     1.295715     0.000470
     0.989228     1.315840     0.000000
     0.043687     0.798780     0.008561
     0.078108     0.818861     0.007739
     0.113428     0.838322     0.006401
     0.148233     0.858032     0.014577
     0.182672     0.878085     0.055240
     0.213235     0.902282     0.122662
     0.238486     0.927276     0.083601
     0.273347     0.947582     0.014130
     0.308167     0.967277     0.006350
     0.342681     0.988384     0.008611
     0.376976     1.008229     0.008103
     0.411706     1.028874     0.001792
     0.446698     1.048545     0.001644
     0.481244     1.069275     0.001809
     0.516081     1.089218     0.000524
     0.550935     1.109522     0.000428
     0.585750     1.129520     0.000485
     0.620527     1.149869     0.000000
     0.655434     1.169707     0.000000
     0.690308     1.190003     0.000000
     0.725165     1.209983     0.000000
     0.760038     1.230275     0.000000
     0.794903     1.250240     0.000000
     0.829799     1.270434     0.000000
     0.864587     1.290478     0.000767
     0.899395     1.310628     0.000228
     0.934276     1.330754     0.000290
     0.969115     1.350739     0.001061
     0.023831     0.833446     0.000000
     0.059060     0.853470     0.004021
     0.093037     0.874385     0.005204
     0.127497     0.895420     0.021224
     0.161640     0.917071     0.113239
     0.185102     0.940901     0.121123
     0.218093     0.961813     0.022847
     0.253371     0.982599     0.007781
     0.286946     1.002561     0.008183
     0.321981     1.023174     0.001092
     0.356648     1.043029     0.002284
     0.391470     1.063594     0.001421
     0.426077     1.083543     0.001468
     0.460996     1.103831     0.000761
     0.495789     1.123802     0.000366
     0.530636     1.144171     0.000418
     0.565406     1.164228     0.000000
     0.600410     1.184394     0.000000
     0.635137     1.204607     0.000000
     0.670078     1.224743     0.000000
     0.704873     1.244894     0.000000
     0.739831     1.264967     0.000000
     0.774670     1.285181     0.000000
     0.809580     1.305256     0.000000
     0.844480     1.325527     0.000000
     0.879412     1.345569     0.000000
     0.914306     1.365814     0.000135
     0.949195     1.385847     0.001841
     0.983952     1.406161     0.003431
     0.037593     0.889030     0.011090
     0.072615     0.908239     0.020755
     0.109108     0.927232     0.098923
     0.133289     0.953224     0.132902
     0.162563     0.978259     0.047442
     0.198297     0.996704     0.010372
     0.232105     1.017768     0.001865
     0.267615     1.037626     0.001202
     0.302044     1.058031     0.002588
     0.336789     1.078287     0.001378
     0.371434     1.098664     0.000048
     0.406443     1.118617     0.000000
     0.441072     1.139079     0.000784
     0.475914     1.159097     0.000000
     0.510717     1.179352     0.000000
     0.545592     1.199369     0.000000
     0.580360     1.219653     0.000000
     0.615266     1.239606     0.000000
     0.650126     1.259838     0.000000
     0.685009     1.279898     0.000000
     0.719867     1.300088     0.000000
     0.754733     1.320169     0.000000
     0.789619     1.340288     0.000000
     0.824460     1.360418     0.000000
     0.859311     1.380544     0.000000
     0.894200     1.400774     0.000000
     0.929067     1.420847     0.000000
     0.963941     1.441198     0.000610
     0.998816     1.461290     0.000000
     0.019966     0.924447     0.000000
     0.057330     0.945536     0.059955
     0.082037     0.970308     0.170675
     0.107078     0.992225     0.086836
     0.143034     1.011676     0.000926
     0.177688     1.032145     0.000528
     0.212494     1.052390     0.003008
     0.246916     1.072506     0.001717
     0.281546     1.093159     0.001690
     0.316346     1.112912     0.000000
     0.351209     1.133439     0.000315
     0.385874     1.153383     0.000000
     0.420790     1.173746     0.000000
     0.455589     1.193700     0.000000
     0.490474     1.214050     0.000000
     0.525259     1.234106     0.000000
     0.560220     1.254308     0.000000
     0.595009     1.274480     0.000000
     0.629928     1.294613     0.000000
     0.664746     1.314784     0.000000
     0.699684     1.334873     0.000000
     0.734535     1.355099     0.000000
     0.769447     1.375175     0.000000
     0.804323     1.395458     0.000000
     0.839259     1.415468     0.000000
     0.874109     1.435717     0.000534
     0.908927     1.455805     0.000000
     0.943871     1.475985     0.000000
     0.978743     1.496229     0.000599
     0.027369     0.977747     0.043549
     0.051910     1.006965     0.077773
     0.087741     1.026078     0.000714
     0.123250     1.047349     0.000567
     0.157123     1.066589     0.003700
     0.192185     1.087927     0.000000
     0.226735     1.107335     0.000656
     0.261839     1.128106     0.000000
     0.296354     1.148000     0.000758
     0.331245     1.168521     0.000000
     0.366012     1.188447     0.000000
     0.400863     1.208857     0.000000
     0.435627     1.228906     0.000000
     0.470491     1.249135     0.000000
     0.505334     1.269197     0.000000
     0.540160     1.289409     0.000000
     0.575030     1.309465     0.000000
     0.609908     1.329642     0.000000
     0.644780     1.349766     0.000000
     0.679655     1.369880     0.000000
     0.714502     1.390046     0.000000
     0.749410     1.410105     0.000000
     0.784252     1.430303     0.000000
     0.819133     1.450396     0.000000
     0.854049     1.470785     0.000000
     0.888862     1.490834     0.000000
     0.033296     1.041237     0.047770
     0.068007     1.061477     0.000192
     0.102378     1.081711     0.000000
     0.137189     1.102296     0.001053
     0.171936     1.122008     0.000000
     0.206656     1.142613     0.001875
     0.241149     1.162731     0.000000
     0.276127     1.182990     0.000000
     0.310832     1.203120     0.000000
     0.345717     1.223342     0.000000
     0.380476     1.243482     0.000000
     0.415399     1.263640     0.000000
     0.450208     1.283839     0.000000
     0.485089     1.304003     0.000000
     0.519970     1.324151     0.000000
     0.554840     1.344340     0.000000
     0.589716     1.364444     0.000000
     0.624567     1.384643     0.000000
     0.659482     1.404745     0.000000
     0.694338     1.424968     0.000000
     0.729257     1.445030     0.000000
     0.764099     1.465377     0.000000
     0.799053     1.485220     0.000000
     0.833854     1.505573     0.000000
     0.012693     1.075817     0.000000
     0.047209     1.096241     0.000471
     0.082124     1.116648     0.000000
     0.116898     1.136792     0.000000
     0.151615     1.157470     0.000000
     0.186424     1.177420     0.000000
     0.221326     1.197812     0.000000
     0.256079     1.217871     0.000000
     0.290871     1.238254     0.000000
     0.325712     1.258304     0.000000
     0.360526     1.278613     0.000000
     0.395368     1.298698     0.000000
     0.430184     1.318896     0.000000
     0.465077     1.338988     0.000000
     0.499884     1.359163     0.000000
     0.534781     1.379273     0.000000
     0.569637     1.399447     0.000000
     0.604529     1.419583     0.000000
     0.639391     1.439675     0.000000
     0.674206     1.459877     0.000000
     0.709166     1.479870     0.000000
     0.743973     1.500178     0.000000
     0.027284     1.131342     0.001634
     0.061966     1.151479     0.000933
     0.096638     1.171936     0.000000
     0.131485     1.191867     0.000000
     0.166228     1.212377     0.000364
     0.200884     1.232535     0.000000
     0.235773     1.252826     0.000000
     0.270537     1.272935     0.000000
     0.305437     1.293171     0.000000
     0.340203     1.313295     0.000000
     0.375143     1.333496     0.000000
     0.409943     1.353666     0.000000
     0.444866     1.373838     0.000000
     0.479703     1.394007     0.000000
     0.514634     1.414138     0.000000
     0.549459     1.434283     0.000000
     0.584357     1.454428     0.000000
     0.619243     1.474672     0.000000
     0.654092     1.494783     0.000000
     0.006913     1.166115     0.000000
     0.041602     1.186478     0.000000
     0.076484     1.206662     0.000000
     0.111226     1.227181     0.000056
     0.146023     1.247266     0.000000
     0.180920     1.267581     0.000000
     0.215701     1.287688     0.000000
     0.250531     1.308006     0.000000
     0.285359     1.328122     0.000000
     0.320210     1.348378     0.000000
     0.355052     1.368464     0.000000
     0.389882     1.388664     0.000000
     0.424782     1.408742     0.000000
     0.459594     1.428937     0.000000
     0.494501     1.449019     0.000000
     0.529353     1.469310     0.000000
     0.564262     1.489277     0.000000
     0.599084     1.509523     0.000000
     0.021492     1.221409     0.000629
     0.056285     1.241582     0.000354
     0.091068     1.261760     0.000919
     0.125838     1.282134     0.000460
     0.160575     1.302361     0.000000
     0.195428     1.322645     0.000000
     0.230256     1.342765     0.000000
     0.265124     1.362974     0.000000
     0.299942     1.383119     0.000000
     0.334857     1.403333     0.000000
     0.369696     1.423506     0.000000
     0.404608     1.443647     0.000000
     0.439448     1.463897     0.000000
     0.474388     1.483862     0.000000
     0.509203     1.504128     0.000000
     0.001338     1.256336     0.000000
     0.036184     1.276589     0.000000
     0.070922     1.296997     0.000278
     0.105675     1.317164     0.000000
     0.140555     1.337356     0.000000
     0.175334     1.357516     0.000000
     0.210185     1.377752     0.000000
     0.245023     1.397968     0.000000
     0.279899     1.418122     0.000000
     0.314739     1.438257     0.000000
     0.349546     1.458405     0.000000
     0.384498     1.478485     0.000000
     0.419322     1.498733     0.000000
     0.015899     1.311366     0.000010
     0.050620     1.331613     0.001058
     0.085471     1.351960     0.000000
     0.120263     1.372222     0.000000
     0.155097     1.392513     0.000000
     0.189999     1.412581     0.000000
     0.224808     1.432800     0.000000
     0.259692     1.452903     0.000000
     0.294607     1.473260     0.000000
     0.329441     1.493338     0.000000
     0.030622     1.366848     0.002115
     0.065291     1.387006     0.000652
     0.100202     1.407146     0.000000
     0.134957     1.427360     0.000000
     0.169857     1.447471     0.000000
     0.204725     1.467927     0.000000
     0.239622     1.487759     0.000000
     0.274433     1.508077     0.000000
     0.010367     1.401635     0.000000
     0.045147     1.421941     0.000000
     0.079981     1.442092     0.000000
     0.114805     1.462518     0.000000
     0.149757     1.482272     0.000000
     0.184552     1.502682     0.000000
     0.024901     1.456910     0.001189
     0.059821     1.476902     0.000000
     0.094670     1.497287     0.000000
     0.004789     1.491892     0.000138
