                 4.842733                 0.000005
                 9.469130                 0.000020
                17.175991                 0.000044
                27.955104                 0.000079
                41.794914                 0.000123
                58.680238                 0.000177
                78.592710                 0.000240
               101.510708                 0.000313
               127.409264                 0.000396
               156.260533                 0.000488
               188.033290                 0.000590
               222.692899                 0.000701
               260.201809                 0.000821
               300.519972                 0.000950
               343.603745                 0.001088
               376.581408                 0.001234
               400.192269                 0.001390
               423.648324                 0.001554
               447.235922                 0.001726
               470.717393                 0.001906
               494.289254                 0.002094
               517.600153                 0.002290
               540.272481                 0.002494
               562.557391                 0.002705
               584.134183                 0.002923
               603.104687                 0.003148
               619.505330                 0.003380
               634.078641                 0.003619
               646.088596                 0.003863
               656.959060                 0.004114
               666.147018                 0.004371
               673.575687                 0.004633
               679.531837                 0.004900
               683.659411                 0.005173
               685.692564                 0.005450
               686.030488                 0.005732
               681.873603                 0.006018
               674.940142                 0.006307
               663.606313                 0.006601
               649.168932                 0.006898
               630.809652                 0.007197
               610.622013                 0.007500
               588.120104                 0.007805
               564.231782                 0.008112
               539.377575                 0.008421
               514.171049                 0.008732
               489.317770                 0.009044
               465.176852                 0.009357
               442.005039                 0.009670
               420.085307                 0.009984
