     0.000000    -0.009999     0.000000
     0.052632    -0.009999     0.000000
     0.105263    -0.009999     0.000000
     0.157895    -0.009999     0.000000
     0.210526    -0.009999     0.000000
     0.263158    -0.009999     0.000000
     0.315789    -0.009999     0.000000
     0.368421    -0.009999     0.000000
     0.421053    -0.009999     0.000000
     0.473684    -0.009999     0.000000
     0.526316    -0.009999     0.000000
     0.578947    -0.009999     0.000000
     0.631579    -0.009999     0.000000
     0.684211    -0.009999     0.000000
     0.736842    -0.009999     0.000000
     0.789474    -0.009999     0.000000
     0.842105    -0.009999     0.000000
     0.894737    -0.009999     0.000000
     0.947368    -0.009999     0.000000
     1.000000    -0.009999     0.000000
     0.000100     0.041813     0.000170
     0.052628     0.041753     0.000000
     0.105285     0.041788     0.000000
     0.157882     0.041765     0.000000
     0.210537     0.041771     0.000000
     0.263166     0.041755     0.000000
     0.315799     0.041753     0.000000
     0.368419     0.041746     0.000000
     0.421053     0.041749     0.000000
     0.473688     0.041744     0.000000
     0.526312     0.041744     0.000000
     0.578947     0.041749     0.000000
     0.631581     0.041746     0.000000
     0.684201     0.041753     0.000000
     0.736834     0.041755     0.000000
     0.789463     0.041771     0.000000
     0.842118     0.041765     0.000000
     0.894715     0.041788     0.000000
     0.947372     0.041753     0.000000
     0.999900     0.041813     0.000170
     0.000298     0.093844     0.000192
     0.052780     0.093753     0.000093
     0.105420     0.093670     0.000000
     0.157965     0.093644     0.000000
     0.210602     0.093565     0.000000
     0.263154     0.093588     0.000000
     0.315830     0.093559     0.000000
     0.368422     0.093568     0.000000
     0.421090     0.093532     0.000000
     0.473656     0.093549     0.000000
     0.526344     0.093549     0.000000
     0.578910     0.093532     0.000000
     0.631578     0.093568     0.000000
     0.684170     0.093559     0.000000
     0.736846     0.093589     0.000000
     0.789398     0.093565     0.000000
     0.842035     0.093644     0.000000
     0.894580     0.093670     0.000000
     0.947220     0.093753     0.000093
     0.999702     0.093845     0.000192
     0.000300     0.145683     0.000020
     0.052901     0.145515     0.000070
     0.105354     0.145505     0.000000
     0.158036     0.145419     0.000000
     0.210619     0.145443     0.000000
     0.263279     0.145336     0.000000
     0.315872     0.145324     0.000000
     0.368451     0.145277     0.000000
     0.421089     0.145318     0.000000
     0.473691     0.145276     0.000000
     0.526309     0.145276     0.000000
     0.578911     0.145318     0.000000
     0.631549     0.145277     0.000000
     0.684128     0.145324     0.000000
     0.736721     0.145336     0.000000
     0.789381     0.145443     0.000000
     0.841964     0.145419     0.000000
     0.894645     0.145505     0.000000
     0.947099     0.145515     0.000070
     0.999700     0.145683     0.000020
     0.000520     0.197570     0.000212
     0.052964     0.197617     0.000064
     0.105674     0.197384     0.000000
     0.158106     0.197284     0.000000
     0.210762     0.197157     0.000000
     0.263232     0.197170     0.000000
     0.315930     0.197171     0.000000
     0.368479     0.197148     0.000000
     0.421148     0.197083     0.000000
     0.473646     0.197121     0.000000
     0.526354     0.197121     0.000000
     0.578852     0.197083     0.000000
     0.631520     0.197149     0.000000
     0.684070     0.197171     0.000000
     0.736768     0.197170     0.000000
     0.789238     0.197157     0.000000
     0.841894     0.197284     0.000000
     0.894326     0.197384     0.000000
     0.947036     0.197617     0.000064
     0.999480     0.197571     0.000212
     0.000424     0.249583     0.000054
     0.053064     0.249183     0.000041
     0.105528     0.249251     0.000000
     0.158221     0.249089     0.000000
     0.210841     0.249153     0.000000
     0.263410     0.248936     0.000000
     0.316048     0.248915     0.000000
     0.368462     0.248824     0.000000
     0.421200     0.248935     0.000000
     0.473648     0.248831     0.000000
     0.526352     0.248831     0.000000
     0.578800     0.248935     0.000000
     0.631538     0.248824     0.000000
     0.683952     0.248915     0.000000
     0.736590     0.248936     0.000000
     0.789159     0.249152     0.000000
     0.841779     0.249089     0.000000
     0.894472     0.249252     0.000000
     0.946936     0.249183     0.000041
     0.999576     0.249583     0.000054
     0.000961     0.301312     0.000401
     0.053249     0.301493     0.000089
     0.106014     0.301081     0.000000
     0.158323     0.300864     0.000000
     0.211002     0.300785     0.000016
     0.263366     0.300751     0.000000
     0.316092     0.300869     0.000000
     0.368576     0.300752     0.000000
     0.421236     0.300666     0.000000
     0.473635     0.300735     0.000000
     0.526365     0.300735     0.000000
     0.578764     0.300666     0.000000
     0.631424     0.300752     0.000000
     0.683908     0.300869     0.000000
     0.736634     0.300751     0.000000
     0.788998     0.300785     0.000016
     0.841677     0.300864     0.000000
     0.893986     0.301081     0.000000
     0.946750     0.301494     0.000090
     0.999038     0.301312     0.000400
     0.000542     0.353665     0.000194
     0.053293     0.352765     0.000000
     0.105935     0.353019     0.000004
     0.158511     0.352741     0.000000
     0.211243     0.352953     0.000054
     0.263531     0.352559     0.000016
     0.316337     0.352541     0.000078
     0.368422     0.352391     0.000044
     0.421388     0.352639     0.000049
     0.473542     0.352418     0.000022
     0.526458     0.352418     0.000022
     0.578612     0.352639     0.000049
     0.631578     0.352391     0.000044
     0.683663     0.352541     0.000078
     0.736469     0.352559     0.000016
     0.788757     0.352953     0.000054
     0.841489     0.352741     0.000000
     0.894065     0.353019     0.000004
     0.946707     0.352765     0.000000
     0.999458     0.353665     0.000194
     0.002036     0.405148     0.001146
     0.053813     0.405259     0.000072
     0.106700     0.404771     0.000338
     0.158567     0.404373     0.000462
     0.211320     0.404565     0.000310
     0.263571     0.404334     0.000239
     0.316306     0.404744     0.000112
     0.368756     0.404409     0.000161
     0.421295     0.404301     0.000099
     0.473716     0.404419     0.000151
     0.526284     0.404419     0.000150
     0.578705     0.404301     0.000099
     0.631243     0.404409     0.000161
     0.683694     0.404744     0.000112
     0.736429     0.404334     0.000240
     0.788680     0.404565     0.000310
     0.841433     0.404373     0.000463
     0.893300     0.404771     0.000338
     0.946187     0.405259     0.000072
     0.997964     0.405148     0.001146
     0.001010     0.458410     0.002486
     0.053848     0.455904     0.000552
     0.107208     0.457113     0.000365
     0.158939     0.456828     0.000348
     0.211981     0.456916     0.000246
     0.263732     0.456403     0.000476
     0.316637     0.456158     0.000314
     0.368588     0.456130     0.000390
     0.421490     0.456455     0.000238
     0.473608     0.456139     0.000257
     0.526392     0.456140     0.000257
     0.578510     0.456455     0.000239
     0.631412     0.456130     0.000390
     0.683363     0.456158     0.000314
     0.736267     0.456404     0.000476
     0.788019     0.456916     0.000245
     0.841061     0.456829     0.000348
     0.892792     0.457113     0.000365
     0.946152     0.455904     0.000551
     0.998990     0.458410     0.002486
     0.008064     0.510391     0.025551
     0.055083     0.508986     0.020262
     0.106207     0.508736     0.010739
     0.159256     0.508253     0.005293
     0.211588     0.508353     0.001696
     0.264695     0.508389     0.001019
     0.316486     0.508727     0.000909
     0.369311     0.508408     0.000812
     0.421226     0.507971     0.000912
     0.474005     0.508351     0.000794
     0.525995     0.508350     0.000795
     0.578774     0.507971     0.000912
     0.630689     0.508408     0.000813
     0.683513     0.508727     0.000909
     0.735305     0.508389     0.001018
     0.788411     0.508353     0.001696
     0.840744     0.508253     0.005291
     0.893793     0.508736     0.010738
     0.944917     0.508987     0.020260
     0.991937     0.510391     0.025549
     0.021771     0.571313     0.001309
     0.073607     0.566833     0.012010
     0.118962     0.562995     0.020599
     0.165610     0.562574     0.017836
     0.213222     0.561422     0.012409
     0.264576     0.560605     0.006592
     0.317168     0.560346     0.002821
     0.369365     0.560135     0.001350
     0.421924     0.560955     0.001180
     0.473583     0.560219     0.001262
     0.526416     0.560219     0.001262
     0.578077     0.560955     0.001180
     0.630634     0.560136     0.001350
     0.682832     0.560345     0.002821
     0.735424     0.560605     0.006590
     0.786778     0.561421     0.012407
     0.834392     0.562574     0.017833
     0.881040     0.562995     0.020599
     0.926394     0.566833     0.012011
     0.978229     0.571313     0.001310
     0.012653     0.614911     0.000684
     0.065864     0.619446     0.001296
     0.118742     0.623267     0.002162
     0.172540     0.619810     0.003460
     0.224294     0.617481     0.009509
     0.272435     0.614384     0.016494
     0.318666     0.614347     0.011558
     0.369754     0.612739     0.006989
     0.421204     0.612257     0.002321
     0.475098     0.613028     0.001620
     0.524902     0.613028     0.001621
     0.578796     0.612257     0.002322
     0.630246     0.612739     0.006990
     0.681334     0.614346     0.011555
     0.727567     0.614384     0.016491
     0.775707     0.617480     0.009511
     0.827460     0.619808     0.003460
     0.881258     0.623267     0.002162
     0.934137     0.619447     0.001297
     0.987348     0.614912     0.000684
     0.018266     0.675379     0.002753
     0.069110     0.671197     0.001815
     0.121351     0.668090     0.001933
     0.171933     0.667880     0.004750
     0.221983     0.670142     0.005533
     0.274225     0.674167     0.004618
     0.326273     0.669754     0.005656
     0.377723     0.667252     0.015259
     0.421505     0.666093     0.015064
     0.472927     0.664976     0.002736
     0.527074     0.664977     0.002737
     0.578494     0.666093     0.015065
     0.622277     0.667253     0.015258
     0.673727     0.669751     0.005657
     0.725775     0.674165     0.004615
     0.778018     0.670144     0.005533
     0.828069     0.667879     0.004751
     0.878648     0.668090     0.001934
     0.930890     0.671197     0.001814
     0.981735     0.675379     0.002753
     0.015563     0.720556     0.000614
     0.068218     0.724311     0.001621
     0.120204     0.727591     0.001210
     0.172960     0.727190     0.001888
     0.224687     0.724381     0.002415
     0.276628     0.720829     0.003152
     0.327452     0.720097     0.008465
     0.376270     0.725852     0.006454
     0.430243     0.725876     0.008892
     0.476968     0.717251     0.023352
     0.523031     0.717253     0.023348
     0.569757     0.725876     0.008883
     0.623735     0.725853     0.006453
     0.672549     0.720097     0.008470
     0.723372     0.720827     0.003155
     0.775312     0.724380     0.002416
     0.827040     0.727190     0.001887
     0.879797     0.727591     0.001209
     0.931782     0.724311     0.001622
     0.984438     0.720557     0.000614
     0.015561     0.779443     0.000614
     0.068217     0.775688     0.001622
     0.120203     0.772409     0.001209
     0.172960     0.772812     0.001886
     0.224688     0.775618     0.002415
     0.276629     0.779172     0.003154
     0.327450     0.779903     0.008465
     0.376271     0.774149     0.006451
     0.430244     0.774125     0.008891
     0.476970     0.782746     0.023357
     0.523030     0.782746     0.023354
     0.569757     0.774119     0.008890
     0.623729     0.774149     0.006450
     0.672552     0.779904     0.008464
     0.723372     0.779172     0.003157
     0.775312     0.775621     0.002416
     0.827040     0.772810     0.001887
     0.879797     0.772410     0.001209
     0.931783     0.775689     0.001621
     0.984439     0.779443     0.000614
     0.018267     0.824621     0.002755
     0.069111     0.828803     0.001817
     0.121351     0.831910     0.001934
     0.171932     0.832120     0.004748
     0.221984     0.829857     0.005532
     0.274225     0.825836     0.004616
     0.326274     0.830246     0.005657
     0.377723     0.832747     0.015256
     0.421508     0.833906     0.015063
     0.472927     0.835025     0.002739
     0.527075     0.835023     0.002740
     0.578493     0.833906     0.015072
     0.622274     0.832746     0.015256
     0.673727     0.830245     0.005655
     0.725773     0.825837     0.004616
     0.778017     0.829856     0.005530
     0.828069     0.832120     0.004751
     0.878648     0.831909     0.001934
     0.930889     0.828803     0.001816
     0.981733     0.824622     0.002754
     0.012652     0.885089     0.000684
     0.065863     0.880555     0.001296
     0.118742     0.876735     0.002162
     0.172539     0.880191     0.003460
     0.224293     0.882520     0.009509
     0.272435     0.885615     0.016490
     0.318668     0.885654     0.011558
     0.369755     0.887261     0.006990
     0.421204     0.887742     0.002323
     0.475097     0.886972     0.001620
     0.524903     0.886972     0.001621
     0.578796     0.887743     0.002323
     0.630246     0.887260     0.006993
     0.681331     0.885654     0.011560
     0.727565     0.885615     0.016488
     0.775707     0.882519     0.009509
     0.827460     0.880192     0.003460
     0.881258     0.876735     0.002161
     0.934137     0.880554     0.001297
     0.987348     0.885088     0.000685
     0.021770     0.928688     0.001309
     0.073606     0.933167     0.012007
     0.118963     0.937004     0.020595
     0.165611     0.937425     0.017835
     0.213224     0.938578     0.012408
     0.264576     0.939395     0.006592
     0.317168     0.939654     0.002822
     0.369365     0.939865     0.001350
     0.421924     0.939045     0.001180
     0.473583     0.939781     0.001261
     0.526417     0.939780     0.001262
     0.578076     0.939046     0.001181
     0.630635     0.939864     0.001350
     0.682832     0.939655     0.002823
     0.735424     0.939394     0.006592
     0.786776     0.938578     0.012409
     0.834389     0.937425     0.017832
     0.881038     0.937003     0.020594
     0.926394     0.933167     0.012008
     0.978230     0.928689     0.001309
     0.008065     0.989608     0.025546
     0.055084     0.991014     0.020260
     0.106207     0.991264     0.010740
     0.159256     0.991747     0.005294
     0.211588     0.991647     0.001696
     0.264695     0.991611     0.001019
     0.316486     0.991273     0.000909
     0.369311     0.991592     0.000813
     0.421225     0.992029     0.000912
     0.474006     0.991649     0.000794
     0.525995     0.991650     0.000795
     0.578775     0.992029     0.000912
     0.630689     0.991591     0.000813
     0.683513     0.991274     0.000909
     0.735305     0.991611     0.001019
     0.788412     0.991648     0.001697
     0.840744     0.991747     0.005293
     0.893792     0.991264     0.010740
     0.944915     0.991014     0.020259
     0.991935     0.989607     0.025544
     0.001010     1.041590     0.002487
     0.053848     1.044096     0.000552
     0.107208     1.042887     0.000365
     0.158939     1.043172     0.000348
     0.211981     1.043084     0.000245
     0.263732     1.043596     0.000476
     0.316637     1.043842     0.000314
     0.368588     1.043870     0.000390
     0.421491     1.043545     0.000239
     0.473608     1.043861     0.000257
     0.526392     1.043861     0.000256
     0.578510     1.043545     0.000239
     0.631412     1.043870     0.000390
     0.683363     1.043842     0.000314
     0.736267     1.043596     0.000476
     0.788019     1.043084     0.000245
     0.841061     1.043172     0.000348
     0.892791     1.042887     0.000366
     0.946152     1.044096     0.000552
     0.998989     1.041590     0.002488
     0.002036     1.094852     0.001146
     0.053813     1.094741     0.000072
     0.106700     1.095229     0.000338
     0.158567     1.095627     0.000463
     0.211320     1.095435     0.000310
     0.263571     1.095666     0.000239
     0.316306     1.095256     0.000111
     0.368757     1.095591     0.000161
     0.421294     1.095699     0.000099
     0.473716     1.095581     0.000150
     0.526284     1.095581     0.000151
     0.578705     1.095699     0.000099
     0.631244     1.095591     0.000161
     0.683694     1.095257     0.000112
     0.736429     1.095666     0.000239
     0.788680     1.095435     0.000311
     0.841433     1.095626     0.000463
     0.893300     1.095229     0.000338
     0.946186     1.094741     0.000072
     0.997964     1.094852     0.001146
     0.000542     1.146334     0.000194
     0.053293     1.147235     0.000000
     0.105935     1.146981     0.000004
     0.158511     1.147259     0.000000
     0.211243     1.147047     0.000054
     0.263531     1.147441     0.000016
     0.316337     1.147459     0.000078
     0.368422     1.147609     0.000044
     0.421388     1.147361     0.000049
     0.473542     1.147582     0.000022
     0.526458     1.147582     0.000022
     0.578612     1.147361     0.000049
     0.631578     1.147609     0.000044
     0.683663     1.147459     0.000078
     0.736469     1.147441     0.000016
     0.788757     1.147047     0.000054
     0.841489     1.147259     0.000000
     0.894065     1.146981     0.000004
     0.946707     1.147235     0.000000
     0.999458     1.146334     0.000194
     0.000962     1.198688     0.000400
     0.053250     1.198507     0.000090
     0.106014     1.198918     0.000000
     0.158323     1.199136     0.000000
     0.211002     1.199215     0.000016
     0.263366     1.199249     0.000000
     0.316092     1.199131     0.000000
     0.368576     1.199248     0.000000
     0.421236     1.199334     0.000000
     0.473635     1.199265     0.000000
     0.526365     1.199265     0.000000
     0.578764     1.199335     0.000000
     0.631424     1.199248     0.000000
     0.683908     1.199132     0.000000
     0.736634     1.199249     0.000000
     0.788998     1.199215     0.000016
     0.841677     1.199136     0.000000
     0.893986     1.198919     0.000000
     0.946750     1.198507     0.000090
     0.999038     1.198689     0.000401
     0.000424     1.250417     0.000054
     0.053064     1.250817     0.000041
     0.105528     1.250749     0.000000
     0.158221     1.250911     0.000000
     0.210841     1.250847     0.000000
     0.263410     1.251064     0.000000
     0.316048     1.251085     0.000000
     0.368462     1.251176     0.000000
     0.421200     1.251065     0.000000
     0.473648     1.251169     0.000000
     0.526352     1.251169     0.000000
     0.578800     1.251065     0.000000
     0.631538     1.251176     0.000000
     0.683952     1.251085     0.000000
     0.736590     1.251064     0.000000
     0.789159     1.250847     0.000000
     0.841779     1.250911     0.000000
     0.894472     1.250749     0.000000
     0.946936     1.250817     0.000041
     0.999576     1.250417     0.000054
     0.000521     1.302430     0.000212
     0.052964     1.302382     0.000064
     0.105674     1.302616     0.000000
     0.158107     1.302716     0.000000
     0.210762     1.302843     0.000000
     0.263232     1.302829     0.000000
     0.315930     1.302829     0.000000
     0.368479     1.302852     0.000000
     0.421148     1.302917     0.000000
     0.473646     1.302879     0.000000
     0.526354     1.302879     0.000000
     0.578852     1.302917     0.000000
     0.631521     1.302851     0.000000
     0.684070     1.302829     0.000000
     0.736768     1.302829     0.000000
     0.789238     1.302843     0.000000
     0.841894     1.302716     0.000000
     0.894326     1.302616     0.000000
     0.947037     1.302383     0.000064
     0.999479     1.302430     0.000212
     0.000300     1.354317     0.000020
     0.052901     1.354485     0.000070
     0.105354     1.354495     0.000000
     0.158036     1.354581     0.000000
     0.210619     1.354557     0.000000
     0.263279     1.354665     0.000000
     0.315872     1.354676     0.000000
     0.368451     1.354723     0.000000
     0.421089     1.354682     0.000000
     0.473691     1.354724     0.000000
     0.526309     1.354724     0.000000
     0.578911     1.354682     0.000000
     0.631549     1.354723     0.000000
     0.684128     1.354676     0.000000
     0.736721     1.354665     0.000000
     0.789381     1.354557     0.000000
     0.841964     1.354581     0.000000
     0.894646     1.354495     0.000000
     0.947099     1.354485     0.000070
     0.999700     1.354317     0.000020
     0.000298     1.406156     0.000193
     0.052780     1.406247     0.000093
     0.105419     1.406330     0.000000
     0.157965     1.406356     0.000000
     0.210602     1.406435     0.000000
     0.263154     1.406412     0.000000
     0.315830     1.406441     0.000000
     0.368422     1.406431     0.000000
     0.421091     1.406468     0.000000
     0.473656     1.406451     0.000000
     0.526344     1.406451     0.000000
     0.578909     1.406468     0.000000
     0.631578     1.406431     0.000000
     0.684170     1.406441     0.000000
     0.736846     1.406412     0.000000
     0.789398     1.406435     0.000000
     0.842035     1.406356     0.000000
     0.894581     1.406330     0.000000
     0.947220     1.406247     0.000093
     0.999702     1.406156     0.000192
     0.000100     1.458187     0.000170
     0.052628     1.458247     0.000000
     0.105285     1.458212     0.000000
     0.157882     1.458235     0.000000
     0.210537     1.458229     0.000000
     0.263166     1.458245     0.000000
     0.315799     1.458247     0.000000
     0.368419     1.458254     0.000000
     0.421053     1.458251     0.000000
     0.473688     1.458256     0.000000
     0.526312     1.458256     0.000000
     0.578947     1.458251     0.000000
     0.631581     1.458254     0.000000
     0.684201     1.458247     0.000000
     0.736834     1.458245     0.000000
     0.789463     1.458229     0.000000
     0.842118     1.458235     0.000000
     0.894715     1.458212     0.000000
     0.947372     1.458247     0.000000
     0.999900     1.458187     0.000170
     0.000000     1.509999     0.000000
     0.052632     1.509999     0.000000
     0.105263     1.509999     0.000000
     0.157895     1.509999     0.000000
     0.210526     1.509999     0.000000
     0.263158     1.509999     0.000000
     0.315789     1.509999     0.000000
     0.368421     1.509999     0.000000
     0.421053     1.509999     0.000000
     0.473684     1.509999     0.000000
     0.526316     1.509999     0.000000
     0.578947     1.509999     0.000000
     0.631579     1.509999     0.000000
     0.684211     1.509999     0.000000
     0.736842     1.509999     0.000000
     0.789474     1.509999     0.000000
     0.842105     1.509999     0.000000
     0.894737     1.509999     0.000000
     0.947368     1.509999     0.000000
     1.000000     1.509999     0.000000
