     0.000000    -0.009999     0.000000
     0.052632    -0.009999     0.000000
     0.105263    -0.009999     0.000000
     0.157895    -0.009999     0.000000
     0.210526    -0.009999     0.000000
     0.263158    -0.009999     0.000000
     0.315789    -0.009999     0.000000
     0.368421    -0.009999     0.000000
     0.421053    -0.009999     0.000000
     0.473684    -0.009999     0.000000
     0.526316    -0.009999     0.000000
     0.578947    -0.009999     0.000000
     0.631579    -0.009999     0.000000
     0.684211    -0.009999     0.000000
     0.736842    -0.009999     0.000000
     0.789474    -0.009999     0.000000
     0.842105    -0.009999     0.000000
     0.894737    -0.009999     0.000000
     0.947368    -0.009999     0.000000
     1.000000    -0.009999     0.000000
     0.000100     0.041813     0.001380
     0.052628     0.041753     0.000000
     0.105285     0.041788     0.000000
     0.157882     0.041765     0.000000
     0.210537     0.041771     0.000000
     0.263166     0.041755     0.000000
     0.315799     0.041753     0.000000
     0.368419     0.041746     0.000000
     0.421053     0.041749     0.000000
     0.473688     0.041744     0.000000
     0.526312     0.041744     0.000000
     0.578947     0.041749     0.000000
     0.631581     0.041746     0.000000
     0.684201     0.041753     0.000000
     0.736834     0.041755     0.000000
     0.789463     0.041771     0.000000
     0.842118     0.041765     0.000000
     0.894715     0.041788     0.000000
     0.947372     0.041753     0.000000
     0.999900     0.041813     0.001383
     0.000298     0.093844     0.001562
     0.052780     0.093753     0.000754
     0.105420     0.093670     0.000000
     0.157965     0.093644     0.000000
     0.210602     0.093565     0.000000
     0.263154     0.093588     0.000000
     0.315830     0.093559     0.000000
     0.368422     0.093568     0.000000
     0.421090     0.093532     0.000000
     0.473656     0.093549     0.000000
     0.526344     0.093549     0.000000
     0.578910     0.093532     0.000000
     0.631578     0.093568     0.000000
     0.684170     0.093559     0.000000
     0.736846     0.093589     0.000000
     0.789398     0.093565     0.000000
     0.842035     0.093644     0.000000
     0.894580     0.093670     0.000000
     0.947220     0.093753     0.000755
     0.999702     0.093845     0.001563
     0.000300     0.145683     0.000162
     0.052901     0.145515     0.000569
     0.105354     0.145505     0.000000
     0.158036     0.145419     0.000000
     0.210619     0.145443     0.000000
     0.263279     0.145336     0.000000
     0.315872     0.145324     0.000000
     0.368451     0.145277     0.000000
     0.421089     0.145318     0.000000
     0.473691     0.145276     0.000000
     0.526309     0.145276     0.000000
     0.578911     0.145318     0.000000
     0.631549     0.145277     0.000000
     0.684128     0.145324     0.000000
     0.736721     0.145336     0.000000
     0.789381     0.145443     0.000000
     0.841964     0.145419     0.000000
     0.894645     0.145505     0.000000
     0.947099     0.145515     0.000568
     0.999700     0.145683     0.000162
     0.000520     0.197570     0.001718
     0.052964     0.197617     0.000523
     0.105674     0.197384     0.000000
     0.158106     0.197284     0.000000
     0.210762     0.197157     0.000000
     0.263232     0.197170     0.000000
     0.315930     0.197171     0.000000
     0.368479     0.197148     0.000000
     0.421148     0.197083     0.000000
     0.473646     0.197121     0.000000
     0.526354     0.197121     0.000000
     0.578852     0.197083     0.000000
     0.631520     0.197149     0.000000
     0.684070     0.197171     0.000000
     0.736768     0.197170     0.000000
     0.789238     0.197157     0.000000
     0.841894     0.197284     0.000000
     0.894326     0.197384     0.000000
     0.947036     0.197617     0.000522
     0.999480     0.197571     0.001718
     0.000424     0.249583     0.000440
     0.053064     0.249183     0.000336
     0.105528     0.249251     0.000000
     0.158221     0.249089     0.000000
     0.210841     0.249153     0.000000
     0.263410     0.248936     0.000000
     0.316048     0.248915     0.000000
     0.368462     0.248824     0.000000
     0.421200     0.248935     0.000000
     0.473648     0.248831     0.000000
     0.526352     0.248831     0.000000
     0.578800     0.248935     0.000000
     0.631538     0.248824     0.000000
     0.683952     0.248915     0.000000
     0.736590     0.248936     0.000000
     0.789159     0.249152     0.000000
     0.841779     0.249089     0.000000
     0.894472     0.249252     0.000000
     0.946936     0.249183     0.000338
     0.999576     0.249583     0.000441
     0.000961     0.301312     0.003238
     0.053249     0.301493     0.000729
     0.106014     0.301081     0.000000
     0.158323     0.300864     0.000000
     0.211002     0.300785     0.000129
     0.263366     0.300751     0.000000
     0.316092     0.300869     0.000000
     0.368576     0.300752     0.000000
     0.421236     0.300666     0.000000
     0.473635     0.300735     0.000000
     0.526365     0.300735     0.000000
     0.578764     0.300666     0.000000
     0.631424     0.300752     0.000000
     0.683908     0.300869     0.000000
     0.736634     0.300751     0.000000
     0.788998     0.300785     0.000130
     0.841677     0.300864     0.000000
     0.893986     0.301081     0.000000
     0.946750     0.301494     0.000730
     0.999038     0.301312     0.003238
     0.000542     0.353665     0.001573
     0.053293     0.352765     0.000000
     0.105935     0.353019     0.000035
     0.158511     0.352741     0.000000
     0.211243     0.352953     0.000437
     0.263531     0.352559     0.000131
     0.316337     0.352541     0.000634
     0.368422     0.352391     0.000356
     0.421388     0.352639     0.000399
     0.473542     0.352418     0.000180
     0.526458     0.352418     0.000179
     0.578612     0.352639     0.000399
     0.631578     0.352391     0.000355
     0.683663     0.352541     0.000634
     0.736469     0.352559     0.000132
     0.788757     0.352953     0.000438
     0.841489     0.352741     0.000000
     0.894065     0.353019     0.000035
     0.946707     0.352765     0.000000
     0.999458     0.353665     0.001574
     0.002036     0.405148     0.009103
     0.053813     0.405259     0.000588
     0.106700     0.404771     0.002735
     0.158567     0.404373     0.003731
     0.211320     0.404565     0.002515
     0.263571     0.404334     0.001943
     0.316306     0.404744     0.000908
     0.368756     0.404409     0.001307
     0.421295     0.404301     0.000803
     0.473716     0.404419     0.001224
     0.526284     0.404419     0.001223
     0.578705     0.404301     0.000802
     0.631243     0.404409     0.001307
     0.683694     0.404744     0.000909
     0.736429     0.404334     0.001944
     0.788680     0.404565     0.002515
     0.841433     0.404373     0.003735
     0.893300     0.404771     0.002734
     0.946187     0.405259     0.000588
     0.997964     0.405148     0.009103
     0.001010     0.458410     0.019136
     0.053848     0.455904     0.004445
     0.107208     0.457113     0.002956
     0.158939     0.456828     0.002820
     0.211981     0.456916     0.001993
     0.263732     0.456403     0.003839
     0.316637     0.456158     0.002542
     0.368588     0.456130     0.003152
     0.421490     0.456455     0.001936
     0.473608     0.456139     0.002082
     0.526392     0.456140     0.002081
     0.578510     0.456455     0.001936
     0.631412     0.456130     0.003151
     0.683363     0.456158     0.002542
     0.736267     0.456404     0.003842
     0.788019     0.456916     0.001991
     0.841061     0.456829     0.002820
     0.892792     0.457113     0.002956
     0.946152     0.455904     0.004441
     0.998990     0.458410     0.019129
     0.008064     0.510391     0.134415
     0.055083     0.508986     0.114259
     0.106207     0.508736     0.070186
     0.159256     0.508253     0.038343
     0.211588     0.508353     0.013289
     0.264695     0.508389     0.008112
     0.316486     0.508727     0.007258
     0.369311     0.508408     0.006502
     0.421226     0.507971     0.007284
     0.474005     0.508351     0.006361
     0.525995     0.508350     0.006363
     0.578774     0.507971     0.007283
     0.630689     0.508408     0.006508
     0.683513     0.508727     0.007256
     0.735305     0.508389     0.008110
     0.788411     0.508353     0.013288
     0.840744     0.508253     0.038331
     0.893793     0.508736     0.070181
     0.944917     0.508987     0.114251
     0.991937     0.510391     0.134409
     0.021771     0.571313     0.010354
     0.073607     0.566833     0.076801
     0.118962     0.562995     0.115622
     0.165610     0.562574     0.104110
     0.213222     0.561422     0.078825
     0.264576     0.560605     0.046520
     0.317168     0.560346     0.021550
     0.369365     0.560135     0.010664
     0.421924     0.560955     0.009361
     0.473583     0.560219     0.009991
     0.526416     0.560219     0.009989
     0.578077     0.560955     0.009364
     0.630634     0.560136     0.010669
     0.682832     0.560345     0.021546
     0.735424     0.560605     0.046509
     0.786778     0.561421     0.078816
     0.834392     0.562574     0.104095
     0.881040     0.562995     0.115621
     0.926394     0.566833     0.076807
     0.978229     0.571313     0.010363
     0.012653     0.614911     0.005494
     0.065864     0.619446     0.010256
     0.118742     0.623267     0.016763
     0.172540     0.619810     0.026059
     0.224294     0.617481     0.063520
     0.272435     0.614384     0.098214
     0.318666     0.614347     0.074481
     0.369754     0.612739     0.048940
     0.421204     0.612257     0.017933
     0.475098     0.613028     0.012721
     0.524902     0.613028     0.012728
     0.578796     0.612257     0.017938
     0.630246     0.612739     0.048945
     0.681334     0.614346     0.074468
     0.727567     0.614384     0.098197
     0.775707     0.617480     0.063532
     0.827460     0.619808     0.026059
     0.881258     0.623267     0.016760
     0.934137     0.619447     0.010260
     0.987348     0.614912     0.005495
     0.018266     0.675379     0.021060
     0.069110     0.671197     0.014185
     0.121351     0.668090     0.015065
     0.171933     0.667880     0.034795
     0.221983     0.670142     0.039883
     0.274225     0.674167     0.033922
     0.326273     0.669754     0.040672
     0.377723     0.667252     0.092589
     0.421505     0.666093     0.091686
     0.472927     0.664976     0.020937
     0.527074     0.664977     0.020947
     0.578494     0.666093     0.091689
     0.622277     0.667253     0.092586
     0.673727     0.669751     0.040675
     0.725775     0.674165     0.033907
     0.778018     0.670144     0.039884
     0.828069     0.667879     0.034808
     0.878648     0.668090     0.015071
     0.930890     0.671197     0.014178
     0.981735     0.675379     0.021058
     0.015563     0.720556     0.004937
     0.068218     0.724311     0.012729
     0.120204     0.727591     0.009589
     0.172960     0.727190     0.014734
     0.224687     0.724381     0.018617
     0.276628     0.720829     0.023902
     0.327452     0.720097     0.057638
     0.376270     0.725852     0.045672
     0.430243     0.725876     0.060068
     0.476968     0.717251     0.126334
     0.523031     0.717253     0.126321
     0.569757     0.725876     0.060019
     0.623735     0.725853     0.045665
     0.672549     0.720097     0.057667
     0.723372     0.720827     0.023920
     0.775312     0.724380     0.018622
     0.827040     0.727190     0.014722
     0.879797     0.727591     0.009588
     0.931782     0.724311     0.012732
     0.984438     0.720557     0.004937
     0.015561     0.779443     0.004937
     0.068217     0.775688     0.012731
     0.120203     0.772409     0.009588
     0.172960     0.772812     0.014718
     0.224688     0.775618     0.018614
     0.276629     0.779172     0.023911
     0.327450     0.779903     0.057638
     0.376271     0.774149     0.045654
     0.430244     0.774125     0.060062
     0.476970     0.782746     0.126355
     0.523030     0.782746     0.126342
     0.569757     0.774119     0.060054
     0.623729     0.774149     0.045644
     0.672552     0.779904     0.057632
     0.723372     0.779172     0.023931
     0.775312     0.775621     0.018620
     0.827040     0.772810     0.014722
     0.879797     0.772410     0.009585
     0.931783     0.775689     0.012724
     0.984439     0.779443     0.004936
     0.018267     0.824621     0.021073
     0.069111     0.828803     0.014199
     0.121351     0.831910     0.015073
     0.171932     0.832120     0.034783
     0.221984     0.829857     0.039879
     0.274225     0.825836     0.033915
     0.326274     0.830246     0.040674
     0.377723     0.832747     0.092578
     0.421508     0.833906     0.091681
     0.472927     0.835025     0.020960
     0.527075     0.835023     0.020965
     0.578493     0.833906     0.091722
     0.622274     0.832746     0.092578
     0.673727     0.830245     0.040666
     0.725773     0.825837     0.033909
     0.778017     0.829856     0.039862
     0.828069     0.832120     0.034806
     0.878648     0.831909     0.015077
     0.930889     0.828803     0.014190
     0.981733     0.824622     0.021065
     0.012652     0.885089     0.005490
     0.065863     0.880555     0.010254
     0.118742     0.876735     0.016759
     0.172539     0.880191     0.026059
     0.224293     0.882520     0.063517
     0.272435     0.885615     0.098193
     0.318668     0.885654     0.074480
     0.369755     0.887261     0.048950
     0.421204     0.887742     0.017943
     0.475097     0.886972     0.012721
     0.524903     0.886972     0.012725
     0.578796     0.887743     0.017948
     0.630246     0.887260     0.048962
     0.681331     0.885654     0.074491
     0.727565     0.885615     0.098185
     0.775707     0.882519     0.063518
     0.827460     0.880192     0.026058
     0.881258     0.876735     0.016755
     0.934137     0.880554     0.010258
     0.987348     0.885088     0.005496
     0.021770     0.928688     0.010354
     0.073606     0.933167     0.076787
     0.118963     0.937004     0.115605
     0.165611     0.937425     0.104104
     0.213224     0.938578     0.078822
     0.264576     0.939395     0.046522
     0.317168     0.939654     0.021554
     0.369365     0.939865     0.010666
     0.421924     0.939045     0.009364
     0.473583     0.939781     0.009988
     0.526417     0.939780     0.009992
     0.578076     0.939046     0.009366
     0.630635     0.939864     0.010669
     0.682832     0.939655     0.021558
     0.735424     0.939394     0.046520
     0.786776     0.938578     0.078828
     0.834389     0.937425     0.104094
     0.881038     0.937003     0.115602
     0.926394     0.933167     0.076796
     0.978230     0.928689     0.010356
     0.008065     0.989608     0.134398
     0.055084     0.991014     0.114248
     0.106207     0.991264     0.070190
     0.159256     0.991747     0.038346
     0.211588     0.991647     0.013294
     0.264695     0.991611     0.008114
     0.316486     0.991273     0.007258
     0.369311     0.991592     0.006505
     0.421225     0.992029     0.007283
     0.474006     0.991649     0.006361
     0.525995     0.991650     0.006365
     0.578775     0.992029     0.007283
     0.630689     0.991591     0.006508
     0.683513     0.991274     0.007257
     0.735305     0.991611     0.008112
     0.788412     0.991648     0.013296
     0.840744     0.991747     0.038342
     0.893792     0.991264     0.070190
     0.944915     0.991014     0.114245
     0.991935     0.989607     0.134391
     0.001010     1.041590     0.019139
     0.053848     1.044096     0.004445
     0.107208     1.042887     0.002956
     0.158939     1.043172     0.002820
     0.211981     1.043084     0.001991
     0.263732     1.043596     0.003840
     0.316637     1.043842     0.002542
     0.368588     1.043870     0.003150
     0.421491     1.043545     0.001936
     0.473608     1.043861     0.002084
     0.526392     1.043861     0.002081
     0.578510     1.043545     0.001936
     0.631412     1.043870     0.003151
     0.683363     1.043842     0.002541
     0.736267     1.043596     0.003843
     0.788019     1.043084     0.001991
     0.841061     1.043172     0.002819
     0.892791     1.042887     0.002958
     0.946152     1.044096     0.004444
     0.998989     1.041590     0.019147
     0.002036     1.094852     0.009101
     0.053813     1.094741     0.000590
     0.106700     1.095229     0.002736
     0.158567     1.095627     0.003734
     0.211320     1.095435     0.002515
     0.263571     1.095666     0.001941
     0.316306     1.095256     0.000907
     0.368757     1.095591     0.001308
     0.421294     1.095699     0.000804
     0.473716     1.095581     0.001222
     0.526284     1.095581     0.001225
     0.578705     1.095699     0.000803
     0.631244     1.095591     0.001306
     0.683694     1.095257     0.000909
     0.736429     1.095666     0.001943
     0.788680     1.095435     0.002517
     0.841433     1.095626     0.003735
     0.893300     1.095229     0.002738
     0.946186     1.094741     0.000589
     0.997964     1.094852     0.009096
     0.000542     1.146334     0.001576
     0.053293     1.147235     0.000000
     0.105935     1.146981     0.000034
     0.158511     1.147259     0.000000
     0.211243     1.147047     0.000438
     0.263531     1.147441     0.000131
     0.316337     1.147459     0.000633
     0.368422     1.147609     0.000356
     0.421388     1.147361     0.000400
     0.473542     1.147582     0.000180
     0.526458     1.147582     0.000180
     0.578612     1.147361     0.000399
     0.631578     1.147609     0.000357
     0.683663     1.147459     0.000633
     0.736469     1.147441     0.000131
     0.788757     1.147047     0.000437
     0.841489     1.147259     0.000000
     0.894065     1.146981     0.000034
     0.946707     1.147235     0.000000
     0.999458     1.146334     0.001579
     0.000962     1.198688     0.003235
     0.053250     1.198507     0.000729
     0.106014     1.198918     0.000000
     0.158323     1.199136     0.000000
     0.211002     1.199215     0.000131
     0.263366     1.199249     0.000000
     0.316092     1.199131     0.000000
     0.368576     1.199248     0.000000
     0.421236     1.199334     0.000000
     0.473635     1.199265     0.000000
     0.526365     1.199265     0.000000
     0.578764     1.199335     0.000000
     0.631424     1.199248     0.000000
     0.683908     1.199132     0.000000
     0.736634     1.199249     0.000000
     0.788998     1.199215     0.000130
     0.841677     1.199136     0.000000
     0.893986     1.198919     0.000000
     0.946750     1.198507     0.000730
     0.999038     1.198689     0.003238
     0.000424     1.250417     0.000439
     0.053064     1.250817     0.000335
     0.105528     1.250749     0.000000
     0.158221     1.250911     0.000000
     0.210841     1.250847     0.000000
     0.263410     1.251064     0.000000
     0.316048     1.251085     0.000000
     0.368462     1.251176     0.000000
     0.421200     1.251065     0.000000
     0.473648     1.251169     0.000000
     0.526352     1.251169     0.000000
     0.578800     1.251065     0.000000
     0.631538     1.251176     0.000000
     0.683952     1.251085     0.000000
     0.736590     1.251064     0.000000
     0.789159     1.250847     0.000000
     0.841779     1.250911     0.000000
     0.894472     1.250749     0.000000
     0.946936     1.250817     0.000336
     0.999576     1.250417     0.000439
     0.000521     1.302430     0.001718
     0.052964     1.302382     0.000522
     0.105674     1.302616     0.000000
     0.158107     1.302716     0.000000
     0.210762     1.302843     0.000000
     0.263232     1.302829     0.000000
     0.315930     1.302829     0.000000
     0.368479     1.302852     0.000000
     0.421148     1.302917     0.000000
     0.473646     1.302879     0.000000
     0.526354     1.302879     0.000000
     0.578852     1.302917     0.000000
     0.631521     1.302851     0.000000
     0.684070     1.302829     0.000000
     0.736768     1.302829     0.000000
     0.789238     1.302843     0.000000
     0.841894     1.302716     0.000000
     0.894326     1.302616     0.000000
     0.947037     1.302383     0.000523
     0.999479     1.302430     0.001722
     0.000300     1.354317     0.000160
     0.052901     1.354485     0.000568
     0.105354     1.354495     0.000000
     0.158036     1.354581     0.000000
     0.210619     1.354557     0.000000
     0.263279     1.354665     0.000000
     0.315872     1.354676     0.000000
     0.368451     1.354723     0.000000
     0.421089     1.354682     0.000000
     0.473691     1.354724     0.000000
     0.526309     1.354724     0.000000
     0.578911     1.354682     0.000000
     0.631549     1.354723     0.000000
     0.684128     1.354676     0.000000
     0.736721     1.354665     0.000000
     0.789381     1.354557     0.000000
     0.841964     1.354581     0.000000
     0.894646     1.354495     0.000000
     0.947099     1.354485     0.000567
     0.999700     1.354317     0.000161
     0.000298     1.406156     0.001564
     0.052780     1.406247     0.000754
     0.105419     1.406330     0.000000
     0.157965     1.406356     0.000000
     0.210602     1.406435     0.000000
     0.263154     1.406412     0.000000
     0.315830     1.406441     0.000000
     0.368422     1.406431     0.000000
     0.421091     1.406468     0.000000
     0.473656     1.406451     0.000000
     0.526344     1.406451     0.000000
     0.578909     1.406468     0.000000
     0.631578     1.406431     0.000000
     0.684170     1.406441     0.000000
     0.736846     1.406412     0.000000
     0.789398     1.406435     0.000000
     0.842035     1.406356     0.000000
     0.894581     1.406330     0.000000
     0.947220     1.406247     0.000755
     0.999702     1.406156     0.001563
     0.000100     1.458187     0.001381
     0.052628     1.458247     0.000000
     0.105285     1.458212     0.000000
     0.157882     1.458235     0.000000
     0.210537     1.458229     0.000000
     0.263166     1.458245     0.000000
     0.315799     1.458247     0.000000
     0.368419     1.458254     0.000000
     0.421053     1.458251     0.000000
     0.473688     1.458256     0.000000
     0.526312     1.458256     0.000000
     0.578947     1.458251     0.000000
     0.631581     1.458254     0.000000
     0.684201     1.458247     0.000000
     0.736834     1.458245     0.000000
     0.789463     1.458229     0.000000
     0.842118     1.458235     0.000000
     0.894715     1.458212     0.000000
     0.947372     1.458247     0.000000
     0.999900     1.458187     0.001381
     0.000000     1.509999     0.000000
     0.052632     1.509999     0.000000
     0.105263     1.509999     0.000000
     0.157895     1.509999     0.000000
     0.210526     1.509999     0.000000
     0.263158     1.509999     0.000000
     0.315789     1.509999     0.000000
     0.368421     1.509999     0.000000
     0.421053     1.509999     0.000000
     0.473684     1.509999     0.000000
     0.526316     1.509999     0.000000
     0.578947     1.509999     0.000000
     0.631579     1.509999     0.000000
     0.684211     1.509999     0.000000
     0.736842     1.509999     0.000000
     0.789474     1.509999     0.000000
     0.842105     1.509999     0.000000
     0.894737     1.509999     0.000000
     0.947368     1.509999     0.000000
     1.000000     1.509999     0.000000
