                 4.069856                 0.000005
                 8.386141                 0.000020
                15.577384                 0.000044
                25.635923                 0.000079
                38.548765                 0.000123
                54.305841                 0.000177
                72.887228                 0.000240
                94.273449                 0.000313
               118.442440                 0.000396
               145.366714                 0.000488
               175.020581                 0.000590
               207.368519                 0.000701
               242.378189                 0.000821
               280.011559                 0.000950
               320.153320                 0.001088
               360.547547                 0.001234
               387.015355                 0.001390
               411.189251                 0.001554
               435.240776                 0.001726
               459.145299                 0.001906
               482.840358                 0.002094
               506.306004                 0.002290
               529.455202                 0.002494
               551.830925                 0.002705
               572.884393                 0.002923
               592.068215                 0.003148
               609.320692                 0.003380
               624.641452                 0.003619
               638.103239                 0.003863
               649.982952                 0.004114
               660.441040                 0.004371
               669.629503                 0.004633
               677.517808                 0.004900
               684.001343                 0.005173
               689.115360                 0.005450
               692.767030                 0.005732
               694.684991                 0.006018
               694.384170                 0.006307
               690.790530                 0.006601
               681.772992                 0.006898
               666.905973                 0.007197
               646.804556                 0.007500
               623.081506                 0.007805
               597.638074                 0.008112
               571.848968                 0.008421
               546.424325                 0.008732
               521.689775                 0.009044
               497.797938                 0.009357
               474.869676                 0.009670
               453.012205                 0.009984
