     0.983932     0.003194     0.000101
     0.997636     0.041111     0.000102
     0.946117     0.017179     0.000000
     0.959884     0.054865     0.000164
     0.973280     0.093166     0.000282
     0.987085     0.131021     0.000000
     0.894479    -0.007101     0.000000
     0.908165     0.030829     0.000000
     0.921904     0.068945     0.000000
     0.935681     0.106769     0.000097
     0.949287     0.144950     0.000118
     0.963064     0.182949     0.000505
     0.976286     0.221311     0.000088
     0.990157     0.259114     0.000000
     0.856639     0.006672     0.000118
     0.870574     0.044584     0.000099
     0.884113     0.082604     0.000217
     0.897797     0.120738     0.000066
     0.911482     0.158606     0.000000
     0.925279     0.196613     0.000232
     0.938462     0.234774     0.000504
     0.952429     0.273057     0.000145
     0.965965     0.310989     0.001165
     0.979009     0.349924     0.000458
     0.992721     0.387527     0.000005
     0.818944     0.021107     0.000000
     0.832555     0.058669     0.000000
     0.846382     0.096680     0.000000
     0.860061     0.134452     0.000000
     0.873688     0.172562     0.000000
     0.887368     0.210487     0.000020
     0.901070     0.248464     0.000366
     0.914560     0.286840     0.000000
     0.928368     0.324310     0.000376
     0.941204     0.363268     0.000530
     0.955074     0.400777     0.000645
     0.967579     0.440303     0.007950
     0.976631     0.482013     0.002285
     0.989062     0.519493     0.000710
     0.767187    -0.003623     0.000000
     0.780933     0.034025     0.000000
     0.794735     0.072418     0.000000
     0.808432     0.110063     0.000000
     0.822116     0.148390     0.000000
     0.835847     0.185989     0.000000
     0.849505     0.224361     0.000000
     0.863136     0.261995     0.000073
     0.876634     0.300482     0.000000
     0.890237     0.338118     0.000103
     0.903687     0.376584     0.000315
     0.916971     0.414482     0.000000
     0.930964     0.452256     0.004779
     0.938239     0.492730     0.004115
     0.951666     0.530221     0.007045
     0.958658     0.573075     0.004992
     0.974885     0.609987     0.000000
     0.729425     0.010503     0.000000
     0.743300     0.048388     0.000000
     0.756915     0.086196     0.000000
     0.770676     0.124179     0.000000
     0.784385     0.161990     0.000000
     0.798038     0.200053     0.000000
     0.811688     0.237895     0.000000
     0.825396     0.275928     0.000000
     0.838876     0.313820     0.000000
     0.852548     0.351889     0.000000
     0.865801     0.389819     0.000399
     0.878971     0.428247     0.000162
     0.892441     0.466021     0.005658
     0.900332     0.506515     0.008330
     0.914612     0.546574     0.007868
     0.923041     0.584802     0.005008
     0.938502     0.624951     0.003058
     0.949033     0.663403     0.001527
     0.963596     0.701390     0.000292
     0.976245     0.739481     0.000404
     0.691609     0.024191     0.000000
     0.705197     0.061955     0.000000
     0.719078     0.099911     0.000000
     0.732704     0.137700     0.000000
     0.746451     0.175832     0.000000
     0.760117     0.213515     0.000000
     0.773810     0.251774     0.000000
     0.787353     0.289429     0.000000
     0.800985     0.327776     0.000000
     0.814423     0.365425     0.000000
     0.828117     0.403762     0.000365
     0.841284     0.441591     0.000264
     0.855025     0.479882     0.004084
     0.865275     0.519725     0.007207
     0.876477     0.559298     0.008224
     0.884248     0.600084     0.003890
     0.901195     0.637382     0.000736
     0.911277     0.675688     0.002023
     0.925870     0.715251     0.001561
     0.937759     0.752864     0.000444
     0.953114     0.791233     0.001651
     0.965096     0.830007     0.000042
     0.979689     0.867382     0.000000
     0.639894    -0.000145     0.000000
     0.653673     0.037680     0.000027
     0.667472     0.075873     0.000000
     0.681218     0.113658     0.000000
     0.694953     0.151677     0.000000
     0.708689     0.189474     0.000000
     0.722326     0.227505     0.000000
     0.736020     0.265315     0.000000
     0.749647     0.303332     0.000000
     0.763261     0.341174     0.000034
     0.776769     0.379229     0.000081
     0.790318     0.417159     0.000627
     0.803200     0.455467     0.000471
     0.817338     0.493388     0.004239
     0.826298     0.533195     0.007080
     0.839462     0.573273     0.007004
     0.848705     0.611766     0.004016
     0.862556     0.652134     0.002064
     0.873598     0.689602     0.001676
     0.888948     0.728660     0.001775
     0.900130     0.766608     0.000849
     0.915711     0.805234     0.001327
     0.926946     0.842981     0.000790
     0.942500     0.881490     0.002051
     0.955044     0.920166     0.005645
     0.967328     0.960225     0.000704
     0.991424     0.992610     0.000432
     0.602108     0.013800     0.000000
     0.616003     0.051639     0.000000
     0.629556     0.089425     0.000000
     0.643378     0.127475     0.000000
     0.657000     0.165179     0.000000
     0.670770     0.203377     0.000000
     0.684392     0.240958     0.000000
     0.698124     0.279317     0.000000
     0.711638     0.316809     0.000000
     0.725338     0.355325     0.000157
     0.738797     0.392785     0.000134
     0.752549     0.431457     0.000566
     0.765938     0.469053     0.000392
     0.779456     0.507803     0.002618
     0.791306     0.546256     0.006311
     0.801173     0.586794     0.008671
     0.809415     0.626053     0.003943
     0.826027     0.664541     0.001813
     0.835749     0.702561     0.003119
     0.851286     0.742923     0.001907
     0.861967     0.779319     0.002007
     0.878500     0.819951     0.001413
     0.889063     0.855754     0.003262
     0.906244     0.897659     0.000778
     0.918109     0.931509     0.009533
     0.931291     0.979114     0.024247
     0.960554     1.012485     0.004025
     0.970474     1.053322     0.010664
     0.986585     1.090459     0.000000
     0.564298     0.027678     0.000000
     0.577941     0.065471     0.000000
     0.591806     0.103321     0.000000
     0.605510     0.141249     0.000000
     0.619266     0.179085     0.000000
     0.632995     0.217052     0.000000
     0.646644     0.254892     0.000000
     0.660374     0.292881     0.000000
     0.673982     0.330722     0.000000
     0.687751     0.368750     0.000059
     0.701143     0.406675     0.000021
     0.714977     0.444668     0.000333
     0.727603     0.482837     0.000277
     0.741792     0.520675     0.002512
     0.751854     0.559856     0.006233
     0.763974     0.600114     0.007940
     0.774292     0.638975     0.005190
     0.786845     0.679371     0.002984
     0.799588     0.716913     0.002397
     0.813401     0.756058     0.002274
     0.826033     0.794308     0.002629
     0.839984     0.833431     0.001248
     0.853980     0.870433     0.003945
     0.866952     0.911866     0.001120
     0.881245     0.943891     0.019811
     0.906702     0.992847     0.029730
     0.921287     1.029664     0.000070
     0.935300     1.067336     0.001520
     0.949778     1.106000     0.000501
     0.963120     1.143384     0.000563
     0.976917     1.181504     0.000000
     0.990795     1.219210     0.000000
     0.512601     0.003333     0.000000
     0.526395     0.041093     0.000000
     0.540161     0.079215     0.000000
     0.553911     0.116940     0.000000
     0.567641     0.155026     0.000000
     0.581356     0.192713     0.000000
     0.595066     0.230884     0.000000
     0.608751     0.268504     0.000000
     0.622452     0.306798     0.000000
     0.636014     0.344356     0.000000
     0.649698     0.382756     0.000082
     0.663158     0.420216     0.000145
     0.676854     0.458771     0.000452
     0.690397     0.496239     0.001306
     0.703480     0.535545     0.002138
     0.716985     0.572751     0.006088
     0.726421     0.614423     0.009892
     0.734947     0.653094     0.004908
     0.751346     0.692194     0.002316
     0.760867     0.730112     0.004155
     0.776515     0.770936     0.001682
     0.787887     0.806449     0.004032
     0.803004     0.849040     0.001529
     0.816745     0.882969     0.003348
     0.828515     0.925706     0.024505
     0.855239     0.967908     0.015761
     0.869187     1.004616     0.004866
     0.882762     1.044271     0.000807
     0.897248     1.081140     0.000000
     0.911237     1.119475     0.000000
     0.925319     1.156791     0.000080
     0.939147     1.195402     0.000309
     0.952998     1.233037     0.000000
     0.966890     1.271192     0.000261
     0.980567     1.309102     0.000000
     0.994386     1.346966     0.000000
     0.474830     0.017322     0.000000
     0.488579     0.055075     0.000000
     0.502322     0.093020     0.000000
     0.516087     0.130825     0.000000
     0.529844     0.168784     0.000000
     0.543596     0.206606     0.000000
     0.557322     0.244553     0.000000
     0.571024     0.282416     0.000000
     0.584705     0.320334     0.000000
     0.598392     0.358211     0.000086
     0.612110     0.396151     0.000214
     0.625613     0.434271     0.000358
     0.639478     0.472215     0.000302
     0.652531     0.510475     0.001034
     0.666149     0.548684     0.001745
     0.677630     0.587529     0.004754
     0.689227     0.626859     0.008389
     0.700131     0.667334     0.007100
     0.711264     0.706370     0.002500
     0.726347     0.744676     0.004482
     0.737573     0.783990     0.002347
     0.753054     0.822146     0.004109
     0.765489     0.862463     0.002822
     0.777609     0.898039     0.016365
     0.804495     0.942358     0.024922
     0.816887     0.982469     0.004418
     0.832640     1.019178     0.000207
     0.846178     1.057739     0.000855
     0.860017     1.095706     0.000130
     0.874097     1.133675     0.000000
     0.887632     1.171445     0.000000
     0.901713     1.209268     0.000000
     0.915179     1.247084     0.000000
     0.929226     1.285008     0.000000
     0.942713     1.322859     0.000000
     0.956613     1.360804     0.000000
     0.970261     1.398685     0.000000
     0.983902     1.436557     0.000000
     0.997874     1.474316     0.000000
     0.423149    -0.006962     0.000000
     0.436859     0.030885     0.000013
     0.450708     0.068846     0.000000
     0.464461     0.106669     0.000000
     0.478251     0.144603     0.000000
     0.491956     0.182480     0.000000
     0.505719     0.220374     0.000000
     0.519397     0.258318     0.000000
     0.533151     0.296174     0.000000
     0.546788     0.334213     0.000096
     0.560480     0.372144     0.000011
     0.574132     0.410165     0.000041
     0.587839     0.447995     0.000165
     0.601146     0.486262     0.000135
     0.615146     0.523747     0.000909
     0.627846     0.562631     0.001772
     0.641857     0.600453     0.004014
     0.652635     0.640589     0.010464
     0.660827     0.681986     0.006313
     0.676171     0.719127     0.003082
     0.687657     0.759437     0.004148
     0.701181     0.798006     0.002380
     0.715680     0.836172     0.002183
     0.725780     0.873354     0.022899
     0.752705     0.920855     0.020538
     0.765591     0.955953     0.002948
     0.780548     0.995634     0.002913
     0.793980     1.033818     0.000126
     0.807938     1.071472     0.000087
     0.821932     1.109317     0.000039
     0.835708     1.147173     0.000000
     0.849821     1.184997     0.000000
     0.863509     1.222999     0.000000
     0.877461     1.260840     0.000000
     0.891208     1.298799     0.000046
     0.904942     1.336627     0.000058
     0.918759     1.374582     0.000167
     0.932392     1.412398     0.000428
     0.946038     1.450411     0.000691
     0.960117     1.488226     0.000000
     0.385309     0.006811     0.000000
     0.399220     0.044716     0.000000
     0.412851     0.082641     0.000000
     0.426698     0.120586     0.000000
     0.440400     0.158385     0.000000
     0.454224     0.196367     0.000000
     0.467930     0.234139     0.000000
     0.481729     0.272135     0.000000
     0.495401     0.309930     0.000000
     0.509181     0.347908     0.000020
     0.522802     0.385685     0.000064
     0.536484     0.423681     0.000154
     0.550107     0.461553     0.000349
     0.563813     0.499586     0.001091
     0.576987     0.538139     0.001200
     0.591014     0.575952     0.002024
     0.602600     0.615342     0.003688
     0.616081     0.653937     0.007528
     0.625572     0.694145     0.009796
     0.637061     0.735559     0.002208
     0.652285     0.771118     0.002769
     0.663664     0.812592     0.006253
     0.675761     0.849296     0.018886
     0.702248     0.894646     0.022508
     0.714442     0.932870     0.004911
     0.728813     0.971968     0.001084
     0.743438     1.009043     0.000000
     0.756738     1.047182     0.000628
     0.770885     1.085531     0.000305
     0.784471     1.123366     0.000093
     0.798552     1.161445     0.000000
     0.812084     1.199179     0.000000
     0.826117     1.237093     0.000000
     0.839642     1.274868     0.000000
     0.853600     1.312795     0.000000
     0.867181     1.350610     0.000163
     0.881099     1.388677     0.000000
     0.894748     1.426429     0.000663
     0.908665     1.465122     0.000519
     0.922442     1.502568     0.000000
     0.347537     0.020964     0.000000
     0.361190     0.058581     0.000000
     0.375121     0.096477     0.000000
     0.388772     0.134297     0.000000
     0.402622     0.172207     0.000000
     0.416310     0.210078     0.000000
     0.430085     0.247978     0.000000
     0.443804     0.285887     0.000000
     0.457535     0.323770     0.000000
     0.471206     0.361731     0.000222
     0.484845     0.399783     0.000208
     0.498624     0.437752     0.000306
     0.512357     0.475783     0.000273
     0.525999     0.513880     0.000821
     0.539849     0.551913     0.000871
     0.552700     0.590134     0.001313
     0.567365     0.628199     0.002780
     0.578097     0.667638     0.008647
     0.588395     0.709457     0.007943
     0.600701     0.746857     0.003352
     0.613273     0.786913     0.007908
     0.626878     0.825072     0.022897
     0.651167     0.871395     0.020181
     0.663306     0.908695     0.002509
     0.677552     0.946441     0.001548
     0.691143     0.985316     0.001773
     0.704840     1.023435     0.000277
     0.719016     1.061301     0.000306
     0.732608     1.099252     0.000211
     0.746579     1.137142     0.000000
     0.760233     1.174920     0.000000
     0.774291     1.212893     0.000000
     0.787899     1.250713     0.000000
     0.801927     1.288701     0.000000
     0.815515     1.326486     0.000000
     0.829552     1.364478     0.000000
     0.842980     1.402229     0.000000
     0.857201     1.440118     0.000000
     0.870539     1.477616     0.000000
     0.295856    -0.003484     0.000000
     0.309585     0.034232     0.000237
     0.323515     0.072600     0.000000
     0.337165     0.110125     0.000000
     0.351082     0.148343     0.000000
     0.364730     0.185906     0.000000
     0.378646     0.224078     0.000000
     0.392275     0.261659     0.000000
     0.406206     0.299835     0.000000
     0.419742     0.337425     0.000034
     0.433818     0.375624     0.000098
     0.447265     0.413208     0.000200
     0.461191     0.451529     0.000229
     0.474555     0.489121     0.000044
     0.488638     0.527147     0.000907
     0.501337     0.565502     0.001272
     0.516019     0.603766     0.001883
     0.527318     0.642433     0.002720
     0.542994     0.681031     0.005989
     0.551608     0.720827     0.012281
     0.562014     0.762596     0.014192
     0.579898     0.801114     0.022427
     0.599850     0.847395     0.017159
     0.612007     0.883221     0.003027
     0.626071     0.922919     0.002081
     0.639831     0.960591     0.001234
     0.654211     0.999067     0.001504
     0.667842     1.037209     0.000397
     0.681593     1.075096     0.000145
     0.695403     1.113125     0.000192
     0.708949     1.151112     0.000195
     0.722991     1.189133     0.000000
     0.736532     1.226894     0.000000
     0.750533     1.264873     0.000000
     0.764054     1.302601     0.000000
     0.778012     1.340618     0.000000
     0.791546     1.378312     0.000000
     0.805558     1.416380     0.000280
     0.818932     1.454330     0.000360
     0.832989     1.492273     0.000445
     0.258017     0.010540     0.000000
     0.272107     0.048382     0.000150
     0.285478     0.086173     0.000000
     0.299507     0.124184     0.000000
     0.313119     0.161889     0.000000
     0.327011     0.199944     0.000000
     0.340677     0.237630     0.000000
     0.354517     0.275735     0.000000
     0.368209     0.313408     0.000000
     0.382019     0.351557     0.000108
     0.395699     0.389286     0.000071
     0.409300     0.427479     0.000342
     0.423240     0.465274     0.000165
     0.436571     0.503467     0.000985
     0.450732     0.541674     0.000943
     0.464722     0.579481     0.001360
     0.477640     0.617953     0.001726
     0.493020     0.656137     0.002509
     0.503455     0.695140     0.009402
     0.515646     0.735022     0.027149
     0.531361     0.780812     0.027010
     0.549485     0.822204     0.010207
     0.561179     0.859090     0.003092
     0.575310     0.898535     0.002352
     0.589159     0.936555     0.001746
     0.602528     0.975212     0.001084
     0.616549     1.012915     0.000188
     0.629436     1.051063     0.000590
     0.643638     1.089174     0.000107
     0.657108     1.126790     0.000152
     0.671313     1.164960     0.000113
     0.684671     1.202602     0.000026
     0.698832     1.240745     0.000000
     0.712275     1.278387     0.000000
     0.726383     1.316540     0.000000
     0.739877     1.354153     0.000000
     0.753951     1.392359     0.000000
     0.767526     1.429894     0.000000
     0.781562     1.468191     0.000420
     0.795149     1.506046     0.000000
     0.220354     0.024647     0.000000
     0.233778     0.062270     0.000000
     0.247971     0.100143     0.000000
     0.261499     0.137976     0.000000
     0.275475     0.175870     0.000000
     0.289113     0.213737     0.000000
     0.303049     0.251595     0.000000
     0.316736     0.289484     0.000000
     0.330608     0.327321     0.000061
     0.344329     0.365279     0.000020
     0.358185     0.403018     0.000086
     0.372080     0.441091     0.000361
     0.385469     0.479049     0.000214
     0.399617     0.516761     0.000956
     0.413437     0.555245     0.001188
     0.426223     0.593386     0.001579
     0.441561     0.632096     0.001711
     0.452013     0.669521     0.007716
     0.469931     0.709245     0.026423
     0.485855     0.755963     0.030994
     0.498546     0.797123     0.010650
     0.510173     0.834840     0.002597
     0.524521     0.874032     0.002163
     0.537893     0.912035     0.001465
     0.551244     0.950279     0.001272
     0.564693     0.988679     0.001150
     0.578465     1.026569     0.000313
     0.592660     1.064582     0.000707
     0.606022     1.102834     0.000511
     0.619999     1.140900     0.000227
     0.633452     1.178784     0.000075
     0.647433     1.216795     0.000042
     0.660969     1.254587     0.000000
     0.674915     1.292566     0.000000
     0.688467     1.330322     0.000000
     0.702376     1.368323     0.000000
     0.715966     1.406046     0.000000
     0.729821     1.444054     0.000000
     0.743522     1.481592     0.000000
     0.168564    -0.000006     0.000249
     0.182266     0.037677     0.000537
     0.196298     0.076267     0.000261
     0.209930     0.113796     0.000000
     0.223807     0.151978     0.000000
     0.237560     0.189547     0.000000
     0.251355     0.227683     0.000000
     0.265136     0.265296     0.000000
     0.278908     0.303446     0.000000
     0.292748     0.341091     0.000012
     0.306482     0.379320     0.000096
     0.320208     0.417048     0.000003
     0.333975     0.455041     0.000302
     0.347659     0.493042     0.001460
     0.361597     0.531880     0.000777
     0.375479     0.568773     0.001301
     0.390342     0.608414     0.002003
     0.401702     0.644181     0.012599
     0.421507     0.688290     0.022872
     0.439925     0.729350     0.018533
     0.450915     0.771030     0.013039
     0.459270     0.810329     0.005985
     0.474191     0.849767     0.001943
     0.486838     0.886878     0.001756
     0.500167     0.926455     0.001907
     0.513871     0.963793     0.001210
     0.527496     1.002679     0.001798
     0.541054     1.040909     0.000617
     0.554440     1.078906     0.000270
     0.568355     1.116739     0.000128
     0.581704     1.154656     0.000066
     0.595811     1.192507     0.000000
     0.609203     1.230414     0.000000
     0.623254     1.268311     0.000000
     0.636712     1.306208     0.000000
     0.650748     1.344095     0.000000
     0.664276     1.381998     0.000000
     0.678257     1.419869     0.000000
     0.691834     1.457843     0.000000
     0.705697     1.495752     0.000000
     0.130912     0.014277     0.000000
     0.145077     0.052055     0.000320
     0.158231     0.089923     0.000000
     0.172361     0.127846     0.000000
     0.185865     0.165713     0.000000
     0.199880     0.203588     0.000000
     0.213487     0.241476     0.000000
     0.227521     0.279313     0.000000
     0.241176     0.317207     0.000000
     0.255157     0.355035     0.000000
     0.268823     0.392858     0.000183
     0.282662     0.430794     0.000505
     0.296693     0.468900     0.000128
     0.310827     0.506499     0.001114
     0.324277     0.545119     0.001378
     0.339040     0.583511     0.001368
     0.350023     0.620334     0.016305
     0.373685     0.665287     0.022622
     0.388507     0.704684     0.008748
     0.402739     0.743234     0.004471
     0.412964     0.782300     0.009280
     0.424020     0.823681     0.008718
     0.435417     0.863285     0.002805
     0.449325     0.901429     0.001645
     0.463160     0.939913     0.001728
     0.475841     0.978382     0.001214
     0.490150     1.016380     0.000259
     0.503000     1.054103     0.000452
     0.517223     1.092471     0.000253
     0.530405     1.130167     0.000349
     0.544494     1.168622     0.000275
     0.557829     1.206290     0.000073
     0.571868     1.244494     0.000000
     0.585341     1.282120     0.000000
     0.599278     1.320246     0.000000
     0.612837     1.357913     0.000000
     0.626693     1.395975     0.000000
     0.640355     1.433703     0.000000
     0.654148     1.471685     0.000000
     0.667857     1.509524     0.000000
     0.093047     0.028209     0.000294
     0.106495     0.065923     0.000000
     0.120669     0.103704     0.000000
     0.134402     0.141656     0.000069
     0.148089     0.179578     0.000000
     0.162060     0.217421     0.000000
     0.175680     0.255309     0.000000
     0.189647     0.293155     0.000000
     0.203288     0.331020     0.000017
     0.217310     0.368956     0.000102
     0.230947     0.406971     0.000343
     0.245312     0.445170     0.000375
     0.258369     0.483187     0.000000
     0.272697     0.520750     0.001006
     0.287189     0.559768     0.002400
     0.298473     0.596126     0.017819
     0.324721     0.640957     0.021067
     0.338325     0.679405     0.008223
     0.350479     0.719742     0.002525
     0.365268     0.756321     0.002771
     0.377228     0.797177     0.010563
     0.386555     0.837973     0.008575
     0.398813     0.876951     0.003089
     0.412148     0.915309     0.001226
     0.425018     0.953470     0.001231
     0.438741     0.991789     0.001191
     0.451757     1.029997     0.000679
     0.465767     1.068239     0.000859
     0.478909     1.106471     0.000462
     0.493002     1.144348     0.000224
     0.506305     1.182307     0.000033
     0.520297     1.220116     0.000000
     0.533675     1.258077     0.000000
     0.547627     1.295917     0.000000
     0.561136     1.333844     0.000000
     0.575055     1.371711     0.000000
     0.588676     1.409598     0.000000
     0.602489     1.447493     0.000000
     0.616211     1.485293     0.000000
     0.041271     0.003472     0.000174
     0.055250     0.041071     0.000989
     0.069300     0.079914     0.001032
     0.082705     0.117751     0.000000
     0.096819     0.155564     0.000124
     0.110269     0.193567     0.000000
     0.124291     0.231308     0.000000
     0.137883     0.269302     0.000000
     0.151981     0.307071     0.000000
     0.165703     0.345038     0.000033
     0.179795     0.382852     0.000000
     0.193584     0.420616     0.000000
     0.207453     0.458299     0.000368
     0.220899     0.496500     0.001893
     0.236511     0.535268     0.001194
     0.247538     0.570746     0.020825
     0.275084     0.618873     0.024054
     0.286570     0.655534     0.002582
     0.301239     0.693879     0.002853
     0.313821     0.732685     0.002195
     0.327733     0.771047     0.002391
     0.340641     0.809680     0.007132
     0.349981     0.850570     0.010620
     0.360527     0.890904     0.004578
     0.373889     0.929099     0.001488
     0.387753     0.967385     0.001366
     0.400659     1.005687     0.001602
     0.414699     1.044156     0.000513
     0.427959     1.081725     0.000491
     0.441766     1.120159     0.000279
     0.454958     1.157845     0.000183
     0.468859     1.196151     0.000060
     0.482239     1.233859     0.000000
     0.496193     1.271980     0.000000
     0.509695     1.309738     0.000000
     0.523580     1.347727     0.000000
     0.537163     1.385553     0.000000
     0.550985     1.423432     0.000000
     0.564649     1.461430     0.000000
     0.578404     1.499229     0.000000
     0.003566     0.017715     0.000000
     0.017783     0.055379     0.000544
     0.031589     0.093520     0.000545
     0.044795     0.131442     0.000041
     0.059102     0.169481     0.000015
     0.072264     0.207260     0.000022
     0.086598     0.245319     0.000000
     0.100037     0.283018     0.000000
     0.114149     0.321078     0.000000
     0.127835     0.358668     0.000000
     0.141782     0.396837     0.000228
     0.155478     0.434714     0.000557
     0.169755     0.473026     0.000000
     0.184740     0.510844     0.003576
     0.195416     0.549816     0.020904
     0.223625     0.592757     0.018210
     0.236387     0.630164     0.004176
     0.248142     0.669539     0.002383
     0.264745     0.707370     0.001896
     0.275414     0.746453     0.004105
     0.290838     0.785382     0.001979
     0.302953     0.823120     0.007659
     0.313705     0.865020     0.011225
     0.323766     0.904619     0.005700
     0.337038     0.943158     0.001381
     0.349598     0.981400     0.001156
     0.363933     1.019470     0.000571
     0.376297     1.057634     0.000633
     0.390437     1.095894     0.000336
     0.403360     1.133810     0.000298
     0.417482     1.171909     0.000125
     0.430725     1.209748     0.000000
     0.444711     1.247711     0.000000
     0.458089     1.285595     0.000000
     0.471963     1.323508     0.000000
     0.485509     1.361398     0.000000
     0.499326     1.399281     0.000000
     0.513052     1.437149     0.000000
     0.526763     1.474946     0.000000
     0.007188     0.145337     0.000000
     0.021207     0.183161     0.000000
     0.034601     0.221110     0.000435
     0.048823     0.259341     0.000000
     0.062171     0.296852     0.000211
     0.076584     0.335276     0.000010
     0.090146     0.372638     0.000070
     0.104588     0.411072     0.000000
     0.118581     0.448130     0.000544
     0.132282     0.487576     0.000122
     0.144579     0.520825     0.017473
     0.172954     0.567954     0.030417
     0.184542     0.608538     0.002263
     0.199022     0.643286     0.001823
     0.213031     0.685272     0.003229
     0.226013     0.720966     0.001711
     0.240542     0.761722     0.003541
     0.252565     0.798836     0.002054
     0.266938     0.838692     0.004889
     0.277294     0.876844     0.011101
     0.285381     0.919319     0.007399
     0.298355     0.956198     0.001370
     0.312511     0.995586     0.001111
     0.325062     1.032878     0.000478
     0.339369     1.071656     0.000462
     0.352373     1.109025     0.000287
     0.366249     1.147706     0.000412
     0.379383     1.185304     0.000103
     0.393216     1.223657     0.000119
     0.406620     1.261366     0.000000
     0.420470     1.299483     0.000000
     0.434037     1.337269     0.000000
     0.447813     1.375246     0.000000
     0.461489     1.413075     0.000000
     0.475133     1.450942     0.000000
     0.488947     1.488783     0.000000
     0.010906     0.273162     0.000000
     0.024719     0.310828     0.000471
     0.038678     0.349364     0.000000
     0.052493     0.386221     0.000270
     0.066250     0.425404     0.000000
     0.080693     0.461559     0.000000
     0.092103     0.500896     0.030273
     0.120995     0.547665     0.018825
     0.134878     0.580064     0.001973
     0.146355     0.621812     0.003522
     0.162318     0.658248     0.000951
     0.174608     0.697732     0.002829
     0.189400     0.735672     0.001555
     0.202006     0.774423     0.002673
     0.215547     0.812978     0.002102
     0.228727     0.851436     0.003995
     0.239973     0.891435     0.010652
     0.248950     0.932424     0.007432
     0.261459     0.970854     0.001551
     0.274425     1.009073     0.000197
     0.288207     1.046805     0.000452
     0.301045     1.085328     0.000389
     0.314744     1.123117     0.000254
     0.328072     1.161377     0.000272
     0.341737     1.199223     0.000125
     0.355287     1.237341     0.000000
     0.368980     1.275116     0.000000
     0.382539     1.313213     0.000000
     0.396223     1.350951     0.000000
     0.409867     1.389045     0.000000
     0.423591     1.426774     0.000000
     0.437366     1.464947     0.000000
     0.451112     1.502708     0.000000
     0.000913     0.363165     0.000000
     0.014828     0.400818     0.000227
     0.029827     0.438813     0.008016
     0.040083     0.477478     0.004228
     0.070389     0.512573     0.033805
     0.082627     0.561491     0.008111
     0.095186     0.593258     0.000532
     0.112177     0.636829     0.004707
     0.123275     0.671964     0.001502
     0.139479     0.712948     0.002407
     0.150848     0.749232     0.001337
     0.166157     0.789358     0.002458
     0.177705     0.826735     0.001552
     0.192180     0.866164     0.002472
     0.203811     0.903852     0.009427
     0.210359     0.946081     0.008965
     0.222649     0.983912     0.001478
     0.236746     1.022744     0.000418
     0.249536     1.060318     0.000421
     0.263797     1.098809     0.000310
     0.276769     1.136510     0.000351
     0.290717     1.174976     0.000279
     0.303775     1.212777     0.000258
     0.317565     1.251085     0.000015
     0.330948     1.288820     0.000000
     0.344741     1.326948     0.000000
     0.358325     1.364792     0.000000
     0.372078     1.402740     0.000000
     0.385784     1.440628     0.000000
     0.399458     1.478297     0.000000
     0.009728     0.498594     0.000000
     0.034732     0.530817     0.002367
     0.045719     0.572174     0.007549
     0.059332     0.610541     0.002150
     0.074599     0.649176     0.001398
     0.086205     0.687052     0.001711
     0.101215     0.725776     0.000632
     0.113487     0.763175     0.001219
     0.128111     0.802350     0.001165
     0.139858     0.839787     0.001769
     0.153982     0.879308     0.002216
     0.164989     0.917314     0.009233
     0.174260     0.959233     0.010325
     0.185830     0.998149     0.002775
     0.198916     1.036314     0.000543
     0.212599     1.074450     0.000462
     0.225560     1.112575     0.000309
     0.239243     1.150672     0.000120
     0.252569     1.188588     0.000101
     0.266199     1.226706     0.000103
     0.279641     1.264648     0.000000
     0.293295     1.302656     0.000000
     0.306913     1.340590     0.000000
     0.320496     1.378547     0.000000
     0.334206     1.416479     0.000000
     0.347765     1.454480     0.000037
     0.361659     1.492413     0.000000
     0.021990     0.624922     0.000000
     0.036552     0.662276     0.000092
     0.048830     0.701033     0.001775
     0.063588     0.739399     0.000542
     0.076075     0.777269     0.001269
     0.090496     0.816048     0.001101
     0.102754     0.854015     0.001907
     0.116791     0.893229     0.001543
     0.129207     0.930936     0.007810
     0.136686     0.973260     0.010579
     0.146781     1.011914     0.002200
     0.161487     1.050158     0.000062
     0.173854     1.087914     0.000072
     0.188252     1.126056     0.000000
     0.201091     1.163914     0.000000
     0.215051     1.202143     0.000049
     0.228167     1.240082     0.000122
     0.241811     1.278303     0.000212
     0.255296     1.316316     0.000000
     0.268955     1.354269     0.000021
     0.282640     1.392381     0.000000
     0.296337     1.430149     0.000000
     0.310179     1.468362     0.000101
     0.323819     1.506185     0.000000
     0.025378     0.753019     0.000000
     0.038766     0.790789     0.000845
     0.052461     0.829612     0.000539
     0.065229     0.867084     0.001165
     0.078319     0.906466     0.001116
     0.090247     0.943719     0.005728
     0.100162     0.984826     0.011772
     0.109993     1.025484     0.004183
     0.123245     1.063267     0.000029
     0.136694     1.101674     0.000343
     0.149901     1.139776     0.000000
     0.163461     1.177744     0.000000
     0.176963     1.215800     0.000000
     0.190499     1.253749     0.000190
     0.204161     1.292021     0.000287
     0.217542     1.330018     0.000012
     0.231338     1.368079     0.000000
     0.244773     1.405944     0.000000
     0.258478     1.444044     0.000000
     0.272115     1.481568     0.000000
     0.014360     0.842813     0.000000
     0.027676     0.880570     0.001192
     0.040687     0.919637     0.001282
     0.053670     0.957809     0.004334
     0.064153     0.999257     0.010792
     0.070975     1.039479     0.004762
     0.085633     1.077101     0.000000
     0.098400     1.115138     0.000000
     0.112326     1.153168     0.000000
     0.125451     1.191123     0.000000
     0.139253     1.229342     0.000022
     0.152657     1.267215     0.000118
     0.166252     1.305531     0.000381
     0.179595     1.343538     0.000372
     0.193195     1.381789     0.000232
     0.206930     1.419695     0.000226
     0.220472     1.457887     0.000277
     0.234367     1.495891     0.000102
     0.014983     0.970496     0.000446
     0.026806     1.008822     0.005657
     0.034212     1.051706     0.009647
     0.047448     1.090874     0.000229
     0.060876     1.128270     0.000309
     0.074126     1.167241     0.000201
     0.087686     1.204587     0.000000
     0.101313     1.243118     0.000177
     0.114846     1.280755     0.000085
     0.128717     1.319134     0.000614
     0.142035     1.357366     0.000715
     0.155873     1.395745     0.000122
     0.169198     1.433517     0.000000
     0.182994     1.471885     0.000125
     0.196527     1.509663     0.000000
     0.009564     1.104120     0.000000
     0.023018     1.141835     0.000158
     0.036486     1.180377     0.000755
     0.049650     1.218393     0.000040
     0.063748     1.256521     0.000332
     0.077024     1.294743     0.000000
     0.090972     1.332494     0.000175
     0.104382     1.370823     0.000455
     0.117447     1.409053     0.000507
     0.131094     1.447181     0.000298
     0.144756     1.484729     0.000000
     0.012008     1.232280     0.000000
     0.025974     1.270090     0.000002
     0.039127     1.308282     0.000000
     0.053187     1.346185     0.000000
     0.066477     1.384269     0.000153
     0.080465     1.422323     0.001335
     0.093435     1.461833     0.000750
     0.107074     1.499369     0.000442
     0.001430     1.321976     0.000000
     0.015305     1.359736     0.000000
     0.028642     1.397939     0.000000
     0.042588     1.435721     0.000000
     0.055512     1.473736     0.000349
     0.004355     1.449067     0.000000
     0.017521     1.487085     0.000000
