                 8.917013                 0.000025
                31.039313                 0.000099
                67.873478                 0.000222
               119.364703                 0.000394
               185.435314                 0.000616
               265.985825                 0.000886
               356.945858                 0.001204
               383.948151                 0.001571
               404.305863                 0.001985
               424.209296                 0.002447
               682.492761                 0.002956
              -407.906397                 0.003511
               120.423184                 0.004112
               904.101977                 0.004759
               371.427736                 0.005450
               747.978856                 0.006185
               190.400040                 0.006963
               608.528877                 0.007784
               756.814413                 0.008646
               446.616234                 0.009549
               576.621820                 0.010492
               566.702797                 0.011474
               562.423597                 0.012494
               606.935093                 0.013551
               568.637188                 0.014645
               494.173456                 0.015773
               594.766177                 0.016934
               594.721940                 0.018129
               488.880801                 0.019355
               513.552397                 0.020611
               605.324114                 0.021896
               505.525861                 0.023209
               462.769912                 0.024548
               559.293542                 0.025912
               537.626460                 0.027300
               442.823975                 0.028711
               504.709726                 0.030142
               539.181486                 0.031594
               456.401180                 0.033063
               464.005673                 0.034549
               514.625194                 0.036050
               470.760766                 0.037565
               449.086398                 0.039093
               487.171055                 0.040631
               466.726780                 0.042178
               447.269259                 0.043733
               470.781654                 0.045294
               455.813493                 0.046860
               439.870914                 0.048429
               462.161285                 0.050000
