                 3.349331                 0.000000
                 3.487818                 0.000001
                 3.720356                 0.000001
                 4.044664                 0.000002
                 4.462517                 0.000004
                 4.972404                 0.000005
                 5.576179                 0.000007
                 6.271406                 0.000009
                 7.060686                 0.000012
                 7.941722                 0.000015
                 8.916243                 0.000018
                 9.983259                 0.000021
                11.142931                 0.000025
                12.395257                 0.000029
                13.740460                 0.000033
                15.178076                 0.000038
                16.708614                 0.000043
                18.331786                 0.000048
                20.047187                 0.000053
                21.855948                 0.000059
                23.756499                 0.000065
                25.750286                 0.000072
                27.835964                 0.000078
                30.014592                 0.000085
                32.285139                 0.000092
                34.649004                 0.000100
                37.104185                 0.000108
                39.652924                 0.000116
                42.292994                 0.000124
                45.026113                 0.000133
                47.850998                 0.000142
                50.768519                 0.000151
                53.777701                 0.000161
                56.879730                 0.000171
                60.073076                 0.000181
                63.359238                 0.000192
                66.737053                 0.000202
                70.206979                 0.000214
                73.769086                 0.000225
                77.422615                 0.000237
                81.168197                 0.000249
                85.005614                 0.000261
                88.934667                 0.000273
                92.955543                 0.000286
                97.068396                 0.000299
               101.272039                 0.000313
               105.568325                 0.000326
               109.954998                 0.000340
               114.433926                 0.000355
               119.003583                 0.000369
               123.665012                 0.000384
               128.417287                 0.000399
               133.261570                 0.000415
               138.195869                 0.000431
               143.222442                 0.000447
               148.338850                 0.000463
               153.547075                 0.000480
               158.845676                 0.000497
               164.235255                 0.000514
               169.715358                 0.000531
               175.286541                 0.000549
               180.947856                 0.000567
               186.700291                 0.000586
               192.542669                 0.000604
               198.475363                 0.000623
               204.498688                 0.000643
               210.611806                 0.000662
               216.815520                 0.000682
               223.109002                 0.000702
               229.492585                 0.000722
               235.965873                 0.000743
               242.529513                 0.000764
               249.181930                 0.000785
               255.925079                 0.000807
               262.756541                 0.000829
               269.678686                 0.000851
               276.689325                 0.000873
               283.789993                 0.000896
               290.978973                 0.000919
               298.258132                 0.000942
               305.624922                 0.000966
               313.082238                 0.000990
               320.626770                 0.001014
               328.261272                 0.001039
               335.983511                 0.001063
               343.795087                 0.001088
               351.585525                 0.001114
               358.294713                 0.001139
               363.783724                 0.001165
               368.949038                 0.001191
               373.720816                 0.001218
               378.103797                 0.001244
               382.363083                 0.001271
               386.642487                 0.001299
               390.566681                 0.001326
               394.714499                 0.001354
               398.838542                 0.001382
               402.877368                 0.001411
               407.079263                 0.001439
               411.167766                 0.001468
               415.235202                 0.001498
               419.571200                 0.001527
               423.498504                 0.001557
               427.778690                 0.001587
               431.849648                 0.001617
               436.003581                 0.001648
               440.226542                 0.001679
               444.273026                 0.001710
               448.602749                 0.001742
               452.625513                 0.001774
               456.894521                 0.001806
               461.018585                 0.001838
               465.184428                 0.001871
               469.391944                 0.001903
               473.447911                 0.001937
               477.720774                 0.001970
               481.819437                 0.002004
               485.912165                 0.002038
               490.148040                 0.002072
               494.269729                 0.002107
               498.441080                 0.002142
               502.595475                 0.002177
               506.613532                 0.002212
               510.824684                 0.002248
               514.857408                 0.002284
               519.064379                 0.002320
               523.036067                 0.002356
               527.174377                 0.002393
               531.215691                 0.002430
               535.270005                 0.002467
               539.245004                 0.002505
               543.305765                 0.002543
               547.285417                 0.002581
               551.278871                 0.002619
               555.248759                 0.002658
               559.197696                 0.002697
               563.048983                 0.002736
               566.964989                 0.002775
               570.889463                 0.002815
               574.783361                 0.002855
               578.629020                 0.002895
               582.324680                 0.002936
               586.082205                 0.002977
               589.612449                 0.003018
               593.080399                 0.003059
               596.615577                 0.003101
               600.017647                 0.003143
               603.087082                 0.003185
               606.153209                 0.003227
               609.149203                 0.003270
               612.269140                 0.003313
               615.322160                 0.003356
               618.035331                 0.003399
               621.254722                 0.003443
               623.828189                 0.003487
               626.406727                 0.003531
               628.998945                 0.003576
               631.337029                 0.003620
               634.113403                 0.003665
               636.525451                 0.003711
               638.007319                 0.003756
               640.316837                 0.003802
               643.199333                 0.003848
               645.009709                 0.003894
               646.953859                 0.003941
               649.278085                 0.003988
               651.338273                 0.004035
               653.383328                 0.004082
               655.204107                 0.004130
               656.832744                 0.004178
               658.947733                 0.004226
               660.649855                 0.004274
               662.490125                 0.004323
               664.165494                 0.004372
               665.828128                 0.004421
               667.365248                 0.004470
               668.942127                 0.004520
               670.518197                 0.004570
               671.900991                 0.004620
               673.154030                 0.004670
               674.497540                 0.004721
               675.727190                 0.004772
               676.922469                 0.004823
               678.047745                 0.004874
               679.288045                 0.004926
               680.264533                 0.004978
               681.451371                 0.005030
               681.990695                 0.005082
               682.951514                 0.005135
               683.704667                 0.005188
               684.667771                 0.005241
               685.355665                 0.005294
               685.872578                 0.005348
               686.610044                 0.005401
               687.360654                 0.005455
               687.911118                 0.005510
               688.353753                 0.005564
               688.751095                 0.005619
               689.135813                 0.005674
               689.375488                 0.005729
               689.498650                 0.005785
               689.744948                 0.005841
               689.768741                 0.005897
               689.865741                 0.005953
               689.759074                 0.006009
               689.665111                 0.006066
               689.428135                 0.006123
               689.177769                 0.006180
               688.688716                 0.006238
               688.291723                 0.006295
               687.752217                 0.006353
               687.058847                 0.006411
               686.325609                 0.006470
               685.394986                 0.006528
               684.463763                 0.006587
               683.434424                 0.006646
               682.306347                 0.006705
               681.053121                 0.006765
               679.710594                 0.006825
               678.256647                 0.006885
               676.703363                 0.006945
               675.011695                 0.007005
               673.319625                 0.007066
               671.470210                 0.007127
               669.554997                 0.007188
               667.548535                 0.007249
               665.435755                 0.007311
               663.217695                 0.007372
               660.976120                 0.007434
               658.596193                 0.007497
               656.214674                 0.007559
               653.681904                 0.007622
               651.108522                 0.007685
               648.429953                 0.007748
               645.683907                 0.007811
               642.957644                 0.007875
               640.088056                 0.007938
               637.210560                 0.008002
               634.258423                 0.008066
               631.227111                 0.008131
               628.138596                 0.008196
               625.004475                 0.008260
               621.845982                 0.008325
               618.643308                 0.008391
               615.401136                 0.008456
               612.128617                 0.008522
               608.757831                 0.008588
               605.292707                 0.008654
               601.798369                 0.008720
               598.394188                 0.008787
               594.786068                 0.008853
               591.252093                 0.008920
               587.731239                 0.008988
               584.130482                 0.009055
               580.332727                 0.009123
               576.675249                 0.009190
               572.897849                 0.009258
               569.313551                 0.009327
               565.493534                 0.009395
               561.757940                 0.009464
               557.886863                 0.009532
               554.103957                 0.009601
               550.259805                 0.009671
               546.491084                 0.009740
               542.561242                 0.009810
               538.780623                 0.009879
               534.895097                 0.009949
               531.019556                 0.010020
               527.139754                 0.010090
               523.258718                 0.010161
               519.392873                 0.010231
               515.513262                 0.010302
               511.580509                 0.010374
               507.696081                 0.010445
               503.815084                 0.010516
               499.910466                 0.010588
               496.030101                 0.010660
               492.156509                 0.010732
               488.267549                 0.010805
               484.444965                 0.010877
               480.497998                 0.010950
               476.636553                 0.011023
               472.742197                 0.011096
               468.900947                 0.011169
               465.093233                 0.011243
               461.283231                 0.011316
               457.531219                 0.011390
               453.752847                 0.011464
               449.936719                 0.011538
               446.154171                 0.011613
               442.295700                 0.011687
               438.529947                 0.011762
               434.776676                 0.011837
               431.005115                 0.011912
               427.346691                 0.011987
               423.617155                 0.012063
               419.905566                 0.012138
               416.232571                 0.012214
               412.534157                 0.012290
               408.903889                 0.012366
               405.309783                 0.012443
               401.720238                 0.012519
               398.121121                 0.012596
               394.577994                 0.012673
               390.993885                 0.012750
               387.456840                 0.012827
               383.946262                 0.012904
               380.423511                 0.012982
               376.947506                 0.013060
               373.494071                 0.013137
               370.078631                 0.013215
               366.626565                 0.013294
               363.188600                 0.013372
               359.808634                 0.013451
               356.404724                 0.013529
               353.041806                 0.013608
               349.745410                 0.013687
               346.456762                 0.013766
               343.143528                 0.013846
               339.870841                 0.013925
               336.616950                 0.014005
               333.369531                 0.014085
               330.145731                 0.014165
               326.979982                 0.014245
               323.857783                 0.014325
               320.705584                 0.014405
               317.582487                 0.014486
               314.469405                 0.014567
               311.408191                 0.014648
               308.308880                 0.014729
               305.270906                 0.014810
               302.287609                 0.014891
               299.322140                 0.014973
               296.359803                 0.015054
               293.400099                 0.015136
               290.464936                 0.015218
               287.554282                 0.015300
               284.653611                 0.015382
               281.786928                 0.015465
               278.969823                 0.015547
               276.174272                 0.015630
               273.389972                 0.015713
               270.619627                 0.015796
               267.858903                 0.015879
               265.117494                 0.015962
               262.421091                 0.016045
               259.738267                 0.016129
               257.129560                 0.016213
               254.503317                 0.016296
               251.911726                 0.016380
               249.344481                 0.016464
               246.797604                 0.016548
               244.246129                 0.016633
               241.731145                 0.016717
               239.262864                 0.016802
               236.802698                 0.016886
               234.398503                 0.016971
               231.970262                 0.017056
               229.592528                 0.017141
               227.170953                 0.017227
               224.787391                 0.017312
               222.421658                 0.017397
               220.095910                 0.017483
               217.792780                 0.017569
               215.502150                 0.017654
               213.243170                 0.017740
               210.974586                 0.017827
               208.749484                 0.017913
               206.503614                 0.017999
               204.301850                 0.018085
               202.142806                 0.018172
               200.003162                 0.018259
               197.884108                 0.018345
               195.786901                 0.018432
               193.689709                 0.018519
               191.592973                 0.018607
               189.484068                 0.018694
               187.397515                 0.018781
               185.338741                 0.018869
               183.293419                 0.018956
               181.259215                 0.019044
               179.257610                 0.019132
               177.264899                 0.019220
               175.253233                 0.019308
               173.276427                 0.019396
               171.306910                 0.019484
               169.398585                 0.019572
               167.473338                 0.019661
               165.621008                 0.019749
               163.766983                 0.019838
               158.792368                 0.019927
               156.902762                 0.020015
               155.559856                 0.020104
               155.340658                 0.020193
               153.825462                 0.020282
               152.180778                 0.020372
               150.780520                 0.020461
               148.275375                 0.020550
               145.200035                 0.020640
               144.188329                 0.020729
               142.804519                 0.020819
               141.657907                 0.020909
               139.314590                 0.020999
               137.897169                 0.021089
               136.434116                 0.021179
               134.367872                 0.021269
               132.492836                 0.021359
               131.846352                 0.021449
               130.146073                 0.021540
               128.582974                 0.021630
               126.830521                 0.021721
               125.226801                 0.021811
               123.348798                 0.021902
               121.923160                 0.021993
               120.920598                 0.022084
               119.200217                 0.022175
               118.013943                 0.022266
               115.934021                 0.022357
               114.540903                 0.022448
               113.539985                 0.022539
               112.049125                 0.022631
               110.765619                 0.022722
               109.351672                 0.022813
               108.097202                 0.022905
               106.402504                 0.022997
               104.949130                 0.023088
               103.602914                 0.023180
               101.989669                 0.023272
               101.096149                 0.023364
                99.542057                 0.023456
                98.466452                 0.023548
                97.268294                 0.023640
                95.752701                 0.023732
                94.689260                 0.023824
                93.624490                 0.023916
                92.306247                 0.024009
                91.197227                 0.024101
                90.169114                 0.024193
                88.509872                 0.024286
                87.346666                 0.024378
                86.348439                 0.024471
                85.254362                 0.024564
                84.232051                 0.024656
                83.055485                 0.024749
                81.904705                 0.024842
                81.013131                 0.024935
                79.856889                 0.025028
                78.827643                 0.025121
                77.802188                 0.025214
                77.099730                 0.025307
                75.436003                 0.025400
                74.928798                 0.025493
                73.691830                 0.025586
                72.293643                 0.025680
                72.005478                 0.025773
                70.741937                 0.025866
                69.700076                 0.025960
                69.077183                 0.026053
                68.069414                 0.026146
                67.073371                 0.026240
                66.200605                 0.026333
                65.596415                 0.026427
                64.562406                 0.026521
                63.480585                 0.026614
                62.848040                 0.026708
                61.861620                 0.026802
                60.819868                 0.026895
                60.034713                 0.026989
                59.488150                 0.027083
                57.977795                 0.027177
                57.968179                 0.027271
                56.932381                 0.027364
                56.903652                 0.027458
                55.580835                 0.027552
                54.533634                 0.027646
                53.926314                 0.027740
                53.100519                 0.027834
                52.393965                 0.027928
                51.447783                 0.028022
                50.997733                 0.028116
                49.863732                 0.028210
                49.215984                 0.028304
                48.959622                 0.028398
                48.113954                 0.028493
                47.535660                 0.028587
                46.742009                 0.028681
                45.997215                 0.028775
                45.475693                 0.028869
                44.530522                 0.028963
                43.949154                 0.029058
                43.308534                 0.029152
                42.563326                 0.029246
                42.093903                 0.029340
                41.254333                 0.029434
                40.843630                 0.029529
                39.921449                 0.029623
                39.475512                 0.029717
                39.260263                 0.029811
                38.611879                 0.029906
                37.974290                 0.030000
