                 3.349331                 0.000000
                 3.487818                 0.000001
                 3.720356                 0.000001
                 4.044664                 0.000002
                 4.462517                 0.000004
                 4.972404                 0.000005
                 5.576179                 0.000007
                 6.271406                 0.000009
                 7.060686                 0.000012
                 7.941722                 0.000015
                 8.916243                 0.000018
                 9.983259                 0.000021
                11.142931                 0.000025
                12.395257                 0.000029
                13.740460                 0.000033
                15.178076                 0.000038
                16.708614                 0.000043
                18.331786                 0.000048
                20.047187                 0.000053
                21.855948                 0.000059
                23.756499                 0.000065
                25.750286                 0.000072
                27.835964                 0.000078
                30.014592                 0.000085
                32.285139                 0.000092
                34.649004                 0.000100
                37.104185                 0.000108
                39.652924                 0.000116
                42.292994                 0.000124
                45.026113                 0.000133
                47.850998                 0.000142
                50.768519                 0.000151
                53.777701                 0.000161
                56.879730                 0.000171
                60.073076                 0.000181
                63.359238                 0.000192
                66.737053                 0.000202
                70.206979                 0.000214
                73.769086                 0.000225
                77.422615                 0.000237
                81.168197                 0.000249
                85.005614                 0.000261
                88.934667                 0.000273
                92.955543                 0.000286
                97.068396                 0.000299
               101.272039                 0.000313
               105.568325                 0.000326
               109.954998                 0.000340
               114.433926                 0.000355
               119.003583                 0.000369
               123.665012                 0.000384
               128.417287                 0.000399
               133.261570                 0.000415
               138.195869                 0.000431
               143.222442                 0.000447
               148.338850                 0.000463
               153.547075                 0.000480
               158.845676                 0.000497
               164.235255                 0.000514
               169.715358                 0.000531
               175.286541                 0.000549
               180.947856                 0.000567
               186.700291                 0.000586
               192.542669                 0.000604
               198.475363                 0.000623
               204.498688                 0.000643
               210.611806                 0.000662
               216.815520                 0.000682
               223.109002                 0.000702
               229.492585                 0.000722
               235.965873                 0.000743
               242.529513                 0.000764
               249.181930                 0.000785
               255.925079                 0.000807
               262.756541                 0.000829
               269.678686                 0.000851
               276.689325                 0.000873
               283.789993                 0.000896
               290.978973                 0.000919
               298.258132                 0.000942
               305.624922                 0.000966
               313.082238                 0.000990
               320.626770                 0.001014
               328.261272                 0.001039
               335.983511                 0.001063
               343.795087                 0.001088
               351.579402                 0.001114
               358.264672                 0.001139
               363.737216                 0.001165
               368.901336                 0.001191
               373.589795                 0.001218
               377.839470                 0.001244
               382.178278                 0.001271
               386.340802                 0.001299
               390.243083                 0.001326
               394.404944                 0.001354
               398.381067                 0.001382
               402.385927                 0.001411
               406.544675                 0.001439
               410.431737                 0.001468
               414.638277                 0.001498
               418.658829                 0.001527
               422.636429                 0.001557
               426.799786                 0.001587
               430.781386                 0.001617
               435.009383                 0.001648
               438.875241                 0.001679
               443.163439                 0.001710
               447.037158                 0.001742
               451.130918                 0.001774
               455.260688                 0.001806
               459.333318                 0.001838
               463.306199                 0.001871
               467.420456                 0.001903
               471.546919                 0.001937
               475.458651                 0.001970
               479.577145                 0.002004
               483.668068                 0.002038
               487.664072                 0.002072
               491.631640                 0.002107
               495.825234                 0.002142
               499.687352                 0.002177
               503.712682                 0.002212
               507.759020                 0.002248
               511.759180                 0.002284
               515.595458                 0.002320
               519.702264                 0.002356
               523.656110                 0.002393
               527.473726                 0.002430
               531.460647                 0.002467
               535.429041                 0.002505
               539.169628                 0.002543
               543.100480                 0.002581
               547.027477                 0.002619
               550.744658                 0.002658
               554.626214                 0.002697
               558.462274                 0.002736
               562.134843                 0.002775
               565.870092                 0.002815
               569.705459                 0.002855
               573.279351                 0.002895
               576.987337                 0.002936
               580.756967                 0.002977
               584.224618                 0.003018
               587.888033                 0.003059
               591.479357                 0.003101
               594.428665                 0.003143
               598.023382                 0.003185
               601.188386                 0.003227
               603.980764                 0.003270
               607.373858                 0.003313
               610.057372                 0.003356
               612.847823                 0.003399
               615.561669                 0.003443
               618.044543                 0.003487
               621.156015                 0.003531
               624.326135                 0.003576
               626.786948                 0.003620
               627.528508                 0.003665
               631.227136                 0.003711
               633.816354                 0.003756
               635.644788                 0.003802
               638.153296                 0.003848
               640.238715                 0.003894
               642.672384                 0.003941
               644.337264                 0.003988
               646.581581                 0.004035
               648.792107                 0.004082
               650.697168                 0.004130
               652.582032                 0.004178
               654.395010                 0.004226
               656.292172                 0.004274
               657.953644                 0.004323
               659.871016                 0.004372
               661.257168                 0.004421
               662.955810                 0.004470
               664.786480                 0.004520
               666.613862                 0.004570
               667.986984                 0.004620
               669.492592                 0.004670
               670.967390                 0.004721
               672.144704                 0.004772
               673.671815                 0.004823
               675.259061                 0.004874
               676.479738                 0.004926
               677.651250                 0.004978
               678.684541                 0.005030
               679.707117                 0.005082
               680.796276                 0.005135
               682.052786                 0.005188
               682.972256                 0.005241
               683.884638                 0.005294
               683.991140                 0.005348
               685.152310                 0.005401
               686.095274                 0.005455
               687.185471                 0.005510
               687.839807                 0.005564
               688.459473                 0.005619
               688.951721                 0.005674
               689.567637                 0.005729
               689.946447                 0.005785
               690.545393                 0.005841
               691.093524                 0.005897
               691.438876                 0.005953
               691.868828                 0.006009
               692.040679                 0.006066
               692.243275                 0.006123
               692.375565                 0.006180
               692.692712                 0.006238
               692.697077                 0.006295
               692.825707                 0.006353
               692.704404                 0.006411
               692.587865                 0.006470
               692.490711                 0.006528
               692.347202                 0.006587
               692.064251                 0.006646
               691.908843                 0.006705
               691.398208                 0.006765
               691.110091                 0.006825
               690.526256                 0.006885
               690.043896                 0.006945
               689.475554                 0.007005
               688.928238                 0.007066
               688.320233                 0.007127
               687.492593                 0.007188
               686.649254                 0.007249
               685.748103                 0.007311
               678.518482                 0.007372
               678.426147                 0.007434
               680.016162                 0.007497
               679.253588                 0.007559
               678.522742                 0.007622
               676.009199                 0.007685
               675.864343                 0.007748
               673.485374                 0.007811
               673.563221                 0.007875
               671.458173                 0.007938
               670.524619                 0.008002
               668.114926                 0.008066
               666.861023                 0.008131
               664.878968                 0.008196
               663.142258                 0.008260
               661.753552                 0.008325
               660.081387                 0.008391
               657.685360                 0.008456
               656.609889                 0.008522
               653.835435                 0.008588
               652.334882                 0.008654
               650.605786                 0.008720
               648.713879                 0.008787
               646.448208                 0.008853
               644.533765                 0.008920
               642.328175                 0.008988
               640.048888                 0.009055
               637.949675                 0.009123
               635.742168                 0.009190
               633.490509                 0.009258
               631.149875                 0.009327
               629.085140                 0.009395
               626.545930                 0.009464
               624.265342                 0.009532
               621.953015                 0.009601
               619.749434                 0.009671
               617.214503                 0.009740
               614.712916                 0.009810
               612.352257                 0.009879
               609.866777                 0.009949
               607.374512                 0.010020
               604.495457                 0.010090
               602.335006                 0.010161
               599.886294                 0.010231
               597.349844                 0.010302
               594.649462                 0.010374
               591.760001                 0.010445
               589.291902                 0.010516
               586.441888                 0.010588
               584.046105                 0.010660
               581.448196                 0.010732
               578.926144                 0.010805
               575.969025                 0.010877
               573.424468                 0.010950
               570.568785                 0.011023
               567.939443                 0.011096
               565.424599                 0.011169
               562.697655                 0.011243
               559.958582                 0.011316
               556.946201                 0.011390
               554.106867                 0.011464
               551.378128                 0.011538
               548.647739                 0.011613
               545.878963                 0.011687
               543.101516                 0.011762
               540.385991                 0.011837
               537.482883                 0.011912
               534.513317                 0.011987
               531.554513                 0.012063
               528.762072                 0.012138
               526.094867                 0.012214
               523.245745                 0.012290
               520.434848                 0.012366
               517.600702                 0.012443
               514.535912                 0.012519
               511.732088                 0.012596
               508.660523                 0.012673
               506.108328                 0.012750
               503.141183                 0.012827
               500.423459                 0.012904
               497.556010                 0.012982
               494.427347                 0.013060
               491.585907                 0.013137
               488.488283                 0.013215
               485.879208                 0.013294
               482.996112                 0.013372
               480.042501                 0.013451
               477.189930                 0.013529
               474.326104                 0.013608
               471.160953                 0.013687
               468.296161                 0.013766
               465.725978                 0.013846
               462.711206                 0.013925
               459.818174                 0.014005
               457.000750                 0.014085
               454.272606                 0.014165
               451.111524                 0.014245
               448.234471                 0.014325
               445.409107                 0.014405
               442.764726                 0.014486
               439.896224                 0.014567
               437.036397                 0.014648
               434.198429                 0.014729
               431.324203                 0.014810
               428.450244                 0.014891
               425.535169                 0.014973
               422.953813                 0.015054
               420.067770                 0.015136
               417.418771                 0.015218
               414.555276                 0.015300
               411.790864                 0.015382
               408.949584                 0.015465
               406.013528                 0.015547
               403.285937                 0.015630
               400.610227                 0.015713
               398.001630                 0.015796
               395.253563                 0.015879
               392.628293                 0.015962
               389.671000                 0.016045
               386.930660                 0.016129
               384.129444                 0.016213
               381.564325                 0.016296
               378.908239                 0.016380
               376.280356                 0.016464
               373.666339                 0.016548
               370.980093                 0.016633
               368.240303                 0.016717
               365.522226                 0.016802
               362.984951                 0.016886
               360.355104                 0.016971
               357.829166                 0.017056
               355.273959                 0.017141
               352.626439                 0.017227
               349.974977                 0.017312
               347.303804                 0.017397
               344.780892                 0.017483
               342.176521                 0.017569
               339.870344                 0.017654
               337.246275                 0.017740
               334.841451                 0.017827
               332.272319                 0.017913
               329.736488                 0.017999
               327.065996                 0.018085
               324.685399                 0.018172
               322.245463                 0.018259
               319.835329                 0.018345
               317.449554                 0.018432
               315.063079                 0.018519
               312.593683                 0.018607
               309.973124                 0.018694
               307.660589                 0.018781
               305.175784                 0.018869
               302.939344                 0.018956
               300.556186                 0.019044
               298.320675                 0.019132
               295.979305                 0.019220
               293.554905                 0.019308
               291.157462                 0.019396
               288.758615                 0.019484
               286.547809                 0.019572
               284.293972                 0.019661
               282.123926                 0.019749
               279.832393                 0.019838
               277.724920                 0.019927
               275.271778                 0.020015
               273.004347                 0.020104
               270.717323                 0.020193
               268.630733                 0.020282
               266.457314                 0.020372
               264.332749                 0.020461
               262.312778                 0.020550
               260.026720                 0.020640
               257.850104                 0.020729
               255.608848                 0.020819
               253.552653                 0.020909
               251.378092                 0.020999
               249.454270                 0.021089
               247.326482                 0.021179
               245.381714                 0.021269
               243.217965                 0.021359
               241.129811                 0.021449
               239.051623                 0.021540
               237.000744                 0.021630
               235.073274                 0.021721
               232.988330                 0.021811
               231.238898                 0.021902
               229.248715                 0.021993
               227.287368                 0.022084
               225.189890                 0.022175
               223.324419                 0.022266
               221.263780                 0.022357
               219.402511                 0.022448
               217.529912                 0.022539
               215.793052                 0.022631
               213.990550                 0.022722
               212.040260                 0.022813
               210.169955                 0.022905
               208.205497                 0.022997
               206.426757                 0.023088
               204.506743                 0.023180
               202.920375                 0.023272
               201.185893                 0.023364
               199.486450                 0.023456
               197.583437                 0.023548
               195.789831                 0.023640
               194.041213                 0.023732
               192.281058                 0.023824
               190.521229                 0.023916
               188.884516                 0.024009
               187.404373                 0.024101
               185.611458                 0.024193
               184.020541                 0.024286
               182.197597                 0.024378
               180.663170                 0.024471
               178.857306                 0.024564
               177.288756                 0.024656
               175.662861                 0.024749
               174.256461                 0.024842
               172.646299                 0.024935
               171.099239                 0.025028
               169.465353                 0.025121
               167.866680                 0.025214
               166.316208                 0.025307
               164.676804                 0.025400
               163.342590                 0.025493
               161.863245                 0.025586
               160.434721                 0.025680
               158.860303                 0.025773
               157.453722                 0.025866
               155.909318                 0.025960
               154.453078                 0.026053
               152.988074                 0.026146
               151.622054                 0.026240
               150.255509                 0.026333
               148.829200                 0.026427
               147.468112                 0.026521
               146.045358                 0.026614
               144.804523                 0.026708
               143.249640                 0.026802
               141.984092                 0.026895
               140.549654                 0.026989
               139.349633                 0.027083
               137.949475                 0.027177
               136.749090                 0.027271
               135.493408                 0.027364
               134.246002                 0.027458
               132.818930                 0.027552
               131.548954                 0.027646
               130.291120                 0.027740
               129.028246                 0.027834
               127.921216                 0.027928
               126.645291                 0.028022
               125.592464                 0.028116
               124.255801                 0.028210
               123.129591                 0.028304
               121.823312                 0.028398
               120.775103                 0.028493
               119.498148                 0.028587
               118.389880                 0.028681
               117.264790                 0.028775
               116.272762                 0.028869
               115.125273                 0.028963
               114.002478                 0.029058
               112.902332                 0.029152
               111.726996                 0.029246
               110.659289                 0.029340
               109.506316                 0.029434
               108.634381                 0.029529
               107.573636                 0.029623
               106.596666                 0.029717
               105.470971                 0.029811
               104.483882                 0.029906
               103.457926                 0.030000
