                38.422203                 0.000123
               148.937692                 0.000493
               332.694063                 0.001109
               589.040150                 0.001971
               917.061541                 0.003078
              1315.610339                 0.004428
              1783.296110                 0.006021
              2318.510945                 0.007854
              2919.440118                 0.009926
              3584.068523                 0.012236
              4310.224730                 0.014780
              5095.566623                 0.017556
              5937.626655                 0.020561
              6833.807065                 0.023793
              7781.429109                 0.027248
              8777.719112                 0.030923
              9798.572975                 0.034814
             10222.322144                 0.038918
             10310.406509                 0.043229
             10337.853122                 0.047745
             10326.241423                 0.052461
             10290.220148                 0.057371
             10239.415676                 0.062472
             10178.890019                 0.067757
             10111.716979                 0.073223
             10039.271980                 0.078863
              9962.602696                 0.084671
              9881.756539                 0.090643
              9797.204491                 0.096773
              9708.959759                 0.103053
              9616.763010                 0.109479
              9520.274959                 0.116043
              9418.430643                 0.122739
              9310.680881                 0.129561
              9196.869093                 0.136502
              9074.756289                 0.143554
              8946.433981                 0.150712
              8813.203210                 0.157968
              8676.799098                 0.165315
              8534.522903                 0.172745
              8389.379389                 0.180251
              8240.709702                 0.187827
              8087.887059                 0.195463
              7930.495383                 0.203154
              7768.799058                 0.210891
              7603.002244                 0.218666
              7433.621962                 0.226472
              7261.195395                 0.234302
              7086.573358                 0.242147
              6910.280443                 0.249999
