                 3.518172                 0.000005
                 7.819770                 0.000020
                14.988420                 0.000044
                25.011890                 0.000079
                37.883727                 0.000123
                53.586110                 0.000177
                72.107327                 0.000240
                93.421336                 0.000313
               117.510529                 0.000396
               144.344025                 0.000488
               173.897920                 0.000590
               206.136462                 0.000701
               241.029274                 0.000821
               278.534153                 0.000950
               318.615608                 0.001088
               360.499791                 0.001234
               386.859981                 0.001390
               409.962882                 0.001554
               432.764967                 0.001726
               454.973710                 0.001906
               476.640731                 0.002094
               497.829106                 0.002290
               518.661959                 0.002494
               538.988957                 0.002705
               558.766478                 0.002923
               577.302265                 0.003148
               593.885663                 0.003380
               608.840911                 0.003619
               622.709969                 0.003863
               635.039099                 0.004114
               645.924192                 0.004371
               655.937216                 0.004633
               664.854853                 0.004900
               672.428825                 0.005173
               678.977438                 0.005450
               684.422963                 0.005732
               688.785021                 0.006018
               692.077880                 0.006307
               694.242767                 0.006601
               695.257143                 0.006898
               694.999100                 0.007197
               693.398101                 0.007500
               690.429689                 0.007805
               685.158659                 0.008112
               680.437235                 0.008421
               673.952565                 0.008732
               666.653787                 0.009044
               657.450884                 0.009357
               648.836047                 0.009670
               639.330513                 0.009984
