     0.872894    -0.009681     0.001398
     0.912550    -0.002688     0.001635
     0.952207     0.004304     0.001780
     0.991775     0.012017     0.001816
     0.667618    -0.004987     0.000092
     0.707274     0.002006     0.000138
     0.746931     0.008998     0.000289
     0.786608     0.016518     0.000593
     0.826231     0.023540     0.000963
     0.865962     0.029996     0.001282
     0.905584     0.037033     0.001527
     0.944725     0.044032     0.001703
     0.984201     0.051524     0.001796
     0.422685    -0.007285     0.000069
     0.462342    -0.000293     0.000068
     0.501998     0.006700     0.000061
     0.541646     0.014202     0.000052
     0.581311     0.020889     0.000052
     0.620947     0.028241     0.000060
     0.660709     0.034625     0.000073
     0.700257     0.041794     0.000112
     0.739871     0.048696     0.000234
     0.779337     0.056109     0.000485
     0.819455     0.063080     0.000808
     0.858780     0.070138     0.001109
     0.898336     0.077185     0.001352
     0.937501     0.084456     0.001532
     0.977149     0.091307     0.001639
     0.177752    -0.009584     0.000734
     0.217409    -0.002591     0.000489
     0.257066     0.004401     0.000355
     0.296681     0.012053     0.000234
     0.336353     0.018622     0.000138
     0.376010     0.026011     0.000081
     0.415757     0.032300     0.000059
     0.455382     0.039513     0.000055
     0.494824     0.046364     0.000050
     0.534636     0.053793     0.000043
     0.574254     0.060617     0.000040
     0.614068     0.067703     0.000045
     0.653670     0.074574     0.000055
     0.693293     0.081697     0.000079
     0.732880     0.088673     0.000159
     0.772564     0.095764     0.000341
     0.812066     0.102818     0.000616
     0.851748     0.109977     0.000898
     0.891327     0.116987     0.001130
     0.930937     0.124123     0.001299
     0.970469     0.131055     0.001394
     0.012133     0.002103     0.002334
     0.051790     0.009095     0.001904
     0.091452     0.017000     0.001502
     0.131072     0.023720     0.001116
     0.170909     0.030073     0.000750
     0.210397     0.037195     0.000459
     0.249843     0.044104     0.000311
     0.289640     0.051618     0.000208
     0.329341     0.058366     0.000123
     0.369120     0.065469     0.000070
     0.408768     0.072231     0.000047
     0.448333     0.079461     0.000043
     0.488023     0.086183     0.000039
     0.527582     0.093428     0.000031
     0.567309     0.100265     0.000026
     0.606883     0.107498     0.000028
     0.646583     0.114238     0.000037
     0.686180     0.121367     0.000048
     0.725822     0.128277     0.000086
     0.765391     0.135538     0.000192
     0.805044     0.142526     0.000401
     0.844654     0.149694     0.000657
     0.884138     0.156797     0.000874
     0.923810     0.164088     0.001022
     0.963295     0.171094     0.001083
     0.005237     0.041810     0.002239
     0.044663     0.048824     0.001809
     0.084141     0.056542     0.001435
     0.124265     0.063333     0.001078
     0.163693     0.070209     0.000728
     0.203475     0.077344     0.000426
     0.243043     0.084004     0.000259
     0.282729     0.091266     0.000168
     0.322368     0.097992     0.000095
     0.362085     0.105307     0.000051
     0.401685     0.111885     0.000033
     0.441440     0.119092     0.000030
     0.480953     0.125909     0.000027
     0.520724     0.133185     0.000020
     0.560253     0.139988     0.000013
     0.600060     0.147146     0.000013
     0.639566     0.154020     0.000021
     0.679292     0.161228     0.000026
     0.718752     0.168152     0.000035
     0.758493     0.175322     0.000081
     0.797948     0.182295     0.000216
     0.837637     0.189560     0.000423
     0.877168     0.196518     0.000614
     0.916873     0.203639     0.000744
     0.956490     0.210726     0.000798
     0.995936     0.218191     0.000782
     0.038276     0.089271     0.001684
     0.077321     0.096220     0.001351
     0.117497     0.103103     0.001021
     0.156784     0.109852     0.000685
     0.196739     0.116834     0.000388
     0.236060     0.123809     0.000214
     0.275907     0.130972     0.000124
     0.315419     0.137800     0.000063
     0.355190     0.144866     0.000033
     0.394781     0.151743     0.000026
     0.434386     0.158898     0.000023
     0.474038     0.165688     0.000018
     0.513597     0.172818     0.000011
     0.553287     0.179720     0.000011
     0.592809     0.186870     0.000020
     0.632507     0.193778     0.000030
     0.672041     0.200849     0.000032
     0.711751     0.207839     0.000027
     0.751245     0.214973     0.000045
     0.790920     0.222090     0.000128
     0.830450     0.229148     0.000279
     0.870072     0.236363     0.000438
     0.909541     0.243501     0.000605
     0.948907     0.250782     0.000781
     0.988491     0.257811     0.000916
     0.030998     0.129181     0.001560
     0.070627     0.136006     0.001262
     0.110371     0.142818     0.000954
     0.149874     0.149897     0.000635
     0.189579     0.156868     0.000352
     0.229133     0.163654     0.000182
     0.268893     0.170670     0.000092
     0.308440     0.177521     0.000045
     0.348207     0.184682     0.000031
     0.387743     0.191436     0.000032
     0.427545     0.198578     0.000030
     0.467021     0.205453     0.000022
     0.506804     0.212648     0.000024
     0.546257     0.219458     0.000048
     0.586059     0.226619     0.000078
     0.625486     0.233465     0.000104
     0.665278     0.240705     0.000117
     0.704629     0.247639     0.000109
     0.744425     0.254869     0.000111
     0.783787     0.261801     0.000160
     0.823532     0.269110     0.000272
     0.862888     0.276057     0.000477
     0.902718     0.283309     0.000800
     0.942168     0.290403     0.001181
     0.981771     0.297649     0.001547
     0.024474     0.169133     0.001469
     0.064067     0.175895     0.001202
     0.103661     0.182727     0.000900
     0.143255     0.189531     0.000595
     0.182874     0.196488     0.000336
     0.222442     0.203411     0.000176
     0.262060     0.210468     0.000093
     0.301681     0.217308     0.000074
     0.341281     0.224311     0.000088
     0.380925     0.231236     0.000098
     0.420424     0.238336     0.000087
     0.460114     0.245191     0.000072
     0.499594     0.252266     0.000083
     0.539311     0.259236     0.000126
     0.578735     0.266311     0.000205
     0.618473     0.273318     0.000296
     0.657846     0.280311     0.000339
     0.697654     0.287386     0.000332
     0.737022     0.294392     0.000310
     0.776802     0.301675     0.000316
     0.816182     0.308612     0.000410
     0.856024     0.315957     0.000848
     0.895099     0.322937     0.001705
     0.934764     0.330482     0.002852
     0.974234     0.337371     0.004007
     0.017355     0.208857     0.001492
     0.057032     0.215593     0.001275
     0.096667     0.222544     0.001005
     0.136021     0.229546     0.000717
     0.175735     0.236496     0.000453
     0.215328     0.243240     0.000260
     0.255054     0.250193     0.000176
     0.294647     0.257068     0.000185
     0.334330     0.264166     0.000231
     0.373932     0.270972     0.000263
     0.413650     0.278102     0.000265
     0.453169     0.285015     0.000254
     0.492834     0.292160     0.000259
     0.532335     0.298985     0.000310
     0.572012     0.306129     0.000440
     0.611463     0.312937     0.000580
     0.651257     0.320202     0.000694
     0.690493     0.327134     0.000772
     0.730317     0.334393     0.000766
     0.769540     0.341317     0.000743
     0.809433     0.348597     0.001167
     0.848517     0.355727     0.002642
     0.888633     0.363136     0.004917
     0.927769     0.369758     0.007341
     0.967591     0.377261     0.009514
     0.011041     0.248822     0.001836
     0.050689     0.255557     0.001664
     0.089811     0.262680     0.001404
     0.129649     0.269259     0.001110
     0.169138     0.276134     0.000822
     0.208843     0.283002     0.000592
     0.248316     0.290014     0.000492
     0.287988     0.296846     0.000480
     0.327489     0.303793     0.000507
     0.367122     0.310729     0.000536
     0.406433     0.317825     0.000549
     0.446231     0.324712     0.000568
     0.485627     0.331762     0.000625
     0.525405     0.338799     0.000742
     0.564718     0.345847     0.000896
     0.604578     0.352854     0.001066
     0.643404     0.359866     0.001282
     0.683599     0.366892     0.001477
     0.722638     0.373850     0.001703
     0.762616     0.381248     0.002283
     0.801675     0.388016     0.004089
     0.841866     0.395539     0.007335
     0.880786     0.402236     0.011004
     0.921031     0.410698     0.014292
     0.959608     0.416877     0.017023
     0.003771     0.288419     0.002985
     0.043181     0.295575     0.002870
     0.082773     0.302440     0.002562
     0.122411     0.309171     0.002102
     0.161932     0.316136     0.001612
     0.201721     0.322835     0.001274
     0.241233     0.329739     0.001181
     0.281052     0.336675     0.001184
     0.320456     0.343676     0.001178
     0.360300     0.350708     0.001121
     0.399708     0.357647     0.001068
     0.439468     0.364604     0.001096
     0.478784     0.371671     0.001228
     0.518539     0.378617     0.001442
     0.557981     0.385552     0.001702
     0.597494     0.392841     0.002011
     0.637246     0.399769     0.002357
     0.676639     0.406644     0.002881
     0.715700     0.413999     0.003996
     0.755566     0.420900     0.006241
     0.794920     0.427974     0.010081
     0.834099     0.435300     0.014728
     0.873867     0.442449     0.018792
     0.912728     0.449306     0.022011
     0.954435     0.456634     0.024560
     0.990521     0.469665     0.026564
     0.036906     0.335533     0.005936
     0.075992     0.342394     0.005600
     0.116296     0.348949     0.004884
     0.155482     0.355721     0.003941
     0.195485     0.362641     0.003126
     0.234594     0.369569     0.002737
     0.274444     0.376429     0.002587
     0.313677     0.383304     0.002471
     0.353304     0.390283     0.002314
     0.392464     0.397371     0.002185
     0.432323     0.404246     0.002161
     0.471627     0.411308     0.002271
     0.511581     0.418308     0.002517
     0.550710     0.425601     0.002902
     0.590604     0.432440     0.003453
     0.629486     0.439420     0.004355
     0.669036     0.447159     0.006020
     0.708192     0.453127     0.008823
     0.748744     0.460775     0.012955
     0.786603     0.468010     0.018107
     0.827705     0.474820     0.023064
     0.865784     0.481911     0.026545
     0.908005     0.490060     0.028703
     0.938861     0.496850     0.030025
     0.975162     0.507176     0.030760
     0.029897     0.375987     0.011431
     0.069429     0.382052     0.011081
     0.109036     0.388802     0.010304
     0.148193     0.395770     0.009145
     0.188232     0.402418     0.007787
     0.227514     0.409418     0.006661
     0.267731     0.416301     0.005816
     0.306856     0.423532     0.005128
     0.346925     0.430711     0.004582
     0.386026     0.437376     0.004230
     0.425998     0.444359     0.004066
     0.464559     0.451185     0.004088
     0.504594     0.458153     0.004295
     0.543637     0.464958     0.004798
     0.583948     0.472747     0.005932
     0.622745     0.479656     0.008070
     0.663201     0.486892     0.011458
     0.702229     0.493330     0.015997
     0.740131     0.500979     0.021266
     0.780951     0.507227     0.026429
     0.820017     0.515649     0.030380
     0.858583     0.520388     0.032385
     0.893074     0.533202     0.032852
     0.928743     0.544535     0.032266
     0.968709     0.551311     0.030895
     0.024239     0.416136     0.018232
     0.063467     0.422203     0.017854
     0.103825     0.429336     0.017263
     0.142703     0.435458     0.016402
     0.182526     0.442610     0.015122
     0.220798     0.449075     0.013542
     0.260763     0.455952     0.011914
     0.299388     0.462797     0.010360
     0.339599     0.469881     0.009030
     0.378781     0.476891     0.008059
     0.418870     0.484473     0.007438
     0.458108     0.491277     0.007142
     0.498278     0.498189     0.007275
     0.536163     0.505031     0.008206
     0.576130     0.511914     0.010407
     0.615049     0.519046     0.013968
     0.655303     0.526223     0.018660
     0.693398     0.534796     0.024046
     0.734712     0.540812     0.029231
     0.772174     0.547006     0.033182
     0.810490     0.556078     0.035215
     0.844917     0.565695     0.035142
     0.880313     0.573679     0.033487
     0.920967     0.579643     0.030797
     0.960559     0.587110     0.027293
     0.017834     0.457257     0.024476
     0.056298     0.461342     0.024137
     0.096130     0.468821     0.023922
     0.135135     0.475647     0.023679
     0.175808     0.483082     0.023001
     0.215064     0.489801     0.021643
     0.255403     0.496625     0.019880
     0.293265     0.503753     0.017982
     0.333388     0.510216     0.016157
     0.371672     0.516883     0.014573
     0.411950     0.523906     0.013312
     0.450889     0.530539     0.012571
     0.491043     0.538729     0.012787
     0.530251     0.545870     0.014320
     0.569951     0.552591     0.017320
     0.608678     0.559473     0.021565
     0.647438     0.566696     0.026485
     0.687654     0.572904     0.031350
     0.725843     0.581650     0.035155
     0.762144     0.589893     0.037034
     0.797082     0.597773     0.036768
     0.835738     0.607305     0.034478
     0.875605     0.615233     0.030749
     0.915060     0.623308     0.026226
     0.953648     0.630553     0.021249
     0.017605     0.499994     0.028253
     0.056343     0.504137     0.028222
     0.092274     0.510827     0.028588
     0.130107     0.515315     0.029073
     0.168550     0.522155     0.029149
     0.207578     0.528466     0.028487
     0.247544     0.536586     0.027252
     0.286819     0.543669     0.025798
     0.327078     0.550214     0.024294
     0.365857     0.557518     0.022843
     0.405361     0.564074     0.021622
     0.444061     0.571306     0.021159
     0.483128     0.577396     0.021865
     0.522519     0.585322     0.023740
     0.562171     0.592095     0.026615
     0.600973     0.600308     0.030206
     0.641226     0.606210     0.033939
     0.677640     0.615372     0.036905
     0.713916     0.622813     0.038316
     0.751388     0.632988     0.037710
     0.789580     0.639671     0.035113
     0.827464     0.646332     0.030847
     0.865992     0.653272     0.025637
     0.906026     0.659345     0.020243
     0.946399     0.667232     0.015096
     0.985539     0.676391     0.010566
     0.011388     0.539726     0.028439
     0.051369     0.546391     0.029083
     0.090417     0.554692     0.030094
     0.130017     0.559074     0.031187
     0.167809     0.565746     0.032013
     0.205984     0.571033     0.032319
     0.243019     0.577353     0.032145
     0.281781     0.584240     0.031794
     0.320361     0.590407     0.031351
     0.360014     0.598002     0.030943
     0.399183     0.604333     0.030977
     0.438618     0.612034     0.031866
     0.477319     0.619045     0.033421
     0.516113     0.625768     0.035337
     0.554923     0.632788     0.037399
     0.594671     0.639648     0.039290
     0.631143     0.648313     0.040641
     0.667671     0.657603     0.040760
     0.705004     0.664636     0.039195
     0.743051     0.672131     0.036024
     0.782331     0.680630     0.031579
     0.821751     0.688891     0.026128
     0.861975     0.695158     0.020403
     0.900973     0.702594     0.015407
     0.937446     0.709973     0.011576
     0.977068     0.716439     0.008914
     0.044584     0.585944     0.026320
     0.083254     0.592462     0.027910
     0.124425     0.598424     0.029447
     0.162350     0.606175     0.030902
     0.202145     0.613244     0.032236
     0.239117     0.620462     0.033500
     0.277958     0.625843     0.034765
     0.315932     0.631713     0.036055
     0.353998     0.638314     0.037668
     0.392748     0.645011     0.039870
     0.430628     0.652289     0.042422
     0.470251     0.658860     0.044717
     0.508698     0.666497     0.046448
     0.548476     0.672550     0.047477
     0.583659     0.682590     0.047542
     0.620595     0.689875     0.046290
     0.658925     0.699190     0.043474
     0.697996     0.706108     0.039227
     0.736077     0.714493     0.034001
     0.773926     0.719690     0.028318
     0.813711     0.726257     0.022536
     0.852364     0.732741     0.017371
     0.891490     0.741595     0.013572
     0.931947     0.748760     0.011050
     0.971747     0.755814     0.009297
     0.038964     0.627789     0.020794
     0.078256     0.633955     0.022733
     0.117735     0.639770     0.024542
     0.156853     0.647654     0.026517
     0.196485     0.653897     0.028898
     0.236394     0.661892     0.031671
     0.276077     0.667349     0.034733
     0.314399     0.675018     0.038257
     0.352583     0.681047     0.042411
     0.390088     0.687809     0.046739
     0.427722     0.694566     0.050398
     0.464690     0.700867     0.052897
     0.502992     0.707155     0.054225
     0.538609     0.716185     0.054269
     0.574664     0.725110     0.052899
     0.613786     0.731011     0.049843
     0.651097     0.738887     0.045181
     0.690523     0.745917     0.039512
     0.729405     0.754903     0.033512
     0.770126     0.761633     0.027731
     0.808530     0.769324     0.022435
     0.847189     0.776094     0.018038
     0.885503     0.782346     0.014840
     0.923814     0.789414     0.012460
     0.963278     0.795883     0.010394
     0.032486     0.666664     0.014824
     0.072418     0.672838     0.016596
     0.111413     0.679193     0.018417
     0.149114     0.686902     0.020760
     0.188093     0.693203     0.024119
     0.226443     0.700597     0.028390
     0.266683     0.707298     0.033389
     0.305986     0.714718     0.039102
     0.345692     0.722277     0.045018
     0.383838     0.729716     0.050225
     0.421457     0.737478     0.053946
     0.459909     0.743150     0.056001
     0.495034     0.751743     0.056639
     0.530581     0.759274     0.055870
     0.568910     0.766409     0.053672
     0.607002     0.772842     0.049998
     0.644520     0.781444     0.045153
     0.683223     0.786616     0.039854
     0.721158     0.794301     0.034841
     0.760928     0.799487     0.030318
     0.799986     0.807955     0.026107
     0.839868     0.814421     0.022383
     0.878768     0.823519     0.019249
     0.918496     0.829092     0.016484
     0.958716     0.835412     0.013786
     0.026511     0.707432     0.011044
     0.066107     0.714151     0.012242
     0.105190     0.722105     0.013870
     0.144625     0.729273     0.016633
     0.184542     0.735577     0.020911
     0.223203     0.742042     0.026442
     0.262878     0.747407     0.032777
     0.300179     0.755466     0.039471
     0.339432     0.762615     0.045531
     0.376755     0.771582     0.049997
     0.416184     0.778103     0.052526
     0.452276     0.787083     0.053386
     0.488047     0.796032     0.053019
     0.526158     0.802183     0.051681
     0.563228     0.808195     0.049407
     0.601704     0.814960     0.046226
     0.639362     0.821790     0.042675
     0.679150     0.828490     0.039404
     0.716679     0.836106     0.036603
     0.756814     0.841692     0.033840
     0.794019     0.849878     0.030934
     0.833527     0.856298     0.028073
     0.871775     0.863206     0.025248
     0.912380     0.869166     0.022452
     0.950566     0.875551     0.019642
     0.019136     0.746249     0.009020
     0.058641     0.752932     0.010283
     0.096454     0.760024     0.012600
     0.135954     0.766632     0.016458
     0.175044     0.774097     0.021780
     0.215085     0.781269     0.027962
     0.253969     0.789092     0.034220
     0.292868     0.796739     0.039906
     0.330152     0.803964     0.044212
     0.369017     0.811798     0.046519
     0.405634     0.820593     0.046902
     0.441799     0.829584     0.046034
     0.481208     0.836886     0.044513
     0.520410     0.843847     0.042730
     0.559586     0.850632     0.040857
     0.597438     0.857162     0.039058
     0.635345     0.864170     0.037785
     0.673179     0.869717     0.037110
     0.710887     0.876514     0.036472
     0.749925     0.881530     0.035417
     0.787137     0.890075     0.034043
     0.827603     0.895411     0.032241
     0.865886     0.903826     0.029966
     0.906817     0.909055     0.027618
     0.946101     0.916318     0.025454
     0.984951     0.923356     0.023611
     0.051725     0.795277     0.010905
     0.090468     0.803156     0.015205
     0.131569     0.808976     0.020501
     0.170458     0.815674     0.026411
     0.209596     0.821988     0.032329
     0.248180     0.828659     0.037353
     0.285529     0.838180     0.040590
     0.323820     0.845544     0.041690
     0.359104     0.853946     0.040879
     0.396052     0.862747     0.038714
     0.435137     0.869872     0.036032
     0.474399     0.876769     0.033461
     0.513529     0.883639     0.031394
     0.552600     0.890934     0.030115
     0.592136     0.898789     0.029905
     0.631467     0.905263     0.030763
     0.671058     0.912989     0.032007
     0.709130     0.919012     0.032940
     0.748042     0.925922     0.033402
     0.784492     0.932492     0.033503
     0.823484     0.937880     0.032866
     0.859570     0.944087     0.031472
     0.900303     0.948088     0.029900
     0.936987     0.957168     0.028603
     0.977056     0.962541     0.027717
     0.043365     0.833455     0.015546
     0.083519     0.839399     0.021202
     0.122668     0.845970     0.026874
     0.161272     0.854752     0.032257
     0.202384     0.862072     0.036831
     0.238083     0.872098     0.039677
     0.275750     0.878779     0.040023
     0.311702     0.888307     0.037886
     0.349358     0.896574     0.034129
     0.388574     0.902666     0.029768
     0.428013     0.910237     0.025703
     0.467369     0.917265     0.022529
     0.506798     0.924553     0.020531
     0.545786     0.931283     0.019905
     0.584550     0.938008     0.020666
     0.624220     0.945167     0.022365
     0.662942     0.952019     0.024297
     0.703721     0.959240     0.026100
     0.742377     0.966070     0.027665
     0.783103     0.974297     0.028896
     0.821541     0.980289     0.029431
     0.861039     0.987379     0.029137
     0.898135     0.991396     0.028514
     0.935113     0.999934     0.028042
     0.974445     1.003247     0.027801
     0.038792     0.874953     0.022858
     0.077867     0.882862     0.028141
     0.117274     0.890034     0.032720
     0.156394     0.894916     0.036482
     0.191653     0.903369     0.038903
     0.228400     0.913283     0.038938
     0.265045     0.921224     0.036464
     0.303310     0.929157     0.031976
     0.342656     0.935806     0.026509
     0.382231     0.943493     0.021244
     0.420363     0.949674     0.016903
     0.460767     0.957036     0.013886
     0.499379     0.963685     0.012346
     0.539988     0.972358     0.012179
     0.578297     0.978708     0.012976
     0.618978     0.986183     0.014266
     0.656887     0.992498     0.015806
     0.697268     0.999563     0.017544
     0.735166     1.006405     0.019397
     0.775654     1.013596     0.021157
     0.814554     1.020217     0.022598
     0.855365     1.027428     0.023394
     0.893817     1.034221     0.023684
     0.933630     1.041146     0.023791
     0.972161     1.044735     0.023791
     0.028513     0.912803     0.029162
     0.068760     0.918555     0.032880
     0.110322     0.926183     0.035626
     0.145047     0.939679     0.037330
     0.179974     0.946227     0.037322
     0.217654     0.955462     0.034589
     0.256034     0.961212     0.029787
     0.296383     0.969749     0.024072
     0.334672     0.976051     0.018429
     0.375204     0.984048     0.013756
     0.414005     0.990329     0.010393
     0.453834     0.997509     0.008369
     0.491812     1.004035     0.007537
     0.531673     1.011378     0.007429
     0.571238     1.017853     0.007666
     0.611087     1.025639     0.008099
     0.650476     1.032481     0.008768
     0.690545     1.039722     0.009746
     0.729294     1.046528     0.011014
     0.769467     1.053701     0.012492
     0.808077     1.059873     0.014165
     0.848365     1.067425     0.015672
     0.886985     1.073650     0.016644
     0.927820     1.081182     0.017151
     0.966520     1.086776     0.017248
     0.026345     0.954677     0.031881
     0.065632     0.962396     0.033607
     0.094950     0.970334     0.034400
     0.132551     0.981818     0.034076
     0.169750     0.987326     0.031902
     0.210273     0.995120     0.027194
     0.248861     1.001415     0.021192
     0.288393     1.009209     0.015544
     0.328128     1.015526     0.011029
     0.367770     1.023112     0.007933
     0.407109     1.030014     0.006130
     0.446983     1.037850     0.005305
     0.485902     1.044596     0.005005
     0.525955     1.051572     0.004810
     0.564391     1.058288     0.004622
     0.604403     1.065666     0.004477
     0.643340     1.071988     0.004446
     0.683383     1.079694     0.004589
     0.722305     1.086305     0.004913
     0.762615     1.093535     0.005531
     0.801604     1.100146     0.006631
     0.841654     1.107192     0.008109
     0.880854     1.113934     0.009347
     0.920971     1.120379     0.010093
     0.960249     1.127131     0.010288
     0.011271     0.991619     0.030131
     0.047454     1.006704     0.030088
     0.082507     1.012614     0.029199
     0.124051     1.020806     0.027196
     0.162483     1.027841     0.023593
     0.203492     1.034992     0.018213
     0.241556     1.042114     0.012559
     0.282206     1.048915     0.008282
     0.320772     1.055756     0.005632
     0.360590     1.063495     0.004270
     0.399685     1.069755     0.003699
     0.439259     1.077491     0.003502
     0.478767     1.084025     0.003354
     0.518380     1.091582     0.003148
     0.557759     1.098069     0.002898
     0.597466     1.105339     0.002638
     0.636729     1.112145     0.002415
     0.676396     1.119415     0.002202
     0.715853     1.126096     0.001977
     0.755581     1.133202     0.001885
     0.795023     1.139919     0.002163
     0.834816     1.146959     0.002992
     0.874299     1.153482     0.003966
     0.914138     1.160597     0.004684
     0.953602     1.167452     0.005010
     0.993177     1.174381     0.005004
     0.037013     1.045873     0.023038
     0.077272     1.053277     0.021102
     0.116787     1.060019     0.018296
     0.156076     1.067305     0.014361
     0.195631     1.074349     0.009660
     0.234955     1.081765     0.005818
     0.274781     1.088533     0.003664
     0.313660     1.095796     0.002669
     0.353738     1.102630     0.002340
     0.392853     1.110035     0.002278
     0.432602     1.117197     0.002254
     0.471949     1.124117     0.002144
     0.511652     1.131331     0.001969
     0.551005     1.138143     0.001757
     0.590528     1.145414     0.001561
     0.630003     1.151954     0.001388
     0.669531     1.159297     0.001181
     0.709073     1.165945     0.000930
     0.748738     1.173067     0.000714
     0.788275     1.179773     0.000646
     0.827956     1.186709     0.000899
     0.867472     1.193592     0.001400
     0.907126     1.199988     0.001911
     0.946532     1.207073     0.002279
     0.986163     1.213916     0.002471
     0.030055     1.085521     0.014454
     0.069481     1.092418     0.012332
     0.109074     1.100211     0.009637
     0.148591     1.107312     0.006480
     0.188386     1.114562     0.003606
     0.227790     1.121524     0.002058
     0.267506     1.128797     0.001573
     0.306847     1.135679     0.001427
     0.346299     1.142889     0.001376
     0.385693     1.149704     0.001351
     0.425272     1.156957     0.001321
     0.464835     1.163733     0.001237
     0.504352     1.171055     0.001142
     0.544002     1.177895     0.001033
     0.583543     1.184968     0.000930
     0.623164     1.191940     0.000792
     0.662592     1.198980     0.000617
     0.702390     1.205730     0.000453
     0.741777     1.212784     0.000334
     0.781630     1.219577     0.000296
     0.821060     1.226565     0.000387
     0.860979     1.233246     0.000637
     0.900321     1.240404     0.000972
     0.939862     1.247224     0.001305
     0.979500     1.253936     0.001557
     0.022998     1.125500     0.006747
     0.062605     1.132690     0.005262
     0.102134     1.139551     0.003450
     0.141768     1.146749     0.001792
     0.181177     1.153867     0.000842
     0.220768     1.161217     0.000685
     0.260289     1.168171     0.000798
     0.299830     1.175592     0.000887
     0.339481     1.182376     0.000893
     0.378887     1.189718     0.000826
     0.418451     1.196658     0.000712
     0.458045     1.203764     0.000616
     0.497441     1.210785     0.000567
     0.537192     1.217742     0.000536
     0.576554     1.224923     0.000502
     0.616363     1.231661     0.000422
     0.655742     1.238816     0.000315
     0.695531     1.245547     0.000217
     0.734965     1.252638     0.000165
     0.774723     1.259286     0.000183
     0.814194     1.266331     0.000283
     0.853800     1.273122     0.000513
     0.893473     1.280081     0.000849
     0.933077     1.286789     0.001238
     0.972765     1.293610     0.001616
     0.015762     1.165036     0.002093
     0.055361     1.172105     0.001468
     0.094854     1.179638     0.000778
     0.134357     1.186830     0.000300
     0.173975     1.194037     0.000187
     0.213587     1.201018     0.000285
     0.253068     1.208261     0.000408
     0.292727     1.215193     0.000501
     0.332104     1.222488     0.000532
     0.371851     1.229436     0.000481
     0.411243     1.236435     0.000383
     0.450972     1.243484     0.000294
     0.490390     1.250525     0.000240
     0.530178     1.257466     0.000220
     0.569565     1.264458     0.000208
     0.609390     1.271481     0.000180
     0.648782     1.278516     0.000158
     0.688682     1.285293     0.000166
     0.727995     1.292421     0.000205
     0.767958     1.299154     0.000264
     0.807268     1.306326     0.000384
     0.847316     1.312807     0.000665
     0.886469     1.320073     0.001090
     0.926541     1.326810     0.001601
     0.965796     1.333622     0.002142
     0.008747     1.204999     0.000593
     0.048280     1.212204     0.000448
     0.087727     1.219177     0.000282
     0.127446     1.226291     0.000161
     0.166883     1.233341     0.000107
     0.206539     1.240769     0.000112
     0.246041     1.247669     0.000176
     0.285711     1.255120     0.000239
     0.325201     1.261852     0.000265
     0.364872     1.269237     0.000242
     0.404304     1.276180     0.000192
     0.444097     1.283301     0.000143
     0.483455     1.290277     0.000117
     0.523312     1.297306     0.000112
     0.562632     1.304461     0.000104
     0.602596     1.311150     0.000102
     0.641838     1.318353     0.000155
     0.681831     1.325079     0.000278
     0.721082     1.332223     0.000407
     0.761051     1.338776     0.000490
     0.800281     1.345924     0.000632
     0.840202     1.352710     0.000988
     0.879708     1.359754     0.001488
     0.919577     1.366341     0.002054
     0.959173     1.373629     0.002687
     0.998549     1.381108     0.003388
     0.001486     1.244497     0.000607
     0.041113     1.251781     0.000591
     0.080615     1.259103     0.000524
     0.120212     1.266397     0.000389
     0.159720     1.273479     0.000221
     0.199443     1.280545     0.000108
     0.238863     1.287674     0.000123
     0.278603     1.294751     0.000188
     0.318003     1.301976     0.000211
     0.357795     1.308992     0.000181
     0.397221     1.315906     0.000132
     0.436976     1.323034     0.000116
     0.476421     1.330004     0.000131
     0.516256     1.336989     0.000146
     0.555648     1.343890     0.000151
     0.595527     1.351023     0.000182
     0.634946     1.358020     0.000289
     0.674915     1.364825     0.000466
     0.714171     1.372058     0.000641
     0.754199     1.378770     0.000748
     0.793334     1.386041     0.000915
     0.833632     1.392155     0.001336
     0.872453     1.399808     0.001877
     0.912874     1.406097     0.002472
     0.951456     1.413696     0.003149
     0.990919     1.420539     0.003931
     0.033762     1.291818     0.001225
     0.073361     1.298657     0.001140
     0.113123     1.305843     0.000928
     0.152727     1.312790     0.000647
     0.192306     1.320337     0.000391
     0.231924     1.327145     0.000293
     0.271543     1.334655     0.000326
     0.311088     1.341284     0.000343
     0.350736     1.348759     0.000294
     0.390210     1.355645     0.000226
     0.430082     1.362817     0.000191
     0.469475     1.369697     0.000205
     0.509391     1.376860     0.000231
     0.548686     1.383995     0.000252
     0.588709     1.390557     0.000311
     0.627983     1.397849     0.000458
     0.668019     1.404577     0.000663
     0.707305     1.411853     0.000858
     0.747189     1.418321     0.000991
     0.786443     1.425533     0.001183
     0.826176     1.432191     0.001626
     0.865955     1.439486     0.002198
     0.905863     1.445567     0.002825
     0.945562     1.454391     0.003536
     0.984891     1.461045     0.004340
     0.027089     1.331516     0.002135
     0.066616     1.338552     0.001953
     0.106104     1.345914     0.001645
     0.145596     1.352887     0.001280
     0.185321     1.360082     0.000910
     0.224783     1.367048     0.000638
     0.264494     1.374329     0.000552
     0.303975     1.381490     0.000546
     0.343624     1.388598     0.000487
     0.383270     1.395259     0.000399
     0.422850     1.402553     0.000327
     0.462565     1.409428     0.000308
     0.502137     1.416484     0.000327
     0.541817     1.423341     0.000355
     0.581421     1.430463     0.000427
     0.621254     1.437498     0.000596
     0.660963     1.444155     0.000828
     0.700856     1.451915     0.001049
     0.740120     1.458709     0.001207
     0.779437     1.466173     0.001397
     0.819322     1.471162     0.001823
     0.859073     1.479444     0.002409
     0.898645     1.485019     0.003070
     0.938415     1.493899     0.003814
     0.978072     1.500892     0.004633
     0.019684     1.371555     0.003046
     0.059152     1.378175     0.002739
     0.098916     1.385398     0.002341
     0.138736     1.392235     0.001912
     0.178003     1.399929     0.001464
     0.217972     1.406588     0.001049
     0.257297     1.414217     0.000813
     0.296960     1.420751     0.000752
     0.336547     1.428329     0.000687
     0.376070     1.435050     0.000581
     0.416033     1.442267     0.000471
     0.455589     1.448996     0.000417
     0.495567     1.456541     0.000425
     0.534630     1.463708     0.000450
     0.574589     1.469695     0.000512
     0.614176     1.477305     0.000675
     0.653914     1.483681     0.000931
     0.693483     1.491601     0.001195
     0.733139     1.498593     0.001393
     0.772796     1.505586     0.001549
     0.013835     1.411636     0.003820
     0.053447     1.418419     0.003425
     0.091807     1.425369     0.002952
     0.131157     1.432261     0.002463
     0.171278     1.439637     0.001948
     0.210711     1.446180     0.001430
     0.250798     1.454325     0.001072
     0.289809     1.461140     0.000948
     0.329412     1.468421     0.000872
     0.369209     1.474366     0.000735
     0.408885     1.482019     0.000589
     0.448565     1.488518     0.000509
     0.488207     1.496295     0.000517
     0.527863     1.503287     0.000543
     0.005911     1.451073     0.004390
     0.045260     1.459087     0.003984
     0.084153     1.466335     0.003465
     0.124445     1.471062     0.002917
     0.163880     1.479526     0.002322
     0.203689     1.485601     0.001711
     0.243274     1.493996     0.001281
     0.282931     1.500989     0.001134
     0.322588     1.507981     0.001038
     0.037998     1.498690     0.004396
     0.077655     1.505682     0.003874
