                 8.390736                 0.000005
                13.060733                 0.000020
                20.838657                 0.000044
                31.716368                 0.000079
                45.681276                 0.000123
                62.718904                 0.000177
                82.810312                 0.000241
               105.933760                 0.000314
               132.064238                 0.000397
               161.172967                 0.000489
               193.228994                 0.000591
               228.197129                 0.000702
               266.039430                 0.000822
               306.715617                 0.000952
               350.181038                 0.001090
               385.166608                 0.001237
               409.490337                 0.001393
               433.620077                 0.001557
               457.893323                 0.001729
               482.199679                 0.001910
               506.409232                 0.002098
               530.364087                 0.002295
               553.895061                 0.002499
               576.833018                 0.002710
               598.418803                 0.002929
               617.621933                 0.003155
               634.528467                 0.003387
               649.321314                 0.003626
               662.245493                 0.003871
               673.174989                 0.004122
               682.364379                 0.004379
               689.656808                 0.004642
               695.099019                 0.004910
               698.409768                 0.005182
               698.895755                 0.005460
               695.099510                 0.005742
               682.663542                 0.006028
               655.400444                 0.006319
               615.811752                 0.006613
               570.048809                 0.006910
               522.505483                 0.007210
               475.742409                 0.007513
               431.439549                 0.007819
               390.411480                 0.008126
               352.748597                 0.008436
               317.577111                 0.008747
               284.566416                 0.009059
               254.781800                 0.009372
               228.637229                 0.009686
               205.931233                 0.010000
