     0.000000    -0.010000     0.000000
     0.025641    -0.010000     0.000000
     0.051282    -0.010000     0.000000
     0.076923    -0.010000     0.000000
     0.102564    -0.010000     0.000000
     0.128205    -0.010000     0.000000
     0.153846    -0.010000     0.000000
     0.179487    -0.010000     0.000000
     0.205128    -0.010000     0.000000
     0.230769    -0.010000     0.000000
     0.256410    -0.010000     0.000000
     0.282051    -0.010000     0.000000
     0.307692    -0.010000     0.000000
     0.333333    -0.010000     0.000000
     0.358974    -0.010000     0.000000
     0.384615    -0.010000     0.000000
     0.410256    -0.010000     0.000000
     0.435897    -0.010000     0.000000
     0.461538    -0.010000     0.000000
     0.487179    -0.010000     0.000000
     0.512821    -0.010000     0.000000
     0.538462    -0.010000     0.000000
     0.564103    -0.010000     0.000000
     0.589744    -0.010000     0.000000
     0.615385    -0.010000     0.000000
     0.641026    -0.010000     0.000000
     0.666667    -0.010000     0.000000
     0.692308    -0.010000     0.000000
     0.717949    -0.010000     0.000000
     0.743590    -0.010000     0.000000
     0.769231    -0.010000     0.000000
     0.794872    -0.010000     0.000000
     0.820513    -0.010000     0.000000
     0.846154    -0.010000     0.000000
     0.871795    -0.010000     0.000000
     0.897436    -0.010000     0.000000
     0.923077    -0.010000     0.000000
     0.948718    -0.010000     0.000000
     0.974359    -0.010000     0.000000
     1.000000    -0.010000     0.000000
     0.000040     0.015451     0.002860
     0.025621     0.015433     0.000692
     0.051298     0.015447     0.000000
     0.076919     0.015442     0.000000
     0.102567     0.015440     0.000000
     0.128200     0.015439     0.000000
     0.153843     0.015436     0.000000
     0.179482     0.015436     0.000000
     0.205123     0.015432     0.000000
     0.230764     0.015433     0.000000
     0.256406     0.015430     0.000000
     0.282046     0.015430     0.000000
     0.307689     0.015427     0.000000
     0.333328     0.015428     0.000000
     0.358972     0.015426     0.000000
     0.384611     0.015426     0.000000
     0.410256     0.015425     0.000000
     0.435894     0.015425     0.000000
     0.461539     0.015425     0.000000
     0.487177     0.015425     0.000000
     0.512823     0.015425     0.000000
     0.538461     0.015425     0.000000
     0.564106     0.015425     0.000000
     0.589744     0.015425     0.000000
     0.615389     0.015426     0.000000
     0.641028     0.015426     0.000000
     0.666672     0.015428     0.000000
     0.692311     0.015427     0.000000
     0.717954     0.015430     0.000000
     0.743594     0.015430     0.000000
     0.769236     0.015433     0.000000
     0.794877     0.015432     0.000000
     0.820518     0.015436     0.000000
     0.846157     0.015436     0.000000
     0.871800     0.015439     0.000000
     0.897433     0.015440     0.000000
     0.923081     0.015442     0.000000
     0.948702     0.015447     0.000000
     0.974379     0.015433     0.000687
     0.999960     0.015451     0.002858
     0.000161     0.041017     0.002043
     0.025724     0.040951     0.001932
     0.051313     0.040917     0.000605
     0.076953     0.040931     0.000000
     0.102581     0.040916     0.000000
     0.128216     0.040911     0.000000
     0.153851     0.040904     0.000000
     0.179488     0.040894     0.000000
     0.205125     0.040891     0.000000
     0.230765     0.040879     0.000000
     0.256403     0.040881     0.000000
     0.282047     0.040869     0.000000
     0.307683     0.040872     0.000000
     0.333331     0.040861     0.000000
     0.358965     0.040864     0.000000
     0.384616     0.040856     0.000000
     0.410247     0.040859     0.000000
     0.435901     0.040853     0.000000
     0.461530     0.040855     0.000000
     0.487186     0.040853     0.000000
     0.512814     0.040853     0.000000
     0.538470     0.040855     0.000000
     0.564099     0.040853     0.000000
     0.589753     0.040859     0.000000
     0.615384     0.040856     0.000000
     0.641035     0.040864     0.000000
     0.666669     0.040861     0.000000
     0.692317     0.040872     0.000000
     0.717953     0.040869     0.000000
     0.743597     0.040881     0.000000
     0.769235     0.040879     0.000000
     0.794875     0.040891     0.000000
     0.820512     0.040894     0.000000
     0.846149     0.040904     0.000000
     0.871784     0.040911     0.000000
     0.897419     0.040916     0.000000
     0.923047     0.040931     0.000000
     0.948687     0.040917     0.000606
     0.974276     0.040951     0.001931
     0.999839     0.041017     0.002046
     0.000125     0.066474     0.000369
     0.025764     0.066460     0.001137
     0.051334     0.066405     0.000988
     0.076961     0.066382     0.000103
     0.102584     0.066364     0.000000
     0.128218     0.066357     0.000000
     0.153851     0.066337     0.000000
     0.179488     0.066337     0.000000
     0.205127     0.066316     0.000000
     0.230763     0.066320     0.000000
     0.256408     0.066299     0.000000
     0.282040     0.066305     0.000000
     0.307690     0.066286     0.000000
     0.333319     0.066294     0.000000
     0.358975     0.066279     0.000000
     0.384601     0.066286     0.000000
     0.410261     0.066275     0.000000
     0.435884     0.066279     0.000000
     0.461547     0.066274     0.000000
     0.487168     0.066275     0.000000
     0.512832     0.066275     0.000000
     0.538453     0.066273     0.000000
     0.564116     0.066279     0.000000
     0.589739     0.066275     0.000000
     0.615399     0.066286     0.000000
     0.641025     0.066279     0.000000
     0.666681     0.066294     0.000000
     0.692310     0.066286     0.000000
     0.717960     0.066305     0.000000
     0.743592     0.066299     0.000000
     0.769237     0.066320     0.000000
     0.794874     0.066316     0.000000
     0.820512     0.066337     0.000000
     0.846149     0.066337     0.000000
     0.871782     0.066357     0.000000
     0.897416     0.066364     0.000000
     0.923039     0.066382     0.000108
     0.948666     0.066405     0.000987
     0.974236     0.066460     0.001133
     0.999875     0.066474     0.000370
     0.000201     0.091947     0.000897
     0.025784     0.091932     0.000773
     0.051411     0.091906     0.000694
     0.077003     0.091863     0.000414
     0.102634     0.091855     0.000000
     0.128251     0.091824     0.000000
     0.153886     0.091819     0.000000
     0.179512     0.091788     0.000000
     0.205148     0.091789     0.000000
     0.230782     0.091758     0.000000
     0.256417     0.091766     0.000000
     0.282060     0.091737     0.000000
     0.307692     0.091746     0.000000
     0.333342     0.091720     0.000000
     0.358970     0.091730     0.000000
     0.384625     0.091709     0.000000
     0.410249     0.091717     0.000000
     0.435908     0.091704     0.000000
     0.461529     0.091709     0.000000
     0.487190     0.091704     0.000000
     0.512810     0.091704     0.000000
     0.538471     0.091709     0.000000
     0.564092     0.091705     0.000000
     0.589751     0.091717     0.000000
     0.615375     0.091709     0.000000
     0.641030     0.091730     0.000000
     0.666658     0.091720     0.000000
     0.692308     0.091746     0.000000
     0.717940     0.091737     0.000000
     0.743583     0.091766     0.000000
     0.769218     0.091758     0.000000
     0.794852     0.091789     0.000000
     0.820488     0.091788     0.000000
     0.846114     0.091819     0.000000
     0.871749     0.091824     0.000000
     0.897366     0.091855     0.000000
     0.922997     0.091863     0.000414
     0.948589     0.091906     0.000693
     0.974216     0.091932     0.000771
     0.999799     0.091947     0.000899
     0.000151     0.117457     0.000151
     0.025791     0.117421     0.000369
     0.051389     0.117373     0.000482
     0.077011     0.117348     0.000412
     0.102617     0.117296     0.000001
     0.128258     0.117286     0.000000
     0.153879     0.117242     0.000000
     0.179516     0.117244     0.000000
     0.205150     0.117203     0.000000
     0.230784     0.117211     0.000000
     0.256428     0.117170     0.000000
     0.282053     0.117182     0.000000
     0.307707     0.117146     0.000000
     0.333325     0.117162     0.000000
     0.358989     0.117132     0.000000
     0.384601     0.117146     0.000000
     0.410273     0.117125     0.000000
     0.435880     0.117134     0.000000
     0.461556     0.117123     0.000000
     0.487161     0.117126     0.000000
     0.512839     0.117126     0.000000
     0.538444     0.117123     0.000000
     0.564120     0.117134     0.000000
     0.589727     0.117125     0.000000
     0.615399     0.117146     0.000000
     0.641011     0.117132     0.000000
     0.666675     0.117162     0.000000
     0.692293     0.117146     0.000000
     0.717947     0.117182     0.000000
     0.743572     0.117170     0.000000
     0.769216     0.117211     0.000000
     0.794850     0.117203     0.000000
     0.820484     0.117244     0.000000
     0.846121     0.117242     0.000000
     0.871742     0.117286     0.000000
     0.897383     0.117296     0.000000
     0.922989     0.117348     0.000411
     0.948610     0.117373     0.000481
     0.974209     0.117421     0.000366
     0.999850     0.117457     0.000149
     0.000253     0.142878     0.000850
     0.025834     0.142874     0.000497
     0.051470     0.142860     0.000295
     0.077069     0.142816     0.000132
     0.102705     0.142795     0.000000
     0.128303     0.142743     0.000000
     0.153941     0.142740     0.000000
     0.179555     0.142685     0.000000
     0.205192     0.142691     0.000000
     0.230816     0.142638     0.000000
     0.256451     0.142655     0.000000
     0.282088     0.142605     0.000000
     0.307719     0.142625     0.000000
     0.333364     0.142579     0.000000
     0.358989     0.142599     0.000000
     0.384640     0.142563     0.000000
     0.410260     0.142579     0.000000
     0.435917     0.142556     0.000000
     0.461533     0.142565     0.000000
     0.487192     0.142557     0.000000
     0.512808     0.142557     0.000000
     0.538467     0.142565     0.000000
     0.564083     0.142556     0.000000
     0.589740     0.142578     0.000000
     0.615360     0.142563     0.000000
     0.641011     0.142598     0.000000
     0.666636     0.142579     0.000000
     0.692281     0.142625     0.000000
     0.717912     0.142605     0.000000
     0.743549     0.142655     0.000000
     0.769184     0.142638     0.000000
     0.794808     0.142691     0.000000
     0.820445     0.142685     0.000000
     0.846059     0.142740     0.000000
     0.871697     0.142743     0.000000
     0.897295     0.142795     0.000000
     0.922931     0.142816     0.000133
     0.948530     0.142860     0.000293
     0.974166     0.142874     0.000495
     0.999747     0.142878     0.000850
     0.000185     0.168443     0.000261
     0.025826     0.168378     0.000330
     0.051425     0.168318     0.000295
     0.077053     0.168295     0.000221
     0.102664     0.168231     0.000000
     0.128304     0.168219     0.000000
     0.153926     0.168151     0.000000
     0.179558     0.168155     0.000000
     0.205194     0.168093     0.000000
     0.230819     0.168106     0.000000
     0.256468     0.168043     0.000000
     0.282079     0.168063     0.000000
     0.307740     0.168009     0.000000
     0.333342     0.168032     0.000000
     0.359015     0.167989     0.000000
     0.384610     0.168009     0.000000
     0.410292     0.167978     0.000000
     0.435881     0.167991     0.000000
     0.461569     0.167975     0.000000
     0.487155     0.167980     0.000000
     0.512845     0.167980     0.000000
     0.538431     0.167975     0.000000
     0.564119     0.167991     0.000000
     0.589708     0.167978     0.000000
     0.615390     0.168009     0.000000
     0.640985     0.167989     0.000000
     0.666658     0.168033     0.000000
     0.692260     0.168009     0.000000
     0.717921     0.168063     0.000000
     0.743532     0.168043     0.000000
     0.769181     0.168106     0.000000
     0.794806     0.168093     0.000000
     0.820442     0.168155     0.000000
     0.846074     0.168151     0.000000
     0.871695     0.168219     0.000000
     0.897336     0.168231     0.000000
     0.922947     0.168295     0.000221
     0.948575     0.168318     0.000291
     0.974174     0.168378     0.000328
     0.999815     0.168443     0.000261
     0.000340     0.193820     0.001086
     0.025909     0.193820     0.000603
     0.051548     0.193811     0.000275
     0.077143     0.193754     0.000000
     0.102782     0.193732     0.000000
     0.128368     0.193659     0.000000
     0.154010     0.193663     0.000000
     0.179613     0.193581     0.000000
     0.205252     0.193597     0.000000
     0.230864     0.193517     0.000000
     0.256502     0.193550     0.000000
     0.282128     0.193474     0.000000
     0.307761     0.193509     0.000000
     0.333395     0.193440     0.000000
     0.359021     0.193472     0.000000
     0.384661     0.193419     0.000000
     0.410282     0.193444     0.000000
     0.435926     0.193411     0.000000
     0.461545     0.193425     0.000000
     0.487191     0.193413     0.000000
     0.512809     0.193413     0.000000
     0.538455     0.193425     0.000000
     0.564074     0.193411     0.000000
     0.589718     0.193444     0.000000
     0.615339     0.193419     0.000000
     0.640979     0.193472     0.000000
     0.666605     0.193440     0.000000
     0.692239     0.193509     0.000000
     0.717872     0.193475     0.000000
     0.743498     0.193550     0.000000
     0.769136     0.193517     0.000000
     0.794747     0.193597     0.000000
     0.820387     0.193581     0.000000
     0.845990     0.193663     0.000000
     0.871632     0.193659     0.000000
     0.897218     0.193732     0.000000
     0.922857     0.193754     0.000000
     0.948452     0.193811     0.000274
     0.974091     0.193820     0.000604
     0.999660     0.193820     0.001086
     0.000237     0.219443     0.000489
     0.025881     0.219346     0.000492
     0.051472     0.219262     0.000365
     0.077104     0.219235     0.000188
     0.102723     0.219168     0.000000
     0.128365     0.219151     0.000000
     0.153993     0.219061     0.000000
     0.179615     0.219067     0.000000
     0.205259     0.218987     0.000000
     0.230871     0.219004     0.000000
     0.256527     0.218919     0.000000
     0.282119     0.218945     0.000000
     0.307788     0.218876     0.000000
     0.333370     0.218907     0.000000
     0.359053     0.218850     0.000000
     0.384626     0.218877     0.000000
     0.410320     0.218836     0.000000
     0.435886     0.218853     0.000000
     0.461586     0.218832     0.000000
     0.487148     0.218839     0.000000
     0.512852     0.218839     0.000000
     0.538414     0.218832     0.000000
     0.564114     0.218854     0.000000
     0.589680     0.218836     0.000000
     0.615374     0.218877     0.000000
     0.640947     0.218850     0.000000
     0.666630     0.218908     0.000000
     0.692212     0.218876     0.000000
     0.717881     0.218945     0.000000
     0.743473     0.218919     0.000000
     0.769129     0.219004     0.000000
     0.794741     0.218987     0.000000
     0.820385     0.219067     0.000000
     0.846007     0.219061     0.000000
     0.871635     0.219151     0.000000
     0.897277     0.219168     0.000000
     0.922896     0.219235     0.000185
     0.948528     0.219262     0.000362
     0.974119     0.219346     0.000491
     0.999763     0.219443     0.000493
     0.000468     0.244774     0.001546
     0.026017     0.244776     0.000833
     0.051663     0.244774     0.000438
     0.077240     0.244688     0.000097
     0.102876     0.244665     0.000000
     0.128452     0.244567     0.000000
     0.154097     0.244589     0.000000
     0.179692     0.244473     0.000000
     0.205332     0.244505     0.000000
     0.230929     0.244394     0.000000
     0.256571     0.244453     0.000000
     0.282182     0.244346     0.000000
     0.307821     0.244401     0.000000
     0.333434     0.244303     0.000000
     0.359068     0.244354     0.000000
     0.384685     0.244278     0.000000
     0.410315     0.244317     0.000000
     0.435935     0.244270     0.000000
     0.461565     0.244291     0.000000
     0.487186     0.244273     0.000000
     0.512814     0.244274     0.000000
     0.538435     0.244291     0.000000
     0.564065     0.244270     0.000000
     0.589685     0.244317     0.000000
     0.615315     0.244278     0.000000
     0.640932     0.244354     0.000000
     0.666566     0.244303     0.000000
     0.692179     0.244401     0.000000
     0.717818     0.244346     0.000000
     0.743429     0.244453     0.000000
     0.769071     0.244394     0.000000
     0.794668     0.244505     0.000000
     0.820308     0.244473     0.000000
     0.845903     0.244589     0.000000
     0.871548     0.244567     0.000000
     0.897124     0.244665     0.000000
     0.922760     0.244688     0.000098
     0.948336     0.244774     0.000440
     0.973982     0.244776     0.000833
     0.999531     0.244774     0.001549
     0.000311     0.270465     0.000867
     0.025960     0.270326     0.000844
     0.051537     0.270211     0.000505
     0.077178     0.270188     0.000092
     0.102812     0.270108     0.000000
     0.128450     0.270081     0.000000
     0.154088     0.269969     0.000000
     0.179694     0.269975     0.000000
     0.205350     0.269886     0.000000
     0.230942     0.269902     0.000000
     0.256607     0.269802     0.000000
     0.282171     0.269830     0.000000
     0.307852     0.269751     0.000000
     0.333406     0.269787     0.000000
     0.359104     0.269720     0.000000
     0.384646     0.269750     0.000000
     0.410356     0.269703     0.000000
     0.435891     0.269721     0.000000
     0.461608     0.269697     0.000000
     0.487139     0.269705     0.000000
     0.512861     0.269705     0.000000
     0.538392     0.269697     0.000000
     0.564109     0.269722     0.000000
     0.589644     0.269703     0.000000
     0.615354     0.269751     0.000000
     0.640897     0.269720     0.000000
     0.666594     0.269787     0.000000
     0.692148     0.269751     0.000000
     0.717829     0.269830     0.000000
     0.743393     0.269802     0.000000
     0.769058     0.269903     0.000000
     0.794650     0.269886     0.000000
     0.820306     0.269975     0.000000
     0.845912     0.269969     0.000000
     0.871549     0.270081     0.000000
     0.897188     0.270108     0.000000
     0.922822     0.270188     0.000092
     0.948463     0.270211     0.000505
     0.974040     0.270326     0.000843
     0.999689     0.270465     0.000866
     0.000654     0.295744     0.002212
     0.026175     0.295749     0.001167
     0.051823     0.295757     0.000726
     0.077375     0.295610     0.000240
     0.103003     0.295597     0.000000
     0.128566     0.295464     0.000000
     0.154213     0.295519     0.000000
     0.179798     0.295360     0.000000
     0.205437     0.295419     0.000000
     0.231013     0.295269     0.000000
     0.256661     0.295369     0.000000
     0.282249     0.295220     0.000000
     0.307899     0.295305     0.000000
     0.333479     0.295169     0.000000
     0.359130     0.295248     0.000000
     0.384709     0.295141     0.000000
     0.410362     0.295200     0.000000
     0.435939     0.295135     0.000000
     0.461596     0.295166     0.000000
     0.487172     0.295141     0.000000
     0.512828     0.295141     0.000000
     0.538403     0.295166     0.000000
     0.564061     0.295135     0.000000
     0.589638     0.295200     0.000000
     0.615291     0.295142     0.000000
     0.640870     0.295248     0.000000
     0.666521     0.295169     0.000000
     0.692101     0.295305     0.000000
     0.717751     0.295220     0.000000
     0.743339     0.295369     0.000000
     0.768987     0.295269     0.000000
     0.794563     0.295419     0.000000
     0.820203     0.295360     0.000000
     0.845786     0.295519     0.000000
     0.871434     0.295464     0.000000
     0.896997     0.295597     0.000000
     0.922625     0.295610     0.000242
     0.948177     0.295757     0.000731
     0.973825     0.295749     0.001164
     0.999345     0.295744     0.002213
     0.000409     0.321517     0.001308
     0.026066     0.321323     0.001235
     0.051640     0.321167     0.000589
     0.077291     0.321157     0.000000
     0.102947     0.321054     0.000000
     0.128580     0.321008     0.000000
     0.154225     0.320877     0.000000
     0.179804     0.320881     0.000000
     0.205474     0.320800     0.000000
     0.231034     0.320804     0.000000
     0.256711     0.320696     0.000000
     0.282235     0.320716     0.000000
     0.307932     0.320642     0.000000
     0.333449     0.320671     0.000000
     0.359167     0.320605     0.000000
     0.384668     0.320628     0.000000
     0.410402     0.320583     0.000000
     0.435896     0.320594     0.000000
     0.461637     0.320572     0.000000
     0.487126     0.320579     0.000000
     0.512874     0.320579     0.000000
     0.538363     0.320571     0.000000
     0.564104     0.320595     0.000000
     0.589598     0.320583     0.000000
     0.615332     0.320628     0.000000
     0.640833     0.320604     0.000000
     0.666551     0.320671     0.000000
     0.692068     0.320642     0.000000
     0.717765     0.320716     0.000000
     0.743289     0.320696     0.000000
     0.768965     0.320804     0.000000
     0.794526     0.320800     0.000000
     0.820196     0.320881     0.000000
     0.845775     0.320877     0.000000
     0.871420     0.321008     0.000000
     0.897053     0.321053     0.000000
     0.922709     0.321157     0.000000
     0.948360     0.321167     0.000589
     0.973934     0.321323     0.001234
     0.999591     0.321518     0.001307
     0.000920     0.346732     0.002854
     0.026410     0.346734     0.001646
     0.052029     0.346763     0.001084
     0.077567     0.346509     0.000101
     0.103188     0.346520     0.000000
     0.128730     0.346351     0.000041
     0.154379     0.346465     0.000268
     0.179937     0.346247     0.000542
     0.205563     0.346347     0.000366
     0.231118     0.346146     0.000313
     0.256768     0.346308     0.000337
     0.282332     0.346099     0.000183
     0.307993     0.346228     0.000367
     0.333528     0.346035     0.000101
     0.359207     0.346160     0.000325
     0.384729     0.346006     0.000029
     0.410426     0.346098     0.000246
     0.435931     0.346004     0.000035
     0.461646     0.346053     0.000175
     0.487142     0.346015     0.000097
     0.512858     0.346015     0.000097
     0.538354     0.346053     0.000174
     0.564069     0.346004     0.000035
     0.589574     0.346098     0.000246
     0.615271     0.346007     0.000029
     0.640793     0.346160     0.000324
     0.666472     0.346035     0.000101
     0.692007     0.346228     0.000368
     0.717668     0.346099     0.000182
     0.743232     0.346307     0.000337
     0.768882     0.346146     0.000314
     0.794436     0.346347     0.000365
     0.820063     0.346247     0.000543
     0.845621     0.346465     0.000267
     0.871270     0.346351     0.000041
     0.896812     0.346520     0.000000
     0.922433     0.346509     0.000101
     0.947971     0.346763     0.001089
     0.973589     0.346734     0.001648
     0.999080     0.346732     0.002854
     0.000531     0.372591     0.001770
     0.026194     0.372352     0.001201
     0.051818     0.372135     0.000000
     0.077480     0.372112     0.000000
     0.103152     0.372010     0.000000
     0.128779     0.371931     0.000000
     0.154418     0.371802     0.000439
     0.179963     0.371815     0.000185
     0.205646     0.371750     0.000919
     0.231152     0.371718     0.000594
     0.256850     0.371621     0.000982
     0.282306     0.371601     0.000587
     0.308044     0.371574     0.000807
     0.333494     0.371551     0.000589
     0.359253     0.371527     0.000664
     0.384688     0.371501     0.000590
     0.410462     0.371495     0.000518
     0.435900     0.371466     0.000528
     0.461670     0.371467     0.000443
     0.487112     0.371464     0.000462
     0.512888     0.371464     0.000463
     0.538330     0.371467     0.000441
     0.564100     0.371467     0.000528
     0.589538     0.371494     0.000519
     0.615312     0.371501     0.000591
     0.640747     0.371526     0.000665
     0.666506     0.371552     0.000587
     0.691956     0.371574     0.000807
     0.717694     0.371601     0.000588
     0.743150     0.371620     0.000982
     0.768848     0.371718     0.000593
     0.794354     0.371749     0.000920
     0.820037     0.371815     0.000183
     0.845582     0.371802     0.000439
     0.871221     0.371931     0.000000
     0.896848     0.372010     0.000000
     0.922520     0.372112     0.000000
     0.948182     0.372135     0.000000
     0.973805     0.372352     0.001204
     0.999469     0.372591     0.001767
     0.001273     0.397739     0.003946
     0.026741     0.397696     0.001523
     0.052327     0.397750     0.000196
     0.077880     0.397378     0.000656
     0.103431     0.397433     0.002150
     0.128928     0.397230     0.001916
     0.154560     0.397474     0.001887
     0.180082     0.397124     0.001005
     0.205767     0.397339     0.001305
     0.231224     0.397028     0.000931
     0.256966     0.397320     0.001240
     0.282407     0.396991     0.001182
     0.308156     0.397201     0.001098
     0.333575     0.396918     0.001205
     0.359325     0.397111     0.000887
     0.384767     0.396896     0.001152
     0.410495     0.397019     0.000814
     0.435952     0.396900     0.001058
     0.461675     0.396961     0.000827
     0.487146     0.396910     0.000917
     0.512854     0.396910     0.000916
     0.538325     0.396961     0.000824
     0.564048     0.396900     0.001060
     0.589505     0.397019     0.000815
     0.615233     0.396897     0.001150
     0.640675     0.397110     0.000889
     0.666424     0.396919     0.001207
     0.691844     0.397201     0.001095
     0.717593     0.396991     0.001184
     0.743034     0.397320     0.001238
     0.768776     0.397028     0.000931
     0.794232     0.397338     0.001307
     0.819918     0.397124     0.001004
     0.845440     0.397473     0.001889
     0.871072     0.397230     0.001915
     0.896569     0.397433     0.002151
     0.922120     0.397378     0.000656
     0.947673     0.397750     0.000200
     0.973258     0.397696     0.001523
     0.998726     0.397739     0.003942
     0.000723     0.423691     0.002018
     0.026332     0.423397     0.000000
     0.052169     0.423008     0.000000
     0.077772     0.423071     0.000000
     0.103556     0.423106     0.001412
     0.128966     0.422909     0.000970
     0.154757     0.422815     0.002126
     0.180087     0.422722     0.001960
     0.205905     0.422781     0.001934
     0.231263     0.422635     0.001930
     0.257050     0.422594     0.001492
     0.282416     0.422525     0.001921
     0.308182     0.422536     0.001408
     0.333599     0.422497     0.001899
     0.359333     0.422452     0.001370
     0.384769     0.422445     0.001683
     0.410502     0.422412     0.001316
     0.435959     0.422398     0.001461
     0.461674     0.422377     0.001313
     0.487136     0.422389     0.001352
     0.512865     0.422390     0.001354
     0.538326     0.422376     0.001311
     0.564041     0.422399     0.001460
     0.589498     0.422412     0.001318
     0.615231     0.422445     0.001682
     0.640667     0.422451     0.001373
     0.666401     0.422498     0.001900
     0.691818     0.422536     0.001406
     0.717584     0.422526     0.001922
     0.742950     0.422593     0.001492
     0.768736     0.422636     0.001931
     0.794095     0.422781     0.001935
     0.819913     0.422722     0.001960
     0.845243     0.422815     0.002124
     0.871034     0.422910     0.000968
     0.896444     0.423106     0.001414
     0.922228     0.423071     0.000000
     0.947831     0.423008     0.000000
     0.973668     0.423398     0.000000
     0.999277     0.423692     0.002018
     0.001761     0.448786     0.006407
     0.027420     0.448484     0.002110
     0.052765     0.448765     0.005302
     0.078008     0.448167     0.005721
     0.103724     0.448474     0.004838
     0.129108     0.448122     0.003171
     0.154919     0.448581     0.002127
     0.180272     0.448073     0.002644
     0.206056     0.448350     0.001930
     0.231400     0.447986     0.002778
     0.257176     0.448335     0.001898
     0.282569     0.447976     0.002513
     0.308306     0.448167     0.001851
     0.333710     0.447887     0.002254
     0.359434     0.448073     0.001929
     0.384866     0.447851     0.002091
     0.410562     0.447960     0.001957
     0.435998     0.447847     0.001954
     0.461711     0.447905     0.001906
     0.487153     0.447843     0.001882
     0.512847     0.447843     0.001884
     0.538289     0.447905     0.001907
     0.564002     0.447847     0.001952
     0.589438     0.447960     0.001956
     0.615134     0.447852     0.002092
     0.640566     0.448073     0.001929
     0.666290     0.447887     0.002258
     0.691694     0.448167     0.001847
     0.717432     0.447976     0.002512
     0.742824     0.448335     0.001902
     0.768600     0.447987     0.002779
     0.793943     0.448350     0.001930
     0.819728     0.448074     0.002643
     0.845081     0.448581     0.002129
     0.870891     0.448123     0.003170
     0.896276     0.448474     0.004838
     0.921991     0.448167     0.005722
     0.947235     0.448765     0.005300
     0.972580     0.448484     0.002110
     0.998239     0.448786     0.006406
     0.001486     0.474885     0.129793
     0.025637     0.474287     0.038106
     0.053287     0.474111     0.002899
     0.078056     0.474241     0.003394
     0.104224     0.474315     0.002547
     0.129054     0.473913     0.005417
     0.155124     0.473776     0.002852
     0.180349     0.473737     0.004328
     0.206165     0.473815     0.002621
     0.231528     0.473684     0.003376
     0.257209     0.473546     0.002764
     0.282660     0.473543     0.002967
     0.308295     0.473513     0.002834
     0.333795     0.473511     0.002658
     0.359407     0.473412     0.002721
     0.384907     0.473436     0.002466
     0.410549     0.473388     0.002589
     0.436054     0.473364     0.002427
     0.461675     0.473335     0.002507
     0.487175     0.473361     0.002457
     0.512825     0.473361     0.002459
     0.538325     0.473334     0.002507
     0.563946     0.473365     0.002426
     0.589452     0.473387     0.002590
     0.615093     0.473437     0.002465
     0.640593     0.473411     0.002720
     0.666205     0.473511     0.002660
     0.691706     0.473512     0.002834
     0.717340     0.473543     0.002971
     0.742791     0.473546     0.002765
     0.768472     0.473685     0.003375
     0.793835     0.473814     0.002620
     0.819651     0.473737     0.004327
     0.844877     0.473776     0.002855
     0.870945     0.473914     0.005413
     0.895777     0.474315     0.002546
     0.921944     0.474241     0.003394
     0.946714     0.474111     0.002898
     0.974362     0.474287     0.038121
     0.998514     0.474886     0.129788
     0.011720     0.504541     0.225662
     0.031188     0.499980     0.225467
     0.052602     0.499514     0.164293
     0.077770     0.499370     0.071631
     0.104174     0.499351     0.024307
     0.129896     0.499388     0.011023
     0.155254     0.499542     0.009921
     0.180659     0.499232     0.011026
     0.206259     0.499306     0.008971
     0.231772     0.499065     0.008018
     0.257393     0.499392     0.007861
     0.282821     0.499027     0.007036
     0.308475     0.499193     0.006999
     0.333894     0.498882     0.006513
     0.359575     0.499117     0.006445
     0.385000     0.498827     0.006261
     0.410643     0.498964     0.006100
     0.436074     0.498835     0.006070
     0.461742     0.498915     0.005916
     0.487187     0.498819     0.005935
     0.512813     0.498820     0.005932
     0.538258     0.498915     0.005917
     0.563925     0.498835     0.006076
     0.589357     0.498964     0.006095
     0.615000     0.498827     0.006260
     0.640425     0.499116     0.006449
     0.666106     0.498882     0.006516
     0.691525     0.499193     0.007002
     0.717179     0.499028     0.007035
     0.742607     0.499392     0.007859
     0.768228     0.499065     0.008019
     0.793741     0.499306     0.008973
     0.819341     0.499233     0.011024
     0.844746     0.499542     0.009923
     0.870104     0.499389     0.011025
     0.895827     0.499351     0.024321
     0.922230     0.499370     0.071641
     0.947398     0.499514     0.164303
     0.968811     0.499981     0.225465
     0.988279     0.504540     0.225670
     0.018267     0.534795     0.014817
     0.044125     0.533062     0.142595
     0.064224     0.532342     0.187943
     0.085250     0.525550     0.193822
     0.105284     0.525889     0.164454
     0.129777     0.525121     0.060039
     0.155769     0.524977     0.025347
     0.181466     0.524930     0.012963
     0.206740     0.525103     0.011925
     0.232153     0.524828     0.010815
     0.257597     0.524712     0.010285
     0.283207     0.524663     0.009733
     0.308594     0.524690     0.009005
     0.334208     0.524640     0.008556
     0.359568     0.524522     0.007963
     0.385224     0.524562     0.007674
     0.410621     0.524512     0.007477
     0.436285     0.524465     0.007307
     0.461641     0.524421     0.007323
     0.487298     0.524481     0.007243
     0.512702     0.524482     0.007240
     0.538359     0.524420     0.007323
     0.563715     0.524465     0.007308
     0.589379     0.524511     0.007478
     0.614775     0.524563     0.007674
     0.640432     0.524522     0.007963
     0.665791     0.524641     0.008558
     0.691406     0.524689     0.009007
     0.716793     0.524663     0.009734
     0.742404     0.524712     0.010285
     0.767847     0.524829     0.010815
     0.793260     0.525103     0.011926
     0.818533     0.524931     0.012960
     0.844232     0.524977     0.025354
     0.870223     0.525122     0.060063
     0.894715     0.525889     0.164452
     0.914749     0.525551     0.193811
     0.935775     0.532342     0.187938
     0.955875     0.533062     0.142570
     0.981732     0.534796     0.014825
     0.014787     0.556056     0.004873
     0.040625     0.557219     0.011459
     0.066825     0.557765     0.044716
     0.092018     0.556961     0.144850
     0.113490     0.558282     0.170268
     0.135732     0.550968     0.174202
     0.156668     0.551319     0.159973
     0.181192     0.550503     0.072351
     0.206951     0.550640     0.029181
     0.232800     0.550320     0.014368
     0.257989     0.550737     0.012296
     0.283466     0.550268     0.011229
     0.308844     0.550432     0.010798
     0.334427     0.550068     0.010146
     0.359844     0.550359     0.009894
     0.385360     0.549970     0.009283
     0.410777     0.550134     0.009045
     0.436292     0.549999     0.008677
     0.461776     0.550114     0.008651
     0.487281     0.549960     0.008560
     0.512719     0.549960     0.008564
     0.538223     0.550113     0.008650
     0.563708     0.550000     0.008674
     0.589223     0.550134     0.009045
     0.614640     0.549971     0.009285
     0.640155     0.550359     0.009897
     0.665572     0.550068     0.010148
     0.691156     0.550431     0.010798
     0.716533     0.550268     0.011227
     0.742011     0.550737     0.012294
     0.767200     0.550321     0.014370
     0.793049     0.550640     0.029197
     0.818807     0.550504     0.072377
     0.843330     0.551319     0.159979
     0.864267     0.550970     0.174185
     0.886510     0.558281     0.170268
     0.907982     0.556961     0.144829
     0.933175     0.557764     0.044721
     0.959375     0.557218     0.011460
     0.985213     0.556056     0.004872
     0.017852     0.585840     0.016039
     0.042708     0.584495     0.012261
     0.068097     0.583863     0.010567
     0.093404     0.583661     0.016342
     0.119562     0.582810     0.034204
     0.144797     0.581908     0.136708
     0.165661     0.583160     0.172427
     0.188058     0.577156     0.178140
     0.208289     0.576973     0.162194
     0.232829     0.576158     0.074635
     0.258079     0.576097     0.036116
     0.284202     0.575948     0.017065
     0.309059     0.576051     0.013991
     0.334844     0.575902     0.012457
     0.359803     0.575798     0.011863
     0.385721     0.575811     0.011428
     0.410722     0.575802     0.010944
     0.436619     0.575660     0.010844
     0.461579     0.575634     0.010375
     0.487500     0.575736     0.010368
     0.512500     0.575737     0.010366
     0.538421     0.575633     0.010374
     0.563381     0.575660     0.010846
     0.589278     0.575802     0.010946
     0.614278     0.575811     0.011431
     0.640197     0.575797     0.011858
     0.665156     0.575903     0.012456
     0.690940     0.576050     0.013994
     0.715798     0.575948     0.017069
     0.741921     0.576096     0.036136
     0.767170     0.576159     0.074669
     0.791709     0.576973     0.162201
     0.811941     0.577159     0.178127
     0.834337     0.583159     0.172422
     0.855203     0.581908     0.136675
     0.880437     0.582810     0.034212
     0.906596     0.583661     0.016344
     0.931903     0.583864     0.010566
     0.957291     0.584495     0.012259
     0.982148     0.585840     0.016036
     0.015813     0.607732     0.003214
     0.041730     0.608683     0.007205
     0.066979     0.608810     0.011491
     0.092481     0.608868     0.011836
     0.117537     0.608993     0.022842
     0.142696     0.608828     0.017659
     0.169321     0.609065     0.033227
     0.194842     0.608066     0.116477
     0.216802     0.609341     0.149790
     0.239345     0.602705     0.163129
     0.260202     0.602784     0.157967
     0.284178     0.601724     0.075708
     0.309408     0.601926     0.036162
     0.335219     0.601413     0.019241
     0.360292     0.601818     0.014875
     0.385843     0.601248     0.013761
     0.410991     0.601454     0.013271
     0.436638     0.601341     0.012726
     0.461792     0.601472     0.012657
     0.487418     0.601235     0.012239
     0.512581     0.601235     0.012238
     0.538208     0.601472     0.012661
     0.563361     0.601341     0.012728
     0.589009     0.601454     0.013267
     0.614157     0.601248     0.013763
     0.639707     0.601817     0.014877
     0.664781     0.601413     0.019243
     0.690592     0.601925     0.036174
     0.715822     0.601725     0.075758
     0.739795     0.602783     0.157977
     0.760654     0.602709     0.163113
     0.783196     0.609339     0.149788
     0.805158     0.608066     0.116434
     0.830679     0.609065     0.033231
     0.857304     0.608828     0.017659
     0.882463     0.608992     0.022841
     0.907519     0.608868     0.011837
     0.933021     0.608810     0.011489
     0.958269     0.608683     0.007205
     0.984187     0.607731     0.003217
     0.017475     0.636789     0.008436
     0.042666     0.635742     0.005381
     0.068438     0.635394     0.005739
     0.093801     0.634904     0.008508
     0.119377     0.634589     0.011325
     0.144621     0.633772     0.021884
     0.169043     0.633779     0.019014
     0.194496     0.633659     0.020245
     0.220116     0.633610     0.032469
     0.245874     0.632877     0.123857
     0.266929     0.634855     0.152774
     0.290249     0.628755     0.154138
     0.311058     0.628138     0.148843
     0.335718     0.627498     0.075086
     0.360105     0.627288     0.033825
     0.386525     0.627270     0.019077
     0.410839     0.627294     0.016448
     0.437064     0.627032     0.015512
     0.461532     0.627026     0.014957
     0.487805     0.627181     0.015010
     0.512195     0.627181     0.015011
     0.538468     0.627026     0.014955
     0.562936     0.627033     0.015512
     0.589161     0.627293     0.016454
     0.613475     0.627271     0.019078
     0.639896     0.627287     0.033824
     0.664283     0.627499     0.075151
     0.688939     0.628137     0.148855
     0.709750     0.628759     0.154124
     0.733068     0.634853     0.152775
     0.754126     0.632877     0.123804
     0.779884     0.633610     0.032465
     0.805503     0.633659     0.020245
     0.830956     0.633780     0.019010
     0.855379     0.633772     0.021882
     0.880622     0.634589     0.011326
     0.906199     0.634904     0.008507
     0.931562     0.635394     0.005740
     0.957333     0.635742     0.005381
     0.982524     0.636789     0.008435
     0.016489     0.659057     0.002760
     0.042239     0.659766     0.006431
     0.067468     0.659868     0.008565
     0.093003     0.660211     0.008747
     0.118391     0.660276     0.009791
     0.143934     0.660837     0.010523
     0.169640     0.660626     0.012602
     0.194983     0.660142     0.016738
     0.220047     0.660173     0.020491
     0.245220     0.659795     0.019867
     0.271508     0.659697     0.028305
     0.296964     0.658008     0.123526
     0.317765     0.660116     0.161155
     0.340477     0.654651     0.151771
     0.361799     0.654032     0.136780
     0.386400     0.652760     0.072657
     0.411301     0.653022     0.031667
     0.437215     0.652907     0.019504
     0.461725     0.653060     0.018062
     0.487613     0.652718     0.017836
     0.512386     0.652718     0.017835
     0.538274     0.653060     0.018060
     0.562785     0.652907     0.019514
     0.588699     0.653023     0.031667
     0.613600     0.652761     0.072702
     0.638198     0.654030     0.136797
     0.659522     0.654657     0.151764
     0.682232     0.660114     0.161151
     0.703036     0.658009     0.123453
     0.728492     0.659697     0.028303
     0.754780     0.659794     0.019869
     0.779952     0.660173     0.020497
     0.805016     0.660142     0.016736
     0.830359     0.660625     0.012600
     0.856066     0.660836     0.010523
     0.881609     0.660276     0.009792
     0.906996     0.660211     0.008747
     0.932532     0.659867     0.008566
     0.957761     0.659766     0.006430
     0.983510     0.659057     0.002762
     0.017297     0.687752     0.004580
     0.042715     0.686973     0.004290
     0.068407     0.686738     0.005066
     0.093861     0.686122     0.007366
     0.119303     0.685877     0.009674
     0.144596     0.685144     0.010867
     0.169844     0.685196     0.012316
     0.195147     0.685280     0.014534
     0.220464     0.685276     0.015204
     0.245788     0.684936     0.022873
     0.270229     0.685357     0.019203
     0.295853     0.685990     0.020689
     0.321829     0.685735     0.026569
     0.347965     0.683777     0.114052
     0.368529     0.684276     0.157603
     0.391560     0.680707     0.160664
     0.411033     0.679377     0.155445
     0.437524     0.678658     0.072201
     0.461591     0.678663     0.026462
     0.488353     0.678902     0.021122
     0.511647     0.678903     0.021122
     0.538410     0.678662     0.026470
     0.562475     0.678660     0.072244
     0.588965     0.679375     0.155422
     0.608440     0.680711     0.160671
     0.631467     0.684275     0.157619
     0.652036     0.683778     0.113956
     0.678172     0.685735     0.026573
     0.704147     0.685989     0.020692
     0.729771     0.685356     0.019199
     0.754212     0.684936     0.022876
     0.779536     0.685276     0.015207
     0.804853     0.685280     0.014536
     0.830155     0.685196     0.012317
     0.855403     0.685144     0.010866
     0.880696     0.685877     0.009672
     0.906138     0.686122     0.007368
     0.931592     0.686738     0.005069
     0.957285     0.686973     0.004290
     0.982702     0.687753     0.004579
     0.016877     0.710192     0.002792
     0.042509     0.710824     0.004819
     0.067908     0.710935     0.006447
     0.093417     0.711477     0.007392
     0.118885     0.711626     0.008384
     0.144380     0.712202     0.009331
     0.169875     0.712015     0.010990
     0.195239     0.711829     0.012328
     0.220622     0.711662     0.014240
     0.245864     0.711848     0.015327
     0.271443     0.711292     0.016799
     0.296515     0.710153     0.025861
     0.320960     0.710693     0.024106
     0.346095     0.711372     0.032399
     0.371439     0.711909     0.023299
     0.398180     0.709707     0.049705
     0.423505     0.709676     0.173105
     0.440782     0.706336     0.225620
     0.461419     0.704959     0.112651
     0.487408     0.704536     0.039674
     0.512593     0.704537     0.039745
     0.538577     0.704957     0.112596
     0.559221     0.706341     0.225591
     0.576493     0.709672     0.173143
     0.601820     0.709709     0.049652
     0.628561     0.711910     0.023301
     0.653904     0.711370     0.032402
     0.679039     0.710694     0.024109
     0.703485     0.710154     0.025857
     0.728556     0.711292     0.016801
     0.754136     0.711848     0.015330
     0.779378     0.711662     0.014236
     0.804761     0.711829     0.012329
     0.830125     0.712015     0.010991
     0.855620     0.712202     0.009329
     0.881115     0.711625     0.008384
     0.906582     0.711477     0.007394
     0.932092     0.710934     0.006448
     0.957491     0.710824     0.004819
     0.983122     0.710191     0.002793
     0.017119     0.738757     0.003130
     0.042658     0.738104     0.004132
     0.068217     0.737947     0.005234
     0.093706     0.737323     0.006707
     0.119179     0.737119     0.008191
     0.144580     0.736462     0.009870
     0.169969     0.736599     0.011056
     0.195320     0.736705     0.012272
     0.220676     0.736799     0.013659
     0.245959     0.736596     0.015000
     0.271215     0.736911     0.020007
     0.296305     0.738182     0.018171
     0.321904     0.737558     0.019703
     0.346847     0.736448     0.025978
     0.371934     0.736015     0.060706
     0.395501     0.732207     0.115306
     0.417284     0.738355     0.050828
     0.445969     0.743542     0.033025
     0.469286     0.733183     0.195237
     0.488449     0.731169     0.219790
     0.511549     0.731177     0.219761
     0.530715     0.733177     0.195179
     0.554034     0.743540     0.033035
     0.582715     0.738357     0.050893
     0.604497     0.732207     0.115254
     0.628067     0.736015     0.060665
     0.653153     0.736449     0.026006
     0.678096     0.737558     0.019704
     0.703695     0.738180     0.018169
     0.728785     0.736911     0.019997
     0.754042     0.736596     0.014998
     0.779323     0.736799     0.013662
     0.804680     0.736705     0.012273
     0.830031     0.736599     0.011055
     0.855419     0.736462     0.009868
     0.880821     0.737120     0.008196
     0.906293     0.737323     0.006708
     0.931782     0.737947     0.005235
     0.957341     0.738104     0.004133
     0.982881     0.738758     0.003127
     0.017119     0.761244     0.003131
     0.042658     0.761897     0.004131
     0.068217     0.762054     0.005233
     0.093706     0.762678     0.006712
     0.119178     0.762882     0.008197
     0.144580     0.763539     0.009872
     0.169968     0.763403     0.011055
     0.195319     0.763297     0.012274
     0.220675     0.763203     0.013656
     0.245958     0.763406     0.014999
     0.271213     0.763091     0.020008
     0.296303     0.761821     0.018172
     0.321902     0.762443     0.019705
     0.346846     0.763554     0.025975
     0.371933     0.763990     0.060528
     0.395510     0.767783     0.115489
     0.417268     0.761649     0.050892
     0.445974     0.756454     0.032947
     0.469274     0.766826     0.195160
     0.488460     0.768821     0.219854
     0.511537     0.768819     0.219817
     0.530724     0.766820     0.195218
     0.554020     0.756459     0.032994
     0.582728     0.761650     0.050772
     0.604491     0.767781     0.115477
     0.628064     0.763988     0.060530
     0.653154     0.763554     0.025942
     0.678097     0.762443     0.019706
     0.703697     0.761822     0.018172
     0.728786     0.763090     0.020013
     0.754042     0.763406     0.014995
     0.779324     0.763202     0.013658
     0.804680     0.763297     0.012270
     0.830032     0.763402     0.011057
     0.855420     0.763539     0.009874
     0.880821     0.762881     0.008196
     0.906293     0.762678     0.006711
     0.931782     0.762054     0.005235
     0.957341     0.761897     0.004131
     0.982881     0.761243     0.003131
     0.016877     0.789808     0.002790
     0.042508     0.789176     0.004815
     0.067908     0.789066     0.006445
     0.093417     0.788524     0.007391
     0.118885     0.788376     0.008382
     0.144381     0.787800     0.009329
     0.169876     0.787986     0.010992
     0.195240     0.788173     0.012330
     0.220623     0.788339     0.014239
     0.245864     0.788154     0.015329
     0.271445     0.788709     0.016799
     0.296515     0.789849     0.025874
     0.320960     0.789307     0.024114
     0.346096     0.788633     0.032364
     0.371439     0.788084     0.023299
     0.398178     0.790299     0.049637
     0.423510     0.790328     0.173071
     0.440782     0.793655     0.225628
     0.461424     0.795043     0.112518
     0.487411     0.795464     0.039819
     0.512591     0.795464     0.039879
     0.538574     0.795042     0.112606
     0.559217     0.793657     0.225598
     0.576490     0.790323     0.173044
     0.601822     0.790300     0.049662
     0.628559     0.788085     0.023299
     0.653904     0.788631     0.032349
     0.679039     0.789308     0.024110
     0.703485     0.789848     0.025866
     0.728555     0.788710     0.016802
     0.754135     0.788154     0.015327
     0.779377     0.788339     0.014237
     0.804760     0.788173     0.012329
     0.830124     0.787987     0.010992
     0.855619     0.787800     0.009330
     0.881115     0.788376     0.008382
     0.906582     0.788524     0.007394
     0.932092     0.789066     0.006444
     0.957491     0.789176     0.004817
     0.983123     0.789809     0.002794
     0.017297     0.812249     0.004579
     0.042715     0.813028     0.004289
     0.068407     0.813263     0.005069
     0.093861     0.813879     0.007369
     0.119302     0.814124     0.009675
     0.144596     0.814857     0.010867
     0.169843     0.814805     0.012317
     0.195146     0.814722     0.014535
     0.220462     0.814725     0.015205
     0.245787     0.815066     0.022879
     0.270227     0.814644     0.019204
     0.295853     0.814014     0.020694
     0.321825     0.814267     0.026578
     0.347965     0.816222     0.113876
     0.368535     0.815729     0.157640
     0.391560     0.819281     0.160624
     0.411040     0.820625     0.155394
     0.437525     0.821340     0.072312
     0.461591     0.821336     0.026485
     0.488351     0.821098     0.021118
     0.511649     0.821099     0.021125
     0.538409     0.821337     0.026485
     0.562477     0.821339     0.072324
     0.588959     0.820626     0.155443
     0.608437     0.819280     0.160619
     0.631465     0.815728     0.157623
     0.652035     0.816221     0.113880
     0.678175     0.814267     0.026582
     0.704147     0.814014     0.020694
     0.729772     0.814644     0.019201
     0.754213     0.815066     0.022878
     0.779537     0.814725     0.015205
     0.804853     0.814722     0.014535
     0.830156     0.814805     0.012316
     0.855404     0.814857     0.010867
     0.880697     0.814123     0.009673
     0.906139     0.813879     0.007369
     0.931593     0.813262     0.005068
     0.957285     0.813028     0.004290
     0.982702     0.812248     0.004579
     0.016489     0.840943     0.002761
     0.042238     0.840234     0.006425
     0.067468     0.840133     0.008563
     0.093003     0.839791     0.008743
     0.118391     0.839725     0.009789
     0.143934     0.839166     0.010523
     0.169641     0.839376     0.012600
     0.194983     0.839860     0.016735
     0.220048     0.839828     0.020496
     0.245220     0.840209     0.019872
     0.271507     0.840304     0.028293
     0.296963     0.841993     0.123369
     0.317772     0.839888     0.161126
     0.340479     0.845338     0.151747
     0.361807     0.845970     0.136763
     0.386401     0.847240     0.072786
     0.411300     0.846977     0.031696
     0.437214     0.847094     0.019504
     0.461727     0.846941     0.018061
     0.487614     0.847282     0.017842
     0.512386     0.847282     0.017829
     0.538274     0.846940     0.018057
     0.562786     0.847095     0.019513
     0.588700     0.846977     0.031698
     0.613600     0.847240     0.072809
     0.638192     0.845969     0.136786
     0.659520     0.845337     0.151759
     0.682227     0.839888     0.161124
     0.703037     0.841992     0.123347
     0.728493     0.840305     0.028300
     0.754779     0.840208     0.019873
     0.779951     0.839828     0.020494
     0.805016     0.839860     0.016733
     0.830359     0.839376     0.012599
     0.856065     0.839166     0.010523
     0.881609     0.839725     0.009790
     0.906996     0.839791     0.008745
     0.932532     0.840133     0.008563
     0.957761     0.840234     0.006425
     0.983511     0.840943     0.002761
     0.017474     0.863213     0.008436
     0.042666     0.864259     0.005380
     0.068436     0.864607     0.005742
     0.093800     0.865097     0.008508
     0.119376     0.865412     0.011324
     0.144620     0.866229     0.021888
     0.169041     0.866221     0.019012
     0.194495     0.866342     0.020247
     0.220113     0.866391     0.032474
     0.245872     0.867124     0.123735
     0.266933     0.865150     0.152734
     0.290252     0.871236     0.154084
     0.311065     0.871865     0.148841
     0.335719     0.872500     0.075223
     0.360104     0.872713     0.033858
     0.386524     0.872729     0.019079
     0.410840     0.872707     0.016450
     0.437064     0.872967     0.015515
     0.461533     0.872973     0.014956
     0.487805     0.872819     0.015008
     0.512196     0.872819     0.015007
     0.538468     0.872974     0.014955
     0.562937     0.872966     0.015513
     0.589160     0.872707     0.016449
     0.613476     0.872729     0.019084
     0.639896     0.872713     0.033871
     0.664282     0.872500     0.075244
     0.688934     0.871865     0.148855
     0.709748     0.871234     0.154093
     0.733066     0.865150     0.152743
     0.754128     0.867124     0.123721
     0.779886     0.866391     0.032480
     0.805504     0.866342     0.020248
     0.830957     0.866221     0.019006
     0.855380     0.866229     0.021880
     0.880623     0.865411     0.011326
     0.906200     0.865097     0.008507
     0.931563     0.864606     0.005741
     0.957334     0.864259     0.005376
     0.982525     0.863212     0.008434
     0.015813     0.892267     0.003217
     0.041730     0.891317     0.007203
     0.066979     0.891190     0.011484
     0.092481     0.891133     0.011833
     0.117537     0.891008     0.022843
     0.142696     0.891174     0.017661
     0.169321     0.890937     0.033227
     0.194841     0.891936     0.116392
     0.216806     0.890664     0.149758
     0.239347     0.897288     0.163087
     0.260209     0.897217     0.157957
     0.284179     0.898275     0.075813
     0.309407     0.898074     0.036198
     0.335219     0.898587     0.019249
     0.360293     0.898183     0.014875
     0.385844     0.898752     0.013763
     0.410990     0.898545     0.013270
     0.436639     0.898660     0.012726
     0.461792     0.898529     0.012659
     0.487419     0.898765     0.012239
     0.512581     0.898765     0.012239
     0.538208     0.898529     0.012659
     0.563361     0.898660     0.012725
     0.589010     0.898546     0.013271
     0.614156     0.898752     0.013762
     0.639707     0.898183     0.014876
     0.664781     0.898587     0.019250
     0.690593     0.898074     0.036203
     0.715821     0.898275     0.075832
     0.739791     0.897217     0.157966
     0.760653     0.897286     0.163088
     0.783194     0.890664     0.149769
     0.805159     0.891935     0.116379
     0.830679     0.890937     0.033239
     0.857304     0.891174     0.017664
     0.882462     0.891009     0.022838
     0.907519     0.891133     0.011836
     0.933020     0.891191     0.011485
     0.958270     0.891317     0.007203
     0.984187     0.892268     0.003216
     0.017850     0.914163     0.016039
     0.042707     0.915507     0.012264
     0.068095     0.916138     0.010570
     0.093402     0.916340     0.016346
     0.119560     0.917191     0.034220
     0.144795     0.918093     0.136637
     0.165662     0.916843     0.172395
     0.188059     0.922839     0.178092
     0.208293     0.923027     0.162173
     0.232830     0.923841     0.074710
     0.258078     0.923904     0.036159
     0.284202     0.924052     0.017070
     0.309060     0.923950     0.013992
     0.334845     0.924097     0.012456
     0.359803     0.924202     0.011861
     0.385721     0.924188     0.011427
     0.410722     0.924199     0.010946
     0.436619     0.924340     0.010847
     0.461579     0.924366     0.010374
     0.487500     0.924264     0.010363
     0.512500     0.924263     0.010365
     0.538421     0.924366     0.010377
     0.563381     0.924339     0.010844
     0.589278     0.924199     0.010946
     0.614279     0.924188     0.011428
     0.640197     0.924203     0.011859
     0.665156     0.924096     0.012457
     0.690940     0.923951     0.013994
     0.715798     0.924051     0.017068
     0.741923     0.923904     0.036163
     0.767170     0.923841     0.074723
     0.791706     0.923028     0.162175
     0.811941     0.922838     0.178091
     0.834337     0.916843     0.172402
     0.855205     0.918092     0.136626
     0.880440     0.917190     0.034227
     0.906598     0.916340     0.016347
     0.931905     0.916137     0.010570
     0.957293     0.915506     0.012263
     0.982149     0.914162     0.016040
     0.014787     0.943943     0.004872
     0.040625     0.942781     0.011460
     0.066825     0.942236     0.044711
     0.092018     0.943040     0.144813
     0.113490     0.941721     0.170245
     0.135734     0.949029     0.174165
     0.156671     0.948681     0.159950
     0.181194     0.949496     0.072396
     0.206950     0.949360     0.029208
     0.232801     0.949680     0.014369
     0.257989     0.949263     0.012295
     0.283467     0.949731     0.011227
     0.308844     0.949568     0.010799
     0.334428     0.949932     0.010148
     0.359844     0.949642     0.009897
     0.385360     0.950030     0.009283
     0.410776     0.949866     0.009048
     0.436293     0.950001     0.008672
     0.461776     0.949887     0.008648
     0.487281     0.950040     0.008564
     0.512719     0.950040     0.008562
     0.538224     0.949887     0.008648
     0.563707     0.950001     0.008674
     0.589224     0.949866     0.009047
     0.614640     0.950030     0.009281
     0.640156     0.949641     0.009894
     0.665572     0.949933     0.010150
     0.691156     0.949568     0.010800
     0.716533     0.949731     0.011227
     0.742011     0.949263     0.012297
     0.767199     0.949680     0.014369
     0.793050     0.949360     0.029209
     0.818806     0.949496     0.072406
     0.843329     0.948682     0.159953
     0.864266     0.949027     0.174162
     0.886510     0.941722     0.170259
     0.907982     0.943040     0.144807
     0.933175     0.942237     0.044717
     0.959374     0.942781     0.011458
     0.985213     0.943943     0.004870
     0.018264     0.965208     0.014821
     0.044122     0.966939     0.142582
     0.064222     0.967659     0.187925
     0.085250     0.974449     0.193778
     0.105286     0.974111     0.164424
     0.129777     0.974878     0.060077
     0.155768     0.975022     0.025359
     0.181467     0.975070     0.012962
     0.206740     0.974897     0.011927
     0.232153     0.975171     0.010817
     0.257596     0.975288     0.010286
     0.283207     0.975337     0.009733
     0.308594     0.975311     0.009005
     0.334209     0.975359     0.008553
     0.359568     0.975478     0.007964
     0.385225     0.975437     0.007674
     0.410621     0.975489     0.007475
     0.436285     0.975535     0.007309
     0.461641     0.975579     0.007322
     0.487298     0.975519     0.007239
     0.512702     0.975518     0.007243
     0.538359     0.975580     0.007322
     0.563715     0.975534     0.007308
     0.589380     0.975489     0.007478
     0.614775     0.975437     0.007675
     0.640433     0.975478     0.007964
     0.665792     0.975359     0.008555
     0.691406     0.975311     0.009004
     0.716793     0.975337     0.009734
     0.742404     0.975288     0.010286
     0.767847     0.975171     0.010815
     0.793260     0.974897     0.011923
     0.818534     0.975069     0.012964
     0.844233     0.975022     0.025365
     0.870223     0.974878     0.060085
     0.894714     0.974111     0.164430
     0.914751     0.974448     0.193776
     0.935777     0.967658     0.187932
     0.955878     0.966939     0.142572
     0.981736     0.965207     0.014828
     0.011722     0.995457     0.225619
     0.031191     1.000019     0.225435
     0.052603     1.000486     0.164271
     0.077771     1.000630     0.071630
     0.104173     1.000648     0.024319
     0.129897     1.000612     0.011025
     0.155254     1.000458     0.009922
     0.180660     1.000768     0.011022
     0.206259     1.000694     0.008970
     0.231773     1.000935     0.008019
     0.257393     1.000608     0.007861
     0.282822     1.000972     0.007034
     0.308475     1.000807     0.006997
     0.333895     1.001118     0.006514
     0.359575     1.000884     0.006447
     0.385001     1.001173     0.006263
     0.410643     1.001036     0.006098
     0.436075     1.001166     0.006073
     0.461741     1.001086     0.005914
     0.487188     1.001181     0.005933
     0.512812     1.001181     0.005937
     0.538259     1.001086     0.005913
     0.563925     1.001166     0.006074
     0.589357     1.001037     0.006097
     0.615000     1.001173     0.006261
     0.640426     1.000884     0.006447
     0.666105     1.001118     0.006517
     0.691525     1.000807     0.007000
     0.717178     1.000972     0.007033
     0.742607     1.000608     0.007858
     0.768228     1.000935     0.008017
     0.793741     1.000694     0.008974
     0.819340     1.000768     0.011024
     0.844746     1.000458     0.009921
     0.870103     1.000611     0.011024
     0.895827     1.000649     0.024326
     0.922229     1.000630     0.071628
     0.947397     1.000486     0.164284
     0.968809     1.000018     0.225442
     0.988277     0.995458     0.225634
     0.001486     1.025115     0.129825
     0.025637     1.025713     0.038130
     0.053286     1.025889     0.002898
     0.078056     1.025759     0.003394
     0.104224     1.025685     0.002546
     0.129054     1.026086     0.005413
     0.155123     1.026224     0.002851
     0.180349     1.026263     0.004327
     0.206165     1.026186     0.002621
     0.231528     1.026315     0.003375
     0.257209     1.026454     0.002765
     0.282660     1.026457     0.002968
     0.308295     1.026488     0.002832
     0.333795     1.026489     0.002662
     0.359406     1.026589     0.002720
     0.384907     1.026564     0.002465
     0.410548     1.026613     0.002589
     0.436054     1.026635     0.002426
     0.461675     1.026665     0.002506
     0.487175     1.026639     0.002458
     0.512825     1.026639     0.002458
     0.538326     1.026666     0.002504
     0.563946     1.026635     0.002430
     0.589452     1.026613     0.002587
     0.615093     1.026563     0.002465
     0.640594     1.026589     0.002719
     0.666205     1.026489     0.002660
     0.691706     1.026488     0.002834
     0.717340     1.026457     0.002970
     0.742791     1.026455     0.002765
     0.768472     1.026315     0.003372
     0.793836     1.026186     0.002623
     0.819651     1.026263     0.004325
     0.844877     1.026224     0.002851
     0.870945     1.026086     0.005418
     0.895777     1.025685     0.002545
     0.921944     1.025759     0.003393
     0.946714     1.025890     0.002895
     0.974363     1.025713     0.038137
     0.998514     1.025115     0.129824
     0.001761     1.051214     0.006399
     0.027421     1.051516     0.002107
     0.052765     1.051234     0.005303
     0.078009     1.051833     0.005721
     0.103724     1.051526     0.004842
     0.129109     1.051878     0.003171
     0.154919     1.051419     0.002129
     0.180273     1.051927     0.002644
     0.206056     1.051650     0.001929
     0.231400     1.052014     0.002777
     0.257176     1.051664     0.001899
     0.282569     1.052024     0.002511
     0.308306     1.051833     0.001852
     0.333711     1.052113     0.002255
     0.359434     1.051928     0.001926
     0.384867     1.052148     0.002095
     0.410561     1.052040     0.001954
     0.435999     1.052153     0.001953
     0.461711     1.052095     0.001910
     0.487154     1.052157     0.001881
     0.512846     1.052157     0.001884
     0.538289     1.052095     0.001908
     0.564001     1.052153     0.001952
     0.589439     1.052040     0.001951
     0.615134     1.052149     0.002094
     0.640566     1.051928     0.001931
     0.666289     1.052113     0.002254
     0.691694     1.051833     0.001848
     0.717431     1.052024     0.002512
     0.742825     1.051665     0.001899
     0.768600     1.052013     0.002777
     0.793944     1.051650     0.001931
     0.819727     1.051927     0.002643
     0.845081     1.051419     0.002127
     0.870892     1.051877     0.003171
     0.896276     1.051526     0.004841
     0.921991     1.051833     0.005724
     0.947235     1.051234     0.005304
     0.972579     1.051516     0.002108
     0.998239     1.051214     0.006396
     0.000723     1.076309     0.002019
     0.026332     1.076602     0.000000
     0.052168     1.076992     0.000000
     0.077771     1.076929     0.000000
     0.103556     1.076894     0.001413
     0.128965     1.077090     0.000969
     0.154757     1.077185     0.002123
     0.180087     1.077278     0.001958
     0.205905     1.077219     0.001934
     0.231263     1.077364     0.001930
     0.257050     1.077407     0.001494
     0.282416     1.077474     0.001924
     0.308182     1.077464     0.001405
     0.333599     1.077503     0.001898
     0.359333     1.077548     0.001372
     0.384769     1.077555     0.001683
     0.410502     1.077588     0.001316
     0.435959     1.077601     0.001459
     0.461674     1.077624     0.001314
     0.487136     1.077610     0.001351
     0.512865     1.077610     0.001354
     0.538326     1.077624     0.001313
     0.564041     1.077601     0.001460
     0.589498     1.077588     0.001316
     0.615231     1.077555     0.001680
     0.640667     1.077549     0.001372
     0.666401     1.077502     0.001901
     0.691818     1.077465     0.001406
     0.717584     1.077474     0.001922
     0.742950     1.077407     0.001492
     0.768737     1.077364     0.001931
     0.794095     1.077219     0.001933
     0.819913     1.077278     0.001957
     0.845243     1.077185     0.002126
     0.871034     1.077090     0.000968
     0.896444     1.076894     0.001410
     0.922229     1.076929     0.000000
     0.947832     1.076992     0.000000
     0.973668     1.076602     0.000000
     0.999278     1.076309     0.002020
     0.001274     1.102261     0.003939
     0.026742     1.102304     0.001522
     0.052328     1.102249     0.000200
     0.077880     1.102622     0.000656
     0.103431     1.102566     0.002151
     0.128928     1.102770     0.001917
     0.154560     1.102526     0.001888
     0.180082     1.102876     0.001005
     0.205767     1.102661     0.001307
     0.231225     1.102972     0.000931
     0.256966     1.102680     0.001240
     0.282408     1.103009     0.001183
     0.308156     1.102799     0.001096
     0.333576     1.103082     0.001207
     0.359325     1.102890     0.000887
     0.384767     1.103104     0.001151
     0.410495     1.102981     0.000815
     0.435952     1.103100     0.001060
     0.461675     1.103039     0.000824
     0.487146     1.103090     0.000916
     0.512854     1.103090     0.000919
     0.538325     1.103039     0.000824
     0.564048     1.103100     0.001058
     0.589505     1.102981     0.000816
     0.615233     1.103104     0.001151
     0.640675     1.102890     0.000886
     0.666424     1.103082     0.001207
     0.691844     1.102799     0.001097
     0.717592     1.103009     0.001182
     0.743035     1.102680     0.001239
     0.768775     1.102972     0.000933
     0.794233     1.102662     0.001305
     0.819918     1.102876     0.001004
     0.845440     1.102527     0.001888
     0.871072     1.102770     0.001915
     0.896569     1.102567     0.002153
     0.922120     1.102622     0.000657
     0.947672     1.102249     0.000198
     0.973258     1.102304     0.001524
     0.998726     1.102261     0.003939
     0.000531     1.127409     0.001768
     0.026194     1.127648     0.001203
     0.051817     1.127865     0.000000
     0.077480     1.127888     0.000000
     0.103152     1.127990     0.000000
     0.128778     1.128069     0.000000
     0.154418     1.128198     0.000439
     0.179963     1.128185     0.000183
     0.205646     1.128251     0.000920
     0.231152     1.128282     0.000594
     0.256850     1.128380     0.000981
     0.282306     1.128399     0.000589
     0.308043     1.128426     0.000806
     0.333494     1.128449     0.000587
     0.359253     1.128473     0.000663
     0.384688     1.128499     0.000592
     0.410462     1.128506     0.000520
     0.435900     1.128533     0.000526
     0.461670     1.128533     0.000442
     0.487111     1.128536     0.000464
     0.512889     1.128536     0.000462
     0.538330     1.128533     0.000443
     0.564100     1.128533     0.000528
     0.589538     1.128506     0.000519
     0.615312     1.128499     0.000590
     0.640747     1.128474     0.000665
     0.666506     1.128448     0.000587
     0.691957     1.128426     0.000806
     0.717694     1.128399     0.000588
     0.743150     1.128379     0.000982
     0.768848     1.128282     0.000594
     0.794355     1.128251     0.000919
     0.820037     1.128185     0.000183
     0.845582     1.128198     0.000438
     0.871222     1.128069     0.000000
     0.896848     1.127990     0.000000
     0.922520     1.127888     0.000000
     0.948183     1.127865     0.000000
     0.973806     1.127648     0.001202
     0.999469     1.127409     0.001770
     0.000920     1.153268     0.002856
     0.026410     1.153266     0.001644
     0.052029     1.153236     0.001081
     0.077568     1.153491     0.000102
     0.103188     1.153479     0.000000
     0.128730     1.153649     0.000042
     0.154379     1.153535     0.000269
     0.179937     1.153753     0.000543
     0.205563     1.153653     0.000368
     0.231118     1.153854     0.000312
     0.256768     1.153692     0.000336
     0.282332     1.153901     0.000183
     0.307993     1.153771     0.000367
     0.333528     1.153965     0.000101
     0.359207     1.153840     0.000325
     0.384730     1.153994     0.000028
     0.410426     1.153902     0.000245
     0.435932     1.153996     0.000036
     0.461646     1.153947     0.000175
     0.487143     1.153985     0.000096
     0.512857     1.153985     0.000096
     0.538354     1.153947     0.000175
     0.564068     1.153996     0.000036
     0.589574     1.153902     0.000247
     0.615270     1.153994     0.000028
     0.640793     1.153840     0.000324
     0.666472     1.153965     0.000101
     0.692007     1.153772     0.000367
     0.717668     1.153901     0.000183
     0.743232     1.153693     0.000337
     0.768882     1.153854     0.000312
     0.794437     1.153653     0.000367
     0.820063     1.153753     0.000544
     0.845621     1.153535     0.000268
     0.871270     1.153649     0.000041
     0.896812     1.153479     0.000000
     0.922433     1.153491     0.000101
     0.947971     1.153236     0.001083
     0.973590     1.153266     0.001646
     0.999080     1.153268     0.002853
     0.000409     1.178482     0.001309
     0.026066     1.178677     0.001235
     0.051640     1.178833     0.000590
     0.077290     1.178843     0.000000
     0.102947     1.178947     0.000000
     0.128580     1.178992     0.000000
     0.154225     1.179123     0.000000
     0.179804     1.179119     0.000000
     0.205474     1.179200     0.000000
     0.231034     1.179196     0.000000
     0.256711     1.179304     0.000000
     0.282235     1.179284     0.000000
     0.307932     1.179358     0.000000
     0.333449     1.179329     0.000000
     0.359167     1.179395     0.000000
     0.384668     1.179372     0.000000
     0.410402     1.179417     0.000000
     0.435896     1.179405     0.000000
     0.461637     1.179428     0.000000
     0.487126     1.179421     0.000000
     0.512874     1.179421     0.000000
     0.538363     1.179428     0.000000
     0.564104     1.179405     0.000000
     0.589598     1.179417     0.000000
     0.615332     1.179372     0.000000
     0.640834     1.179395     0.000000
     0.666551     1.179329     0.000000
     0.692068     1.179359     0.000000
     0.717765     1.179284     0.000000
     0.743289     1.179304     0.000000
     0.768966     1.179196     0.000000
     0.794527     1.179200     0.000000
     0.820196     1.179119     0.000000
     0.845775     1.179123     0.000000
     0.871420     1.178992     0.000000
     0.897053     1.178947     0.000000
     0.922710     1.178843     0.000000
     0.948360     1.178833     0.000590
     0.973935     1.178677     0.001236
     0.999591     1.178483     0.001306
     0.000655     1.204256     0.002214
     0.026175     1.204251     0.001164
     0.051823     1.204243     0.000726
     0.077375     1.204390     0.000242
     0.103003     1.204403     0.000000
     0.128567     1.204536     0.000000
     0.154214     1.204480     0.000000
     0.179798     1.204640     0.000000
     0.205437     1.204580     0.000000
     0.231013     1.204731     0.000000
     0.256661     1.204631     0.000000
     0.282249     1.204780     0.000000
     0.307899     1.204695     0.000000
     0.333479     1.204831     0.000000
     0.359130     1.204752     0.000000
     0.384709     1.204859     0.000000
     0.410362     1.204800     0.000000
     0.435939     1.204865     0.000000
     0.461596     1.204834     0.000000
     0.487172     1.204859     0.000000
     0.512828     1.204859     0.000000
     0.538404     1.204834     0.000000
     0.564061     1.204865     0.000000
     0.589638     1.204800     0.000000
     0.615291     1.204859     0.000000
     0.640870     1.204752     0.000000
     0.666521     1.204831     0.000000
     0.692101     1.204695     0.000000
     0.717751     1.204780     0.000000
     0.743339     1.204631     0.000000
     0.768987     1.204731     0.000000
     0.794563     1.204581     0.000000
     0.820202     1.204640     0.000000
     0.845786     1.204481     0.000000
     0.871433     1.204536     0.000000
     0.896997     1.204403     0.000000
     0.922625     1.204390     0.000242
     0.948177     1.204243     0.000729
     0.973825     1.204251     0.001164
     0.999345     1.204256     0.002209
     0.000311     1.229535     0.000865
     0.025960     1.229674     0.000843
     0.051537     1.229789     0.000509
     0.077178     1.229812     0.000095
     0.102811     1.229892     0.000000
     0.128450     1.229919     0.000000
     0.154088     1.230031     0.000000
     0.179694     1.230025     0.000000
     0.205350     1.230114     0.000000
     0.230942     1.230097     0.000000
     0.256607     1.230198     0.000000
     0.282171     1.230170     0.000000
     0.307852     1.230249     0.000000
     0.333406     1.230213     0.000000
     0.359103     1.230280     0.000000
     0.384646     1.230250     0.000000
     0.410356     1.230297     0.000000
     0.435891     1.230279     0.000000
     0.461608     1.230303     0.000000
     0.487139     1.230295     0.000000
     0.512861     1.230295     0.000000
     0.538392     1.230303     0.000000
     0.564109     1.230278     0.000000
     0.589644     1.230297     0.000000
     0.615354     1.230249     0.000000
     0.640897     1.230280     0.000000
     0.666594     1.230213     0.000000
     0.692148     1.230249     0.000000
     0.717829     1.230170     0.000000
     0.743393     1.230198     0.000000
     0.769058     1.230097     0.000000
     0.794650     1.230114     0.000000
     0.820306     1.230025     0.000000
     0.845913     1.230031     0.000000
     0.871550     1.229919     0.000000
     0.897189     1.229892     0.000000
     0.922822     1.229812     0.000091
     0.948463     1.229789     0.000505
     0.974040     1.229674     0.000848
     0.999689     1.229535     0.000869
     0.000469     1.255226     0.001548
     0.026018     1.255224     0.000833
     0.051664     1.255226     0.000441
     0.077240     1.255312     0.000098
     0.102876     1.255335     0.000000
     0.128452     1.255433     0.000000
     0.154097     1.255411     0.000000
     0.179692     1.255527     0.000000
     0.205332     1.255495     0.000000
     0.230929     1.255606     0.000000
     0.256571     1.255547     0.000000
     0.282182     1.255654     0.000000
     0.307821     1.255599     0.000000
     0.333434     1.255697     0.000000
     0.359068     1.255646     0.000000
     0.384685     1.255722     0.000000
     0.410315     1.255683     0.000000
     0.435935     1.255730     0.000000
     0.461565     1.255709     0.000000
     0.487186     1.255727     0.000000
     0.512814     1.255727     0.000000
     0.538435     1.255709     0.000000
     0.564065     1.255730     0.000000
     0.589685     1.255683     0.000000
     0.615315     1.255722     0.000000
     0.640932     1.255646     0.000000
     0.666566     1.255697     0.000000
     0.692179     1.255599     0.000000
     0.717818     1.255654     0.000000
     0.743429     1.255547     0.000000
     0.769071     1.255606     0.000000
     0.794668     1.255495     0.000000
     0.820308     1.255527     0.000000
     0.845903     1.255411     0.000000
     0.871548     1.255433     0.000000
     0.897124     1.255335     0.000000
     0.922759     1.255312     0.000097
     0.948337     1.255226     0.000438
     0.973982     1.255224     0.000835
     0.999531     1.255226     0.001547
     0.000237     1.280557     0.000495
     0.025881     1.280654     0.000493
     0.051472     1.280738     0.000364
     0.077104     1.280765     0.000188
     0.102723     1.280832     0.000000
     0.128365     1.280849     0.000000
     0.153993     1.280939     0.000000
     0.179615     1.280933     0.000000
     0.205259     1.281014     0.000000
     0.230871     1.280996     0.000000
     0.256527     1.281081     0.000000
     0.282119     1.281055     0.000000
     0.307788     1.281124     0.000000
     0.333370     1.281093     0.000000
     0.359053     1.281150     0.000000
     0.384625     1.281123     0.000000
     0.410320     1.281164     0.000000
     0.435885     1.281147     0.000000
     0.461586     1.281168     0.000000
     0.487148     1.281161     0.000000
     0.512852     1.281161     0.000000
     0.538414     1.281168     0.000000
     0.564115     1.281146     0.000000
     0.589680     1.281164     0.000000
     0.615375     1.281123     0.000000
     0.640947     1.281150     0.000000
     0.666630     1.281093     0.000000
     0.692213     1.281124     0.000000
     0.717881     1.281055     0.000000
     0.743473     1.281081     0.000000
     0.769129     1.280996     0.000000
     0.794741     1.281014     0.000000
     0.820385     1.280933     0.000000
     0.846008     1.280939     0.000000
     0.871635     1.280849     0.000000
     0.897277     1.280832     0.000000
     0.922896     1.280765     0.000189
     0.948528     1.280738     0.000367
     0.974119     1.280654     0.000491
     0.999763     1.280557     0.000488
     0.000340     1.306180     0.001085
     0.025909     1.306180     0.000604
     0.051548     1.306189     0.000277
     0.077143     1.306246     0.000000
     0.102782     1.306268     0.000000
     0.128369     1.306341     0.000000
     0.154010     1.306337     0.000000
     0.179613     1.306419     0.000000
     0.205253     1.306403     0.000000
     0.230864     1.306483     0.000000
     0.256502     1.306450     0.000000
     0.282128     1.306525     0.000000
     0.307761     1.306491     0.000000
     0.333395     1.306560     0.000000
     0.359021     1.306527     0.000000
     0.384661     1.306581     0.000000
     0.410282     1.306556     0.000000
     0.435926     1.306589     0.000000
     0.461545     1.306575     0.000000
     0.487192     1.306587     0.000000
     0.512809     1.306587     0.000000
     0.538455     1.306575     0.000000
     0.564074     1.306589     0.000000
     0.589718     1.306556     0.000000
     0.615339     1.306581     0.000000
     0.640979     1.306528     0.000000
     0.666605     1.306560     0.000000
     0.692239     1.306491     0.000000
     0.717872     1.306525     0.000000
     0.743498     1.306450     0.000000
     0.769136     1.306483     0.000000
     0.794748     1.306403     0.000000
     0.820387     1.306419     0.000000
     0.845990     1.306337     0.000000
     0.871631     1.306341     0.000000
     0.897218     1.306268     0.000000
     0.922857     1.306246     0.000000
     0.948452     1.306189     0.000271
     0.974091     1.306180     0.000599
     0.999660     1.306180     0.001085
     0.000185     1.331557     0.000264
     0.025826     1.331622     0.000328
     0.051425     1.331682     0.000292
     0.077053     1.331705     0.000220
     0.102664     1.331769     0.000000
     0.128304     1.331781     0.000000
     0.153926     1.331849     0.000000
     0.179558     1.331845     0.000000
     0.205194     1.331907     0.000000
     0.230819     1.331894     0.000000
     0.256468     1.331957     0.000000
     0.282079     1.331937     0.000000
     0.307740     1.331991     0.000000
     0.333342     1.331968     0.000000
     0.359015     1.332011     0.000000
     0.384610     1.331991     0.000000
     0.410292     1.332022     0.000000
     0.435881     1.332009     0.000000
     0.461569     1.332025     0.000000
     0.487155     1.332020     0.000000
     0.512845     1.332020     0.000000
     0.538431     1.332025     0.000000
     0.564119     1.332009     0.000000
     0.589708     1.332022     0.000000
     0.615390     1.331991     0.000000
     0.640985     1.332011     0.000000
     0.666658     1.331967     0.000000
     0.692260     1.331991     0.000000
     0.717921     1.331937     0.000000
     0.743532     1.331957     0.000000
     0.769181     1.331894     0.000000
     0.794806     1.331907     0.000000
     0.820442     1.331845     0.000000
     0.846074     1.331849     0.000000
     0.871696     1.331781     0.000000
     0.897336     1.331769     0.000000
     0.922947     1.331705     0.000224
     0.948575     1.331682     0.000292
     0.974174     1.331622     0.000325
     0.999815     1.331557     0.000262
     0.000253     1.357122     0.000850
     0.025834     1.357126     0.000500
     0.051470     1.357140     0.000294
     0.077069     1.357184     0.000131
     0.102705     1.357205     0.000000
     0.128304     1.357257     0.000000
     0.153941     1.357260     0.000000
     0.179555     1.357315     0.000000
     0.205192     1.357309     0.000000
     0.230816     1.357362     0.000000
     0.256451     1.357345     0.000000
     0.282088     1.357395     0.000000
     0.307719     1.357375     0.000000
     0.333364     1.357421     0.000000
     0.358989     1.357401     0.000000
     0.384640     1.357437     0.000000
     0.410260     1.357421     0.000000
     0.435917     1.357444     0.000000
     0.461533     1.357435     0.000000
     0.487192     1.357443     0.000000
     0.512808     1.357443     0.000000
     0.538467     1.357435     0.000000
     0.564083     1.357444     0.000000
     0.589740     1.357421     0.000000
     0.615360     1.357437     0.000000
     0.641011     1.357401     0.000000
     0.666636     1.357421     0.000000
     0.692281     1.357375     0.000000
     0.717912     1.357395     0.000000
     0.743549     1.357345     0.000000
     0.769184     1.357362     0.000000
     0.794808     1.357309     0.000000
     0.820445     1.357315     0.000000
     0.846059     1.357260     0.000000
     0.871696     1.357257     0.000000
     0.897295     1.357205     0.000000
     0.922931     1.357184     0.000133
     0.948530     1.357140     0.000296
     0.974166     1.357126     0.000501
     0.999747     1.357122     0.000849
     0.000150     1.382543     0.000152
     0.025791     1.382579     0.000367
     0.051389     1.382627     0.000478
     0.077011     1.382652     0.000407
     0.102617     1.382704     0.000000
     0.128258     1.382714     0.000000
     0.153879     1.382758     0.000000
     0.179516     1.382756     0.000000
     0.205150     1.382797     0.000000
     0.230783     1.382789     0.000000
     0.256428     1.382830     0.000000
     0.282053     1.382818     0.000000
     0.307707     1.382854     0.000000
     0.333325     1.382838     0.000000
     0.358989     1.382868     0.000000
     0.384601     1.382854     0.000000
     0.410273     1.382875     0.000000
     0.435880     1.382866     0.000000
     0.461556     1.382877     0.000000
     0.487161     1.382874     0.000000
     0.512839     1.382874     0.000000
     0.538444     1.382877     0.000000
     0.564120     1.382866     0.000000
     0.589727     1.382875     0.000000
     0.615399     1.382854     0.000000
     0.641011     1.382868     0.000000
     0.666675     1.382838     0.000000
     0.692293     1.382854     0.000000
     0.717947     1.382818     0.000000
     0.743572     1.382830     0.000000
     0.769217     1.382789     0.000000
     0.794850     1.382797     0.000000
     0.820484     1.382756     0.000000
     0.846122     1.382758     0.000000
     0.871742     1.382714     0.000000
     0.897383     1.382704     0.000001
     0.922989     1.382652     0.000411
     0.948611     1.382627     0.000483
     0.974208     1.382579     0.000373
     0.999849     1.382543     0.000150
     0.000201     1.408053     0.000902
     0.025784     1.408068     0.000769
     0.051412     1.408094     0.000687
     0.077003     1.408137     0.000415
     0.102634     1.408145     0.000000
     0.128251     1.408176     0.000000
     0.153886     1.408181     0.000000
     0.179512     1.408212     0.000000
     0.205148     1.408211     0.000000
     0.230782     1.408242     0.000000
     0.256417     1.408234     0.000000
     0.282060     1.408263     0.000000
     0.307692     1.408254     0.000000
     0.333342     1.408280     0.000000
     0.358970     1.408270     0.000000
     0.384625     1.408291     0.000000
     0.410249     1.408283     0.000000
     0.435908     1.408296     0.000000
     0.461529     1.408291     0.000000
     0.487190     1.408296     0.000000
     0.512810     1.408296     0.000000
     0.538471     1.408291     0.000000
     0.564092     1.408296     0.000000
     0.589752     1.408283     0.000000
     0.615375     1.408291     0.000000
     0.641030     1.408270     0.000000
     0.666658     1.408280     0.000000
     0.692308     1.408254     0.000000
     0.717940     1.408263     0.000000
     0.743583     1.408234     0.000000
     0.769218     1.408242     0.000000
     0.794852     1.408211     0.000000
     0.820488     1.408212     0.000000
     0.846114     1.408181     0.000000
     0.871749     1.408176     0.000000
     0.897366     1.408145     0.000000
     0.922997     1.408137     0.000417
     0.948589     1.408094     0.000692
     0.974216     1.408068     0.000775
     0.999799     1.408053     0.000898
     0.000125     1.433526     0.000367
     0.025764     1.433540     0.001136
     0.051334     1.433595     0.000988
     0.076961     1.433618     0.000103
     0.102584     1.433636     0.000000
     0.128218     1.433643     0.000000
     0.153851     1.433663     0.000000
     0.179488     1.433663     0.000000
     0.205127     1.433684     0.000000
     0.230763     1.433680     0.000000
     0.256408     1.433701     0.000000
     0.282040     1.433695     0.000000
     0.307690     1.433714     0.000000
     0.333319     1.433706     0.000000
     0.358975     1.433721     0.000000
     0.384601     1.433714     0.000000
     0.410261     1.433725     0.000000
     0.435884     1.433721     0.000000
     0.461547     1.433726     0.000000
     0.487168     1.433725     0.000000
     0.512832     1.433725     0.000000
     0.538453     1.433726     0.000000
     0.564116     1.433721     0.000000
     0.589739     1.433725     0.000000
     0.615399     1.433714     0.000000
     0.641025     1.433721     0.000000
     0.666681     1.433706     0.000000
     0.692310     1.433714     0.000000
     0.717960     1.433695     0.000000
     0.743592     1.433701     0.000000
     0.769237     1.433680     0.000000
     0.794874     1.433684     0.000000
     0.820513     1.433663     0.000000
     0.846149     1.433663     0.000000
     0.871782     1.433643     0.000000
     0.897416     1.433636     0.000000
     0.923039     1.433618     0.000101
     0.948666     1.433595     0.000991
     0.974236     1.433540     0.001141
     0.999875     1.433525     0.000367
     0.000161     1.458983     0.002042
     0.025724     1.459049     0.001932
     0.051313     1.459083     0.000608
     0.076953     1.459069     0.000000
     0.102581     1.459084     0.000000
     0.128216     1.459089     0.000000
     0.153851     1.459096     0.000000
     0.179488     1.459106     0.000000
     0.205125     1.459109     0.000000
     0.230765     1.459121     0.000000
     0.256403     1.459119     0.000000
     0.282047     1.459131     0.000000
     0.307683     1.459128     0.000000
     0.333331     1.459139     0.000000
     0.358965     1.459136     0.000000
     0.384616     1.459144     0.000000
     0.410247     1.459141     0.000000
     0.435901     1.459147     0.000000
     0.461530     1.459145     0.000000
     0.487186     1.459147     0.000000
     0.512814     1.459147     0.000000
     0.538470     1.459145     0.000000
     0.564099     1.459147     0.000000
     0.589753     1.459141     0.000000
     0.615384     1.459144     0.000000
     0.641035     1.459136     0.000000
     0.666669     1.459139     0.000000
     0.692317     1.459128     0.000000
     0.717953     1.459131     0.000000
     0.743597     1.459119     0.000000
     0.769235     1.459121     0.000000
     0.794875     1.459109     0.000000
     0.820512     1.459106     0.000000
     0.846149     1.459096     0.000000
     0.871784     1.459089     0.000000
     0.897419     1.459084     0.000000
     0.923047     1.459069     0.000000
     0.948686     1.459083     0.000603
     0.974276     1.459049     0.001931
     0.999839     1.458983     0.002046
     0.000040     1.484549     0.002859
     0.025621     1.484567     0.000691
     0.051298     1.484553     0.000000
     0.076919     1.484558     0.000000
     0.102567     1.484560     0.000000
     0.128200     1.484561     0.000000
     0.153843     1.484564     0.000000
     0.179482     1.484564     0.000000
     0.205123     1.484568     0.000000
     0.230764     1.484567     0.000000
     0.256406     1.484570     0.000000
     0.282046     1.484570     0.000000
     0.307689     1.484573     0.000000
     0.333328     1.484572     0.000000
     0.358972     1.484574     0.000000
     0.384611     1.484573     0.000000
     0.410256     1.484575     0.000000
     0.435894     1.484575     0.000000
     0.461539     1.484575     0.000000
     0.487177     1.484575     0.000000
     0.512823     1.484575     0.000000
     0.538461     1.484575     0.000000
     0.564106     1.484575     0.000000
     0.589744     1.484575     0.000000
     0.615389     1.484573     0.000000
     0.641028     1.484574     0.000000
     0.666672     1.484572     0.000000
     0.692311     1.484573     0.000000
     0.717954     1.484570     0.000000
     0.743594     1.484570     0.000000
     0.769236     1.484567     0.000000
     0.794877     1.484568     0.000000
     0.820518     1.484564     0.000000
     0.846157     1.484564     0.000000
     0.871800     1.484561     0.000000
     0.897433     1.484560     0.000000
     0.923082     1.484558     0.000000
     0.948702     1.484553     0.000000
     0.974379     1.484567     0.000685
     0.999960     1.484549     0.002858
     0.000000     1.510000     0.000000
     0.025641     1.510000     0.000000
     0.051282     1.510000     0.000000
     0.076923     1.510000     0.000000
     0.102564     1.510000     0.000000
     0.128205     1.510000     0.000000
     0.153846     1.510000     0.000000
     0.179487     1.510000     0.000000
     0.205128     1.510000     0.000000
     0.230769     1.510000     0.000000
     0.256410     1.510000     0.000000
     0.282051     1.510000     0.000000
     0.307692     1.510000     0.000000
     0.333333     1.510000     0.000000
     0.358974     1.510000     0.000000
     0.384615     1.510000     0.000000
     0.410256     1.510000     0.000000
     0.435897     1.510000     0.000000
     0.461538     1.510000     0.000000
     0.487179     1.510000     0.000000
     0.512821     1.510000     0.000000
     0.538462     1.510000     0.000000
     0.564103     1.510000     0.000000
     0.589744     1.510000     0.000000
     0.615385     1.510000     0.000000
     0.641026     1.510000     0.000000
     0.666667     1.510000     0.000000
     0.692308     1.510000     0.000000
     0.717949     1.510000     0.000000
     0.743590     1.510000     0.000000
     0.769231     1.510000     0.000000
     0.794872     1.510000     0.000000
     0.820513     1.510000     0.000000
     0.846154     1.510000     0.000000
     0.871795     1.510000     0.000000
     0.897436     1.510000     0.000000
     0.923077     1.510000     0.000000
     0.948718     1.510000     0.000000
     0.974359     1.510000     0.000000
     1.000000     1.510000     0.000000
