                36.883498                 0.000123
               147.400223                 0.000493
               331.158648                 0.001109
               587.507592                 0.001971
               915.532631                 0.003078
              1314.085848                 0.004428
              1770.737168                 0.006021
              1909.937790                 0.007854
              1985.635941                 0.009926
              2040.419630                 0.012236
              2069.830035                 0.014780
              2080.988478                 0.017556
              2079.036211                 0.020561
              2068.914805                 0.023793
              2054.740966                 0.027248
              2038.816187                 0.030923
              2022.354296                 0.034814
              2006.245528                 0.038918
              1990.676147                 0.043229
              1975.718599                 0.047745
              1961.177095                 0.052461
              1946.957413                 0.057371
              1932.500872                 0.062472
              1917.886605                 0.067757
              1903.027210                 0.073223
              1888.163451                 0.078863
              1872.678458                 0.084671
              1856.892972                 0.090643
              1840.714070                 0.096773
              1824.078076                 0.103053
              1806.943566                 0.109479
              1789.280027                 0.116043
              1770.997909                 0.122739
              1752.263264                 0.129561
              1732.827905                 0.136502
              1712.863885                 0.143554
              1692.412825                 0.150712
              1671.261570                 0.157968
              1649.684710                 0.165315
              1627.476525                 0.172745
              1604.817807                 0.180251
              1581.728227                 0.187827
              1558.077410                 0.195463
              1533.826397                 0.203154
              1509.026394                 0.210891
              1483.648013                 0.218666
              1457.813286                 0.226472
              1431.299788                 0.234302
              1404.254340                 0.242147
              1376.790690                 0.249999
