                10.782575                 0.000025
                33.214865                 0.000099
                70.565626                 0.000222
               122.778189                 0.000394
               189.774349                 0.000616
               271.454076                 0.000886
               367.598302                 0.001204
               394.954976                 0.001571
               414.546312                 0.001985
               433.112801                 0.002447
               450.036780                 0.002956
               466.583416                 0.003511
               482.643567                 0.004112
               498.067507                 0.004759
               512.570719                 0.005450
               526.076118                 0.006185
               538.341316                 0.006963
               549.267160                 0.007784
               558.710084                 0.008646
               566.629808                 0.009549
               572.986162                 0.010492
               577.797803                 0.011474
               581.076192                 0.012494
               582.892762                 0.013551
               583.363613                 0.014645
               582.568930                 0.015773
               580.636801                 0.016934
               577.668940                 0.018129
               573.528338                 0.019355
               568.199981                 0.020611
               562.194332                 0.021896
               555.808602                 0.023209
               549.249824                 0.024548
               542.577582                 0.025912
               535.988095                 0.027300
