                40.698869                 0.000123
               152.764179                 0.000493
               339.101214                 0.001109
               599.047149                 0.001971
               931.683763                 0.003078
              1335.851512                 0.004428
              1810.156560                 0.006021
              2352.970335                 0.007854
              2962.461125                 0.009926
              3636.608701                 0.012236
              4373.207938                 0.014780
              5169.902223                 0.017556
              6024.197063                 0.020561
              6933.474212                 0.023793
              7895.022852                 0.027248
              8906.048150                 0.030923
              9963.690799                 0.034814
             10536.943817                 0.038918
             10631.215274                 0.043229
             10661.180995                 0.047745
             10652.630650                 0.052461
             10618.154526                 0.057371
             10567.011365                 0.062472
             10505.369355                 0.067757
             10436.431360                 0.073223
             10362.126610                 0.078863
             10283.570788                 0.084671
             10201.352265                 0.090643
             10115.588585                 0.096773
             10026.383146                 0.103053
              9933.119005                 0.109479
              9835.587205                 0.116043
              9733.811710                 0.122739
              9627.230224                 0.129561
              9515.222774                 0.136502
              9397.467067                 0.143554
              9274.089510                 0.150712
              9143.675200                 0.157968
              9005.317174                 0.165315
              8859.358241                 0.172745
              8704.900849                 0.180251
              8540.405940                 0.187827
              8365.766028                 0.195463
              8180.626653                 0.203154
              7984.310075                 0.210891
              7774.317584                 0.218666
              7552.016851                 0.226472
              7317.638659                 0.234302
