                37.396489                 0.000123
               149.464943                 0.000493
               335.806534                 0.001109
               595.758153                 0.001971
               928.402648                 0.003078
              1332.579181                 0.004428
              1806.862890                 0.006021
              1958.429194                 0.007854
              2033.056060                 0.009926
              2087.817486                 0.012236
              2117.736634                 0.014780
              2130.992153                 0.017556
              2132.041839                 0.020561
              2124.444101                 0.023793
              2111.387391                 0.027248
              2095.438039                 0.030923
              2077.997018                 0.034814
              2060.209289                 0.038918
              2042.751255                 0.043229
              2025.876143                 0.047745
              2009.506899                 0.052461
              1993.636820                 0.057371
              1978.055845                 0.062472
              1962.631724                 0.067757
              1947.233659                 0.073223
              1931.800765                 0.078863
              1916.227721                 0.084671
              1900.450173                 0.090643
              1884.432852                 0.096773
              1868.163790                 0.103053
              1851.537268                 0.109479
              1834.566709                 0.116043
              1817.181077                 0.122739
              1799.296567                 0.129561
              1780.794403                 0.136502
              1761.228277                 0.143554
              1741.048469                 0.150712
              1720.348323                 0.157968
              1699.140642                 0.165315
              1677.431628                 0.172745
              1655.261263                 0.180251
              1632.612987                 0.187827
              1609.476880                 0.195463
              1585.896743                 0.203154
              1561.741966                 0.210891
              1537.039436                 0.218666
              1511.926235                 0.226472
              1486.373906                 0.234302
              1460.216078                 0.242147
              1433.415252                 0.249999
