                41.959804                 0.000123
               157.801909                 0.000493
               349.555395                 0.001109
               414.271426                 0.001971
               456.277646                 0.003078
               493.617959                 0.004428
               523.819951                 0.006021
               544.401497                 0.007854
               554.208034                 0.009926
               553.382909                 0.012236
               542.314630                 0.014780
               520.642982                 0.017556
               493.076061                 0.020561
               466.371379                 0.023793
               447.402601                 0.027248
               435.137625                 0.030923
               427.130645                 0.034814
               421.796643                 0.038918
               418.020518                 0.043229
               415.400448                 0.047745
               413.290862                 0.052461
               410.963931                 0.057371
               407.971115                 0.062472
               403.880315                 0.067757
