                45.811015                 0.000123
               162.471800                 0.000493
               355.215078                 0.001109
               422.645168                 0.001971
               464.690009                 0.003078
               502.263383                 0.004428
               532.919680                 0.006021
               554.291654                 0.007854
               565.211199                 0.009926
               565.948264                 0.012236
               557.682127                 0.014780
               542.198919                 0.017556
               518.875097                 0.020561
               489.744053                 0.023793
               465.457215                 0.027248
               449.372274                 0.030923
               439.500838                 0.034814
               433.447334                 0.038918
