 0    0.000000000000e+000  0.000000000000e+000
 1    7.710588761256e-006  1.104847416282e-001
 2    3.084187846980e-005  4.393330216408e-001
 3    6.939244485693e-005  9.890493750572e-001
 4    1.233599032275e-004  1.756975889206e+000
 5    1.927409466589e-004  2.745466947556e+000
 6    2.775312459562e-004  3.951860904694e+000
 7    3.777256351896e-004  5.378314971924e+000
 8    4.933179006912e-004  7.022210597992e+000
 9    6.243009120226e-004  8.885464668274e+000
 10    7.706665783189e-004  1.096554183960e+001
 11    9.324058773927e-004  1.325952243805e+001
 12    1.109508797526e-003  1.574015426636e+001
 13    1.301964512095e-003  1.734802818298e+001
 14    1.509761088528e-003  1.806234169006e+001
 15    1.732885721140e-003  1.858447647095e+001
 16    1.971324672922e-003  1.905379867554e+001
 17    2.225063042715e-003  1.953366851807e+001
 18    2.494085580111e-003  2.000562095642e+001
 19    2.778375288472e-003  2.050284576416e+001
 20    3.077914938331e-003  2.098819732666e+001
 21    3.392685670406e-003  2.150022506714e+001
 22    3.722668392584e-003  2.199573707581e+001
 23    4.067842848599e-003  2.251412010193e+001
 24    4.428187385201e-003  2.301333427429e+001
 25    4.803679883480e-003  2.352984428406e+001
 26    5.194297526032e-003  2.402676773071e+001
 27    5.600015632808e-003  2.453377723694e+001
 28    6.020809523761e-003  2.502282714844e+001
 29    6.456653121859e-003  2.551344680786e+001
 30    6.907519884408e-003  2.598947906494e+001
 31    7.373381406069e-003  2.645777511597e+001
 32    7.854209281504e-003  2.691615486145e+001
 33    8.349974639714e-003  2.735731887817e+001
 34    8.860645815730e-003  2.779399108887e+001
 35    9.386191144586e-003  2.820446586609e+001
 36    9.926578961313e-003  2.861600494385e+001
 37    1.048177480698e-002  2.899351310730e+001
 38    1.105174608529e-002  2.937714958191e+001
 39    1.163645647466e-002  2.972065925598e+001
 40    1.223587058485e-002  3.007430267334e+001
 41    1.284995116293e-002  3.038391494751e+001
 42    1.347866002470e-002  3.070615005493e+001
 43    1.412195898592e-002  3.098293113708e+001
 44    1.477980799973e-002  3.127301216125e+001
 45    1.545216608793e-002  3.151878547668e+001
 46    1.613899320364e-002  3.177661705017e+001
 47    1.684024371207e-002  3.199373626709e+001
 48    1.755587942898e-002  3.221984100342e+001
 49    1.828585192561e-002  3.241095352173e+001
 50    1.903011649847e-002  3.260643005371e+001
 51    1.978863030672e-002  3.277426147461e+001
 52    2.056134305894e-002  3.294073867798e+001
 53    2.134821005166e-002  3.308790588379e+001
 54    2.214918099344e-002  3.322747039795e+001
 55    2.296420745552e-002  3.335634613037e+001
 56    2.379323728383e-002  3.347145843506e+001
 57    2.463622018695e-002  3.358406829834e+001
 58    2.549310587347e-002  3.367746734619e+001
 59    2.636384032667e-002  3.377544784546e+001
 60    2.724836952984e-002  3.385004806519e+001
 61    2.814663760364e-002  3.393465805054e+001
 62    2.905859239399e-002  3.399342346191e+001
 63    2.998417615891e-002  3.406559753418e+001
 64    3.092332929373e-002  3.411142349243e+001
 65    3.187599778175e-002  3.417183303833e+001
 66    3.284212201834e-002  3.420742797852e+001
 67    3.382163867354e-002  3.425660324097e+001
 68    3.481449186802e-002  3.428437805176e+001
 69    3.582062199712e-002  3.432278442383e+001
 70    3.683995828032e-002  3.434477615356e+001
 71    3.787244483829e-002  3.437292861938e+001
 72    3.891801834106e-002  3.439072036743e+001
 73    3.997661173344e-002  3.440925979614e+001
 74    4.104815796018e-002  3.442395401001e+001
 75    4.213259741664e-002  3.443369293213e+001
 76    4.322985559702e-002  3.444591140747e+001
 77    4.433986917138e-002  3.444785690308e+001
 78    4.546257108450e-002  3.445777893066e+001
 79    4.659788683057e-002  3.445312500000e+001
 80    4.774575307965e-002  3.446054077148e+001
 81    4.890609160066e-002  3.445060729980e+001
 82    5.007883533835e-002  3.445502471924e+001
 83    5.126391351223e-002  3.444120407104e+001
 84    5.246124789119e-002  3.444195175171e+001
 85    5.367076769471e-002  3.442561340332e+001
 86    5.489239841700e-002  3.442195510864e+001
 87    5.612606555223e-002  3.440435791016e+001
 88    5.737169086933e-002  3.439561462402e+001
 89    5.862919613719e-002  3.437781143188e+001
 90    5.989850685000e-002  3.436346817017e+001
 91    6.117954850197e-002  3.434622573853e+001
 92    6.247223168612e-002  3.432600784302e+001
 93    6.377648562193e-002  3.430976486206e+001
 94    6.509222835302e-002  3.428369140625e+001
 95    6.641937047243e-002  3.426852035522e+001
 96    6.775784492493e-002  3.423528671265e+001
 97    6.910755485296e-002  3.422129058838e+001
 98    7.046842575073e-002  3.418246459961e+001
 99    7.184036821127e-002  3.416855621338e+001
 100    7.322330772877e-002  3.412808227539e+001
 101    7.461713999510e-002  3.411657714844e+001
 102    7.602179795504e-002  3.407056045532e+001
 103    7.743719220161e-002  3.405428695679e+001
 104    7.886322587729e-002  3.401068496704e+001
 105    8.029981702566e-002  3.399111175537e+001
 106    8.174686878920e-002  3.394379043579e+001
 107    8.320430666208e-002  3.392331695557e+001
 108    8.467203378677e-002  3.387850189209e+001
 109    8.614996075630e-002  3.385109710693e+001
 110    8.763799071312e-002  3.380563354492e+001
 111    8.913603425026e-002  3.377196502686e+001
 112    9.064400196075e-002  3.372982788086e+001
 113    9.216180443764e-002  3.369244384766e+001
 114    9.368933737278e-002  3.365206146240e+001
 115    9.522651135921e-002  3.360712814331e+001
 116    9.677323698997e-002  3.356858825684e+001
 117    9.832940995693e-002  3.352131271362e+001
 118    9.989494085312e-002  3.348287200928e+001
 119    1.014697328210e-001  3.343174362183e+001
 120    1.030536890030e-001  3.339332962036e+001
 121    1.046467050910e-001  3.334074783325e+001
 122    1.062486842275e-001  3.330186080933e+001
 123    1.078595370054e-001  3.324657821655e+001
 124    1.094791591167e-001  3.320597457886e+001
 125    1.111074388027e-001  3.315093994141e+001
 126    1.127442941070e-001  3.310627365112e+001
 127    1.143896132708e-001  3.304568862915e+001
 128    1.160432994366e-001  3.300316619873e+001
 129    1.177052482963e-001  3.294161987305e+001
 130    1.193753555417e-001  3.289088439941e+001
 131    1.210535243154e-001  3.283550643921e+001
 132    1.227396428585e-001  3.277814483643e+001
 133    1.244336143136e-001  3.272521972656e+001
 134    1.261353343725e-001  3.266648101807e+001
 135    1.278446912766e-001  3.261486816406e+001
 136    1.295615881681e-001  3.255569839478e+001
 137    1.312859058380e-001  3.250519180298e+001
 138    1.330175399780e-001  3.244395828247e+001
 139    1.347564011812e-001  3.239376831055e+001
 140    1.365023702383e-001  3.232584762573e+001
 141    1.382553428411e-001  3.227571868896e+001
 142    1.400152146816e-001  3.221040725708e+001
 143    1.417818516493e-001  3.215741729736e+001
 144    1.435551792383e-001  3.209020996094e+001
 145    1.453350633383e-001  3.203461837769e+001
 146    1.471214145422e-001  3.197106361389e+001
 147    1.489140987396e-001  3.191297912598e+001
 148    1.507130265236e-001  3.185602569580e+001
 149    1.525180786848e-001  3.178873825073e+001
 150    1.543291360140e-001  3.173025894165e+001
 151    1.561461091042e-001  3.166727256775e+001
 152    1.579688638449e-001  3.160256004333e+001
 153    1.597972959280e-001  3.153977203369e+001
 154    1.616312861443e-001  3.146980285645e+001
 155    1.634707301855e-001  3.140225028992e+001
 156    1.653155237436e-001  3.134206199646e+001
 157    1.671655327082e-001  3.127255058289e+001
 158    1.690206527710e-001  3.121459960938e+001
 159    1.708807647228e-001  3.113997840881e+001
 160    1.727457493544e-001  3.107479286194e+001
 161    1.746155172586e-001  3.100344467163e+001
 162    1.764899194241e-001  3.094123077393e+001
 163    1.783688664436e-001  3.087041664124e+001
 164    1.802522242069e-001  3.080447196960e+001
 165    1.821398884058e-001  3.073340034485e+001
 166    1.840317398310e-001  3.066452026367e+001
 167    1.859276592731e-001  3.059489250183e+001
 168    1.878275275230e-001  3.052482986450e+001
 169    1.897312402725e-001  3.045709228516e+001
 170    1.916386634111e-001  3.037733459473e+001
 171    1.935496777296e-001  3.031147003174e+001
 172    1.954641938210e-001  3.023058700562e+001
 173    1.973820626736e-001  3.016294670105e+001
 174    1.993031799793e-001  3.010559463501e+001
 175    2.012274265289e-001  3.004076576233e+001
 176    2.031546682119e-001  2.996258163452e+001
 177    2.050848156214e-001  2.988251876831e+001
 178    2.070177197456e-001  2.981705474854e+001
 179    2.089532911777e-001  2.975072860718e+001
 180    2.108913809061e-001  2.967070388794e+001
 181    2.128318846226e-001  2.960278511047e+001
 182    2.147746980190e-001  2.952318763733e+001
 183    2.167196720839e-001  2.945328140259e+001
 184    2.186666876078e-001  2.937679100037e+001
 185    2.206156551838e-001  2.930387496948e+001
 186    2.225664258003e-001  2.922657012939e+001
 187    2.245188802481e-001  2.915184783936e+001
 188    2.264729291201e-001  2.907829475403e+001
 189    2.284284085035e-001  2.900109100342e+001
 190    2.303852289915e-001  2.892761421204e+001
 191    2.323432564735e-001  2.884829139709e+001
 192    2.343023717403e-001  2.877664566040e+001
 193    2.362624555826e-001  2.868834686279e+001
 194    2.382233887911e-001  2.861636543274e+001
 195    2.401850521564e-001  2.853491401672e+001
 196    2.421473115683e-001  2.846366500854e+001
 197    2.441100627184e-001  2.836361122131e+001
 198    2.460731714964e-001  2.831356430054e+001
 199    2.480365186930e-001  2.823333549500e+001
 200    2.500000000000e-001  2.815829658508e+001
