 0    0.000000000000e+000  0.000000000000e+000
 1    6.168375693960e-005  4.381019473076e-001
 2    2.467198064551e-004  1.741989254951e+000
 3    5.550624919124e-004  3.920632123947e+000
 4    9.866358013824e-004  6.962346553802e+000
 5    1.541333156638e-003  1.087448501587e+001
 6    2.219017595053e-003  1.562378120422e+001
 7    3.019522177055e-003  1.779964828491e+001
 8    3.942649345845e-003  1.882475662231e+001
 9    4.988171160221e-003  1.977055358887e+001
 10    6.155829876661e-003  2.070737075806e+001
 11    7.445336785167e-003  2.170157432556e+001
 12    8.856374770403e-003  2.266655540466e+001
 13    1.038859505206e-002  2.367350387573e+001
 14    1.204161904752e-002  2.461637687683e+001
 15    1.381503976882e-002  2.558412170410e+001
 16    1.570841856301e-002  2.646138000488e+001
 17    1.772129163146e-002  2.734812355042e+001
 18    1.985315792263e-002  2.812855720520e+001
 19    2.210349217057e-002  2.890580749512e+001
 20    2.447174116969e-002  2.957203674316e+001
 21    2.695732004941e-002  3.022538185120e+001
 22    2.955961599946e-002  3.077303123474e+001
 23    3.227798640728e-002  3.130071830750e+001
 24    3.511175885797e-002  3.173573684692e+001
 25    3.806023299694e-002  3.214573669434e+001
 26    4.112268611789e-002  3.248079299927e+001
 27    4.429836198688e-002  3.278727340698e+001
 28    4.758647456765e-002  3.303815841675e+001
 29    5.098621174693e-002  3.325818634033e+001
 30    5.449673905969e-002  3.344092941284e+001
 31    5.811718478799e-002  3.359184646606e+001
 32    6.184665858746e-002  3.372079849243e+001
 33    6.568424403667e-002  3.381851577759e+001
 34    6.962898373604e-002  3.390543365479e+001
 35    7.367991656065e-002  3.396346664429e+001
 36    7.783603668213e-002  3.401738739014e+001
 37    8.209631592035e-002  3.404653167725e+001
 38    8.645971119404e-002  3.407411193848e+001
 39    9.092514216900e-002  3.408247756958e+001
 40    9.549150615931e-002  3.408859252930e+001
 41    1.001576706767e-001  3.408187103271e+001
 42    1.049224957824e-001  3.407019805908e+001
 43    1.097847968340e-001  3.405206298828e+001
 44    1.147433817387e-001  3.401729202271e+001
 45    1.197970137000e-001  3.398609161377e+001
 46    1.249444633722e-001  3.394877624512e+001
 47    1.301844567060e-001  3.391054153442e+001
 48    1.355156898499e-001  3.386096572876e+001
 49    1.409368515015e-001  3.381774520874e+001
 50    1.464466154575e-001  3.375997161865e+001
 51    1.520435959101e-001  3.370888519287e+001
 52    1.577264517546e-001  3.364516067505e+001
 53    1.634937375784e-001  3.357902908325e+001
 54    1.693440675735e-001  3.351386642456e+001
 55    1.752759814262e-001  3.343708038330e+001
 56    1.812880039215e-001  3.336714172363e+001
 57    1.873786747456e-001  3.327061462402e+001
 58    1.935464739799e-001  3.320028305054e+001
 59    1.997898817062e-001  3.309788513184e+001
 60    2.061073780060e-001  3.302402114868e+001
 61    2.124973684549e-001  3.291851806641e+001
 62    2.189583182335e-001  3.284365844727e+001
 63    2.254885882139e-001  3.272352600098e+001
 64    2.320865988731e-001  3.264344787598e+001
 65    2.387507110834e-001  3.253032684326e+001
 66    2.454792857170e-001  3.244306182861e+001
 67    2.522706687450e-001  3.233221054077e+001
 68    2.591231763363e-001  3.228000259399e+001
 69    2.660350799561e-001  3.213515472412e+001
 70    2.730047404766e-001  3.203227615356e+001
 71    2.800304293633e-001  3.191515731812e+001
 72    2.871103584766e-001  3.180493354797e+001
 73    2.942428290844e-001  3.168901062012e+001
 74    3.014260530472e-001  3.157542800903e+001
 75    3.086582720280e-001  3.145076560974e+001
 76    3.159377276897e-001  3.133448410034e+001
 77    3.232625722885e-001  3.120632934570e+001
 78    3.306310474873e-001  3.105769348145e+001
 79    3.380413055420e-001  3.095198440552e+001
 80    3.454914987087e-001  3.080757522583e+001
 81    3.529798388481e-001  3.070050430298e+001
 82    3.605044484138e-001  3.056471633911e+001
 83    3.680634796619e-001  3.044333839417e+001
 84    3.756550550461e-001  3.030531311035e+001
 85    3.832773268223e-001  3.018297576904e+001
 86    3.909283876419e-001  3.004449844360e+001
 87    3.986063599586e-001  2.994686698914e+001
 88    4.063093364239e-001  2.980609512329e+001
 89    4.140354394913e-001  2.967445182800e+001
 90    4.217827618122e-001  2.950779533386e+001
 91    4.295493960381e-001  2.938302040100e+001
 92    4.373333752155e-001  2.922163963318e+001
 93    4.451328516006e-001  2.910572433472e+001
 94    4.529458582401e-001  2.894527244568e+001
 95    4.607704579830e-001  2.883296966553e+001
 96    4.686047434807e-001  2.870257759094e+001
 97    4.764467775822e-001  2.855204391479e+001
 98    4.842946231365e-001  2.841740226746e+001
 99    4.921463429928e-001  2.826719093323e+001
 100    5.000000000000e-001  2.813622093201e+001
