 0    0.000000000000e+000  0.000000000000e+000
 1    7.710588761256e-006  1.104847416282e-001
 2    3.084187846980e-005  4.393330216408e-001
 3    6.939244485693e-005  9.890493750572e-001
 4    1.233599032275e-004  1.756975889206e+000
 5    1.927409466589e-004  2.745466947556e+000
 6    2.775312459562e-004  3.951860904694e+000
 7    3.777256351896e-004  5.378314971924e+000
 8    4.933179006912e-004  7.022210597992e+000
 9    6.243009120226e-004  8.885464668274e+000
 10    7.706665783189e-004  1.096554183960e+001
 11    9.324058773927e-004  1.326408195496e+001
 12    1.109508797526e-003  1.577867221832e+001
 13    1.301964512095e-003  1.851063728333e+001
 14    1.509761088528e-003  2.145772171021e+001
 15    1.732885721140e-003  2.462091064453e+001
 16    1.971324672922e-003  2.799812698364e+001
 17    2.225063042715e-003  3.159000015259e+001
 18    2.494085580111e-003  3.539464950562e+001
 19    2.778375288472e-003  3.941233062744e+001
 20    3.077914938331e-003  4.364137649536e+001
 21    3.392685670406e-003  4.808166885376e+001
 22    3.722668392584e-003  5.273174667358e+001
 23    4.067842848599e-003  5.759113311768e+001
 24    4.428187385201e-003  6.265855789185e+001
 25    4.803679883480e-003  6.793319702148e+001
 26    5.194297526032e-003  7.341397857666e+001
 27    5.600015632808e-003  7.909973907471e+001
 28    6.020809523761e-003  8.498957061768e+001
 29    6.456653121859e-003  9.108200073242e+001
 30    6.907519884408e-003  9.737628173828e+001
 31    7.373381406069e-003  1.038706665039e+002
 32    7.854209281504e-003  1.105645141602e+002
 33    8.349974639714e-003  1.174558334351e+002
 34    8.860645815730e-003  1.245440750122e+002
 35    9.386191144586e-003  1.318270568848e+002
 36    9.926578961313e-003  1.393042602539e+002
 37    1.048177480698e-002  1.469733734131e+002
 38    1.105174608529e-002  1.548338470459e+002
 39    1.163645647466e-002  1.628832702637e+002
 40    1.223587058485e-002  1.711210784912e+002
 41    1.284995116293e-002  1.795447845459e+002
 42    1.347866002470e-002  1.881537475586e+002
 43    1.412195898592e-002  1.969454803467e+002
 44    1.477980799973e-002  2.059192199707e+002
 45    1.545216608793e-002  2.150724639893e+002
 46    1.613899320364e-002  2.244043579102e+002
 47    1.684024371207e-002  2.339124450684e+002
 48    1.755587942898e-002  2.435956878662e+002
 49    1.828585192561e-002  2.534517211914e+002
 50    1.903011649847e-002  2.634793090820e+002
 51    1.978863030672e-002  2.736762084961e+002
 52    2.056134305894e-002  2.840409851074e+002
 53    2.134821005166e-002  2.945715026855e+002
 54    2.214918099344e-002  3.052661132813e+002
 55    2.296420745552e-002  3.161228332520e+002
 56    2.379323728383e-002  3.271398315430e+002
 57    2.463622018695e-002  3.383151855469e+002
 58    2.549310587347e-002  3.496469116211e+002
 59    2.636384032667e-002  3.611332092285e+002
 60    2.724836952984e-002  3.727719116211e+002
 61    2.814663760364e-002  3.845613708496e+002
 62    2.905859239399e-002  3.964991760254e+002
 63    2.998417615891e-002  4.085838317871e+002
 64    3.092332929373e-002  4.208128051758e+002
 65    3.187599778175e-002  4.331846618652e+002
 66    3.284212201834e-002  4.456966857910e+002
 67    3.382163867354e-002  4.583475952148e+002
 68    3.481449186802e-002  4.711345825195e+002
 69    3.582062199712e-002  4.840563964844e+002
 70    3.683995828032e-002  4.971101074219e+002
 71    3.787244483829e-002  5.102945556641e+002
 72    3.891801834106e-002  5.236067504883e+002
 73    3.997661173344e-002  5.370455322266e+002
 74    4.104815796018e-002  5.506079101563e+002
 75    4.213259741664e-002  5.642927246094e+002
 76    4.322985559702e-002  5.780969238281e+002
 77    4.433986917138e-002  5.920193481445e+002
 78    4.546257108450e-002  6.060570068359e+002
 79    4.659788683057e-002  6.202086791992e+002
 80    4.774575307965e-002  6.344714965820e+002
 81    4.890609160066e-002  6.488440551758e+002
 82    5.007883533835e-002  6.633235473633e+002
 83    5.126391351223e-002  6.779085693359e+002
 84    5.246124789119e-002  6.925964355469e+002
 85    5.367076769471e-002  7.073856201172e+002
 86    5.489239841700e-002  7.222734985352e+002
 87    5.612606555223e-002  7.372584228516e+002
 88    5.737169086933e-002  7.523380126953e+002
 89    5.862919613719e-002  7.675104370117e+002
 90    5.989850685000e-002  7.827733764648e+002
 91    6.117954850197e-002  7.981250000000e+002
 92    6.247223168612e-002  8.135631713867e+002
 93    6.377648562193e-002  8.290857543945e+002
 94    6.509222835302e-002  8.446908569336e+002
 95    6.641937047243e-002  8.603763427734e+002
 96    6.775784492493e-002  8.761402587891e+002
 97    6.910755485296e-002  8.919804687500e+002
 98    7.046842575073e-002  9.078952026367e+002
 99    7.184036821127e-002  9.238821411133e+002
 100    7.322330772877e-002  9.399396972656e+002
 101    7.461713999510e-002  9.560654296875e+002
 102    7.602179795504e-002  9.722579345703e+002
 103    7.743719220161e-002  9.885145874023e+002
 104    7.886322587729e-002  1.004834167480e+003
 105    8.029981702566e-002  1.021213989258e+003
 106    8.174686878920e-002  1.037652954102e+003
 107    8.320430666208e-002  1.054148437500e+003
 108    8.467203378677e-002  1.070699096680e+003
 109    8.614996075630e-002  1.087302490234e+003
 110    8.763799071312e-002  1.103957519531e+003
 111    8.913603425026e-002  1.120661376953e+003
 112    9.064400196075e-002  1.137413208008e+003
 113    9.216180443764e-002  1.154210327148e+003
 114    9.368933737278e-002  1.171051757813e+003
 115    9.522651135921e-002  1.187934814453e+003
 116    9.677323698997e-002  1.204858642578e+003
 117    9.832940995693e-002  1.221820678711e+003
 118    9.989494085312e-002  1.238819824219e+003
 119    1.014697328210e-001  1.255853637695e+003
 120    1.030536890030e-001  1.272921264648e+003
 121    1.046467050910e-001  1.290020263672e+003
 122    1.062486842275e-001  1.307149414063e+003
 123    1.078595370054e-001  1.324306762695e+003
 124    1.094791591167e-001  1.341490966797e+003
 125    1.111074388027e-001  1.358699951172e+003
 126    1.127442941070e-001  1.375932617188e+003
 127    1.143896132708e-001  1.393186889648e+003
 128    1.160432994366e-001  1.410461547852e+003
 129    1.177052482963e-001  1.427754882813e+003
 130    1.193753555417e-001  1.445065307617e+003
 131    1.210535243154e-001  1.462391357422e+003
 132    1.227396428585e-001  1.479731445313e+003
 133    1.244336143136e-001  1.497084106445e+003
 134    1.261353343725e-001  1.514447875977e+003
 135    1.278446912766e-001  1.531821411133e+003
 136    1.295615881681e-001  1.549202880859e+003
 137    1.312859058380e-001  1.566591430664e+003
 138    1.330175399780e-001  1.583984985352e+003
 139    1.347564011812e-001  1.601382812500e+003
 140    1.365023702383e-001  1.618782958984e+003
 141    1.382553428411e-001  1.636184570313e+003
 142    1.400152146816e-001  1.653585693359e+003
 143    1.417818516493e-001  1.670985717773e+003
 144    1.435551792383e-001  1.688382690430e+003
 145    1.453350633383e-001  1.705775878906e+003
 146    1.471214145422e-001  1.723163452148e+003
 147    1.489140987396e-001  1.740544677734e+003
 148    1.507130265236e-001  1.757917724609e+003
 149    1.525180786848e-001  1.775282104492e+003
 150    1.543291360140e-001  1.792635742188e+003
 151    1.561461091042e-001  1.809978393555e+003
 152    1.579688638449e-001  1.827307861328e+003
 153    1.597972959280e-001  1.844624023438e+003
 154    1.616312861443e-001  1.861924804688e+003
 155    1.634707301855e-001  1.879209838867e+003
 156    1.653155237436e-001  1.896477172852e+003
 157    1.671655327082e-001  1.913726684570e+003
 158    1.690206527710e-001  1.930956420898e+003
 159    1.708807647228e-001  1.948166015625e+003
 160    1.727457493544e-001  1.965353759766e+003
 161    1.746155172586e-001  1.982519287109e+003
 162    1.764899194241e-001  1.999660888672e+003
 163    1.783688664436e-001  2.016778198242e+003
 164    1.802522242069e-001  2.033869750977e+003
 165    1.821398884058e-001  2.050934814453e+003
 166    1.840317398310e-001  2.067972167969e+003
 167    1.859276592731e-001  2.084981445313e+003
 168    1.878275275230e-001  2.101960937500e+003
 169    1.897312402725e-001  2.118910400391e+003
 170    1.916386634111e-001  2.135828369141e+003
 171    1.935496777296e-001  2.152714355469e+003
 172    1.954641938210e-001  2.169567382813e+003
 173    1.973820626736e-001  2.186386230469e+003
 174    1.993031799793e-001  2.203170654297e+003
 175    2.012274265289e-001  2.219919433594e+003
 176    2.031546682119e-001  2.236631835938e+003
 177    2.050848156214e-001  2.253306884766e+003
 178    2.070177197456e-001  2.269944091797e+003
 179    2.089532911777e-001  2.286542236328e+003
 180    2.108913809061e-001  2.303101318359e+003
 181    2.128318846226e-001  2.319619628906e+003
 182    2.147746980190e-001  2.336096923828e+003
 183    2.167196720839e-001  2.352532470703e+003
 184    2.186666876078e-001  2.368925537109e+003
 185    2.206156551838e-001  2.385275146484e+003
 186    2.225664258003e-001  2.401580810547e+003
 187    2.245188802481e-001  2.417841796875e+003
 188    2.264729291201e-001  2.434057617188e+003
 189    2.284284085035e-001  2.450227050781e+003
 190    2.303852289915e-001  2.466350097656e+003
 191    2.323432564735e-001  2.482425537109e+003
 192    2.343023717403e-001  2.498453369141e+003
 193    2.362624555826e-001  2.514432128906e+003
 194    2.382233887911e-001  2.530362060547e+003
 195    2.401850521564e-001  2.546241699219e+003
 196    2.421473115683e-001  2.562071289063e+003
 197    2.441100627184e-001  2.577849609375e+003
 198    2.460731714964e-001  2.593576416016e+003
 199    2.480365186930e-001  2.609250976563e+003
 200    2.500000000000e-001  2.624873046875e+003
