                 0.000000                 0.000000
                 0.051724                 0.001387
                 0.103448                 0.001578
                 0.155172                 0.000171
                 0.206897                 0.001736
                 0.258621                 0.000453
                 0.310345                 0.003265
                 0.362069                 0.001574
                 0.413793                 0.009119
                 0.465517                 0.020201
                 0.517241                 0.374236
                 0.568966                 0.013469
                 0.620690                 0.005489
                 0.672414                 0.041920
                 0.724138                 0.004937
                 0.775862                 0.004934
                 0.827586                 0.041991
                 0.879310                 0.005493
                 0.931034                 0.013465
                 0.982759                 0.374225
                 1.034483                 0.020217
                 1.086207                 0.009116
                 1.137931                 0.001578
                 1.189655                 0.003264
                 1.241379                 0.000452
                 1.293103                 0.001735
                 1.344828                 0.000172
                 1.396552                 0.001575
                 1.448276                 0.001390
                 1.500000                 0.000000
