                 0.000000                 0.000000
                 0.025424                 0.002772
                 0.050847                 0.001929
                 0.076271                 0.000305
                 0.101695                 0.000785
                 0.127119                 0.000089
                 0.152542                 0.000692
                 0.177966                 0.000168
                 0.203390                 0.000862
                 0.228814                 0.000371
                 0.254237                 0.001278
                 0.279661                 0.000704
                 0.305085                 0.001906
                 0.330508                 0.001084
                 0.355932                 0.002523
                 0.381356                 0.001493
                 0.406780                 0.003628
                 0.432203                 0.001820
                 0.457627                 0.006165
                 0.483051                 0.195150
                 0.508475                 0.391720
                 0.533898                 0.013235
                 0.559322                 0.004748
                 0.584746                 0.015837
                 0.610169                 0.013503
                 0.635593                 0.008400
                 0.661017                 0.002703
                 0.686441                 0.004564
                 0.711864                 0.002706
                 0.737288                 0.003034
                 0.762712                 0.003023
                 0.788136                 0.002715
                 0.813559                 0.004549
                 0.838983                 0.002708
                 0.864407                 0.008412
                 0.889831                 0.003815
                 0.915254                 0.015835
                 0.940678                 0.004730
                 0.966102                 0.013245
                 0.991525                 0.388574
                 1.016949                 0.184333
                 1.042373                 0.006154
                 1.067797                 0.001830
                 1.093220                 0.003624
                 1.118644                 0.001494
                 1.144068                 0.002522
                 1.169491                 0.001085
                 1.194915                 0.001900
                 1.220339                 0.000700
                 1.245763                 0.001284
                 1.271186                 0.000366
                 1.296610                 0.000860
                 1.322034                 0.000179
                 1.347458                 0.000696
                 1.372881                 0.000084
                 1.398305                 0.000787
                 1.423729                 0.000311
                 1.449153                 0.001925
                 1.474576                 0.002779
                 1.500000                 0.000000
