                13.966432                 0.000000
                14.672798                 0.000001
                16.312905                 0.000002
                17.460985                 0.000003
                18.550620                 0.000005
                18.082737                 0.000007
                18.544099                 0.000009
                18.915949                 0.000012
                19.502203                 0.000016
                19.828921                 0.000019
                20.144499                 0.000023
                20.405307                 0.000028
                26.631435                 0.000033
                29.438173                 0.000038
                26.965467                 0.000043
                28.196830                 0.000049
                33.570799                 0.000056
                30.477211                 0.000063
                36.883007                 0.000070
                38.474153                 0.000077
                40.559161                 0.000085
                40.830540                 0.000094
                48.403512                 0.000102
                49.424600                 0.000111
                52.380536                 0.000121
                55.780664                 0.000131
                57.634632                 0.000141
                61.420201                 0.000151
                67.841830                 0.000162
                69.807909                 0.000174
                70.574822                 0.000186
                75.982500                 0.000198
                83.469327                 0.000210
                87.013559                 0.000223
                88.081641                 0.000237
                92.390853                 0.000250
                99.693345                 0.000264
               100.936547                 0.000279
               108.347435                 0.000294
               112.754382                 0.000309
               116.987640                 0.000325
               118.322396                 0.000341
               125.191866                 0.000357
               131.913458                 0.000374
               134.563214                 0.000391
               142.836898                 0.000408
               148.044789                 0.000426
               156.268737                 0.000445
               157.459473                 0.000463
               165.736170                 0.000482
               169.720655                 0.000502
               177.760199                 0.000522
               188.197405                 0.000542
               191.228675                 0.000563
               198.986318                 0.000584
               205.097128                 0.000605
               206.821910                 0.000627
               216.196986                 0.000649
               224.852600                 0.000671
               229.897555                 0.000694
               239.218687                 0.000717
               247.402436                 0.000741
               255.544162                 0.000765
               263.119353                 0.000790
               270.280555                 0.000814
               276.964661                 0.000840
               284.613595                 0.000865
               293.899490                 0.000891
               303.642612                 0.000917
               315.779391                 0.000944
               317.268246                 0.000971
               324.585216                 0.000998
               332.471778                 0.001026
               343.057157                 0.001054
               355.578390                 0.001083
               362.285981                 0.001112
               367.820968                 0.001141
               372.680926                 0.001171
               382.596006                 0.001201
               388.424811                 0.001231
               390.786733                 0.001262
               396.254286                 0.001293
               403.626142                 0.001325
               408.598302                 0.001357
               412.956890                 0.001389
               418.387917                 0.001422
               420.624626                 0.001455
               429.015446                 0.001489
               433.038480                 0.001522
               439.316880                 0.001557
               443.332088                 0.001591
               450.786974                 0.001626
               455.088205                 0.001661
               460.065033                 0.001697
               463.977811                 0.001733
               470.371675                 0.001769
               472.097049                 0.001806
               479.693925                 0.001843
               485.638980                 0.001881
               489.005437                 0.001919
               492.734798                 0.001957
               502.039206                 0.001996
               504.598404                 0.002035
               509.389620                 0.002074
               513.785741                 0.002114
               520.653623                 0.002154
               525.676182                 0.002194
               528.368308                 0.002235
               534.296544                 0.002276
               540.976595                 0.002318
               547.094801                 0.002360
               548.237230                 0.002402
               552.722675                 0.002445
               556.715292                 0.002488
               565.157175                 0.002531
               567.187176                 0.002575
               574.078528                 0.002619
               581.915601                 0.002663
               582.587340                 0.002708
               589.496218                 0.002753
               590.842778                 0.002799
               595.895444                 0.002845
               601.576384                 0.002891
               608.918197                 0.002938
               610.017170                 0.002985
               616.029274                 0.003032
               618.245899                 0.003080
               622.684927                 0.003128
               627.807776                 0.003176
               630.485652                 0.003225
               634.280906                 0.003274
               637.337485                 0.003323
               642.525730                 0.003373
               642.523826                 0.003423
               649.222233                 0.003474
               649.717127                 0.003525
               653.777588                 0.003576
               658.563925                 0.003628
               660.464696                 0.003680
               663.547507                 0.003732
               664.746631                 0.003784
               668.481064                 0.003837
               671.024140                 0.003891
               672.999576                 0.003945
               674.436201                 0.003999
               679.103998                 0.004053
               679.133852                 0.004108
               682.959633                 0.004163
               682.373751                 0.004218
               686.184295                 0.004274
               687.152800                 0.004330
               688.321013                 0.004387
               691.233905                 0.004443
               690.369328                 0.004501
               693.869211                 0.004558
               691.256639                 0.004616
               695.544833                 0.004674
               692.805698                 0.004733
               694.479255                 0.004792
               693.801997                 0.004851
               692.138733                 0.004910
               691.993305                 0.004970
               687.604802                 0.005030
               684.987966                 0.005091
               678.832977                 0.005152
               668.581824                 0.005213
               652.750712                 0.005275
               624.397272                 0.005337
               582.692115                 0.005399
               530.464199                 0.005461
               478.076375                 0.005524
               437.431644                 0.005588
               405.445594                 0.005651
               377.168286                 0.005715
               351.712157                 0.005779
               326.123900                 0.005844
               308.655509                 0.005909
               286.007434                 0.005974
               272.713568                 0.006040
               256.876627                 0.006106
               244.251067                 0.006172
               230.176551                 0.006238
               221.243080                 0.006305
               209.079374                 0.006372
               200.501477                 0.006440
               191.371416                 0.006508
               184.077365                 0.006576
               175.532091                 0.006644
               169.998878                 0.006713
               161.373981                 0.006782
               157.780568                 0.006852
               149.826085                 0.006922
               145.324342                 0.006992
               139.261491                 0.007062
               135.197262                 0.007133
               129.579306                 0.007204
               126.106769                 0.007275
               120.308462                 0.007347
               117.134217                 0.007419
               112.650953                 0.007492
               110.660020                 0.007564
               105.333318                 0.007637
               104.244303                 0.007710
                98.217357                 0.007784
                95.350595                 0.007858
                93.989744                 0.007932
                89.644148                 0.008007
                86.839063                 0.008081
                84.804145                 0.008157
                80.401604                 0.008232
                78.949424                 0.008308
                77.267843                 0.008384
                73.866126                 0.008460
                72.326620                 0.008537
                69.941191                 0.008614
                68.840501                 0.008691
                65.469418                 0.008769
                67.042268                 0.008847
                61.954132                 0.008925
                61.697986                 0.009003
                60.556022                 0.009082
                58.570703                 0.009161
                56.961679                 0.009240
                57.311199                 0.009320
                52.861282                 0.009400
                54.685732                 0.009480
                50.962846                 0.009561
                51.437042                 0.009642
                50.237079                 0.009723
                49.941372                 0.009804
                47.510043                 0.009886
                47.723764                 0.009968
                47.732713                 0.010050
                45.005141                 0.010133
                45.363835                 0.010216
                45.601976                 0.010299
                42.937500                 0.010383
                43.464648                 0.010466
                42.791621                 0.010550
                40.671842                 0.010635
                42.949079                 0.010719
                39.550762                 0.010804
                40.162931                 0.010889
                39.499882                 0.010975
                40.221277                 0.011061
                37.580545                 0.011147
                39.682928                 0.011233
                37.817433                 0.011320
                37.580439                 0.011406
                37.139717                 0.011494
                38.329707                 0.011581
                35.941112                 0.011669
                37.445109                 0.011757
                35.200990                 0.011845
                34.861459                 0.011933
                35.993219                 0.012022
                34.666637                 0.012111
                33.289182                 0.012201
                34.892534                 0.012290
                33.925356                 0.012380
                32.574857                 0.012470
                34.554234                 0.012560
                32.403926                 0.012651
                33.548707                 0.012742
                31.616202                 0.012833
                33.419155                 0.012925
                31.755011                 0.013016
                33.094100                 0.013108
                31.217257                 0.013201
                31.250519                 0.013293
                31.184955                 0.013386
                31.123978                 0.013479
                28.789513                 0.013572
                32.127969                 0.013666
                28.355651                 0.013759
                29.120161                 0.013853
                29.502477                 0.013948
                28.577752                 0.014042
                29.289740                 0.014137
                28.551497                 0.014232
                28.780663                 0.014327
                27.574315                 0.014423
                28.529469                 0.014519
                28.041725                 0.014615
                27.424560                 0.014711
                27.264417                 0.014807
                27.748491                 0.014904
                24.884656                 0.015001
                27.859834                 0.015098
                24.964142                 0.015196
                26.362147                 0.015294
                25.031905                 0.015391
                25.081924                 0.015490
                23.931847                 0.015588
                26.031855                 0.015687
                23.935090                 0.015786
                24.581843                 0.015885
                24.520793                 0.015984
                24.225295                 0.016084
                23.461298                 0.016184
                24.332479                 0.016284
                24.457875                 0.016384
                22.488085                 0.016485
                24.046838                 0.016585
                22.564484                 0.016686
                22.078353                 0.016787
                23.598529                 0.016889
                22.842188                 0.016991
                21.165168                 0.017092
                24.852565                 0.017195
                20.385263                 0.017297
                22.870169                 0.017399
                22.313810                 0.017502
                23.521598                 0.017605
                22.343748                 0.017708
                22.731511                 0.017812
                22.539098                 0.017915
                22.718872                 0.018019
                23.039346                 0.018123
                22.890761                 0.018227
                21.595646                 0.018332
                23.515857                 0.018437
                20.996349                 0.018541
                21.374174                 0.018647
                24.124909                 0.018752
                20.360339                 0.018857
                22.208208                 0.018963
                22.008551                 0.019069
                21.892156                 0.019175
                21.451637                 0.019281
                23.685993                 0.019388
                21.151776                 0.019495
                22.772614                 0.019602
                21.910348                 0.019709
                22.472146                 0.019816
                21.271704                 0.019924
                23.562896                 0.020031
                21.351001                 0.020139
                21.675602                 0.020247
                21.937019                 0.020355
                20.984077                 0.020464
                20.943524                 0.020573
                22.623270                 0.020681
                20.638829                 0.020790
                21.630177                 0.020900
                22.554750                 0.021009
                20.080466                 0.021119
                22.993852                 0.021228
                21.534736                 0.021338
                22.676620                 0.021448
                21.125238                 0.021559
                22.579573                 0.021669
                21.558923                 0.021780
                21.880793                 0.021891
                21.682419                 0.022002
                21.832527                 0.022113
                20.494608                 0.022224
                22.955492                 0.022336
                19.712476                 0.022448
                22.343829                 0.022559
                21.753769                 0.022672
                20.888585                 0.022784
                21.591783                 0.022896
                21.374079                 0.023009
                21.972133                 0.023121
                21.765174                 0.023234
                22.382677                 0.023347
                21.397800                 0.023460
                22.006780                 0.023574
                21.493652                 0.023687
                21.903037                 0.023801
                21.312499                 0.023915
                23.291661                 0.024029
                19.885581                 0.024143
                21.573624                 0.024257
                21.841266                 0.024372
                21.593931                 0.024486
                20.365589                 0.024601
                22.764021                 0.024716
                20.345902                 0.024831
                21.650338                 0.024946
                21.668180                 0.025061
                21.527854                 0.025177
                21.550211                 0.025293
                21.303640                 0.025408
                21.999640                 0.025524
                21.182974                 0.025640
                22.793767                 0.025756
                21.232652                 0.025873
                21.256508                 0.025989
                21.660413                 0.026106
                21.087471                 0.026223
                20.767053                 0.026339
                22.810098                 0.026456
                19.461946                 0.026574
                22.483957                 0.026691
                20.757980                 0.026808
                21.306059                 0.026926
                21.121563                 0.027043
                22.412598                 0.027161
                21.363485                 0.027279
                21.182997                 0.027397
                22.258118                 0.027515
                21.646178                 0.027633
                21.176013                 0.027752
                22.543529                 0.027870
                21.426618                 0.027989
                20.977266                 0.028108
                22.555363                 0.028226
                20.236304                 0.028345
                21.969827                 0.028464
                21.692253                 0.028584
                21.329866                 0.028703
                20.365547                 0.028822
                22.932207                 0.028942
                20.638927                 0.029061
                22.561038                 0.029181
                21.525779                 0.029301
                22.178341                 0.029421
                20.949708                 0.029541
                22.201097                 0.029661
                21.326166                 0.029781
                21.938216                 0.029902
                23.032502                 0.030022
                20.597821                 0.030143
                20.937296                 0.030263
                23.018205                 0.030384
                20.526444                 0.030505
                21.626736                 0.030626
                23.478424                 0.030747
                20.228792                 0.030868
                22.413507                 0.030989
                21.058433                 0.031110
                22.777822                 0.031231
                21.371408                 0.031353
                22.876964                 0.031474
                20.985193                 0.031596
                22.042695                 0.031718
                22.220585                 0.031839
                21.718821                 0.031961
                21.282031                 0.032083
                23.307555                 0.032205
                20.132306                 0.032327
                22.052016                 0.032449
                22.863343                 0.032571
                21.263651                 0.032694
                22.641339                 0.032816
                22.218708                 0.032938
                21.428452                 0.033061
                21.828397                 0.033184
                23.192333                 0.033306
                21.132495                 0.033429
                23.148423                 0.033552
                21.718690                 0.033674
                22.422551                 0.033797
                20.885695                 0.033920
                23.261273                 0.034043
                21.143635                 0.034166
                22.685788                 0.034289
                22.588240                 0.034412
                21.015105                 0.034536
                21.860542                 0.034659
                23.647270                 0.034782
                20.464795                 0.034906
                23.497108                 0.035029
                22.545937                 0.035153
                21.233311                 0.035276
                22.986671                 0.035400
                22.016844                 0.035523
                23.099157                 0.035647
                21.413900                 0.035771
                23.269269                 0.035894
                20.738604                 0.036018
                22.398483                 0.036142
                22.976616                 0.036266
                21.343396                 0.036390
                21.419401                 0.036513
                23.871471                 0.036637
                19.486091                 0.036761
                23.009343                 0.036885
                22.088381                 0.037009
                22.218766                 0.037134
                21.650165                 0.037258
                22.181644                 0.037382
                21.532978                 0.037506
                22.533175                 0.037630
                22.299879                 0.037754
                21.499392                 0.037879
                22.584296                 0.038003
                21.650194                 0.038127
                21.045518                 0.038251
                21.362328                 0.038376
                23.137443                 0.038500
                19.469648                 0.038624
                22.343142                 0.038749
                21.600965                 0.038873
                20.858788                 0.038997
                21.544896                 0.039122
                22.542241                 0.039246
                19.523170                 0.039370
                23.339220                 0.039495
                20.732536                 0.039619
                22.034495                 0.039744
                21.927321                 0.039868
                22.146021                 0.039992
