                 3.362740                 0.000000
                 3.542654                 0.000001
                 3.845276                 0.000002
                 4.268023                 0.000003
                 4.813144                 0.000005
                 5.478201                 0.000007
                 6.266192                 0.000009
                 7.173736                 0.000012
                 8.203845                 0.000016
                 9.354296                 0.000019
                10.626594                 0.000023
                12.019380                 0.000028
                13.534370                 0.000033
                15.169293                 0.000038
                16.926217                 0.000043
                18.803989                 0.000049
                20.802666                 0.000056
                22.922624                 0.000063
                25.163573                 0.000070
                27.525202                 0.000077
                30.008231                 0.000085
                32.612086                 0.000094
                35.336557                 0.000102
                38.182310                 0.000111
                41.148348                 0.000121
                44.235502                 0.000131
                47.443332                 0.000141
                50.772032                 0.000151
                54.220658                 0.000162
                57.790991                 0.000174
                61.480928                 0.000186
                65.291837                 0.000198
                69.223022                 0.000210
                73.274639                 0.000223
                77.446309                 0.000237
                81.739100                 0.000250
                86.150858                 0.000264
                90.683949                 0.000279
                95.336311                 0.000294
               100.109103                 0.000309
               105.001640                 0.000325
               110.014689                 0.000341
               115.146396                 0.000357
               120.399101                 0.000374
               125.770447                 0.000391
               131.262136                 0.000408
               136.872971                 0.000426
               142.603797                 0.000445
               148.452906                 0.000463
               154.422911                 0.000482
               160.510448                 0.000502
               166.718590                 0.000522
               173.044711                 0.000542
               179.490426                 0.000563
               186.054289                 0.000584
               192.738339                 0.000605
               199.539336                 0.000627
               206.460536                 0.000649
               213.498937                 0.000671
               220.656831                 0.000694
               227.932039                 0.000717
               235.326639                 0.000741
               242.837939                 0.000765
               250.468694                 0.000790
               258.216120                 0.000814
               266.082176                 0.000840
               274.065520                 0.000865
               282.166911                 0.000891
               290.384944                 0.000917
               298.721356                 0.000944
               307.174228                 0.000971
               315.744550                 0.000998
               324.432004                 0.001026
               333.236001                 0.001054
               342.157083                 0.001083
               351.143142                 0.001112
               358.640289                 0.001141
               364.883832                 0.001171
               370.430460                 0.001201
               375.724752                 0.001231
               380.781935                 0.001262
               385.564225                 0.001293
               390.131491                 0.001325
               394.437066                 0.001357
               398.908156                 0.001389
               403.713954                 0.001422
               408.295687                 0.001455
               412.652468                 0.001489
               417.328407                 0.001522
               422.158525                 0.001557
               426.602195                 0.001591
               431.401342                 0.001626
               436.029308                 0.001661
               440.532101                 0.001697
               445.226196                 0.001733
               449.825076                 0.001769
               454.280276                 0.001806
               458.877724                 0.001843
               463.601920                 0.001881
               468.009084                 0.001919
               472.648356                 0.001957
               477.412769                 0.001996
               481.659491                 0.002035
               486.331312                 0.002074
               491.053706                 0.002114
               495.460998                 0.002154
               500.156044                 0.002194
               504.712966                 0.002235
               509.114021                 0.002276
               513.527901                 0.002318
               517.884353                 0.002360
               522.345890                 0.002402
               527.024898                 0.002445
               531.210782                 0.002488
               535.708483                 0.002531
               540.450149                 0.002575
               544.535854                 0.002619
               548.934005                 0.002663
               553.039029                 0.002708
               557.497910                 0.002753
               561.556040                 0.002799
               565.693969                 0.002845
               570.230672                 0.002891
               574.268637                 0.002938
               578.402612                 0.002985
               582.355933                 0.003032
               586.274451                 0.003080
               590.536168                 0.003128
               594.224754                 0.003176
               597.410659                 0.003225
               601.127941                 0.003274
               604.335228                 0.003323
               608.081953                 0.003373
               611.207658                 0.003423
               614.266371                 0.003474
               615.967937                 0.003525
               619.663784                 0.003576
               623.237463                 0.003628
               626.425724                 0.003680
               628.736613                 0.003732
               631.358995                 0.003784
               634.656797                 0.003837
               637.234386                 0.003891
               639.849106                 0.003945
               641.872608                 0.003999
               644.054023                 0.004053
               646.800287                 0.004108
               649.390699                 0.004163
               651.710960                 0.004218
               653.268826                 0.004274
               655.714808                 0.004330
               657.742286                 0.004387
               659.855292                 0.004443
               660.846935                 0.004501
               663.516083                 0.004558
               663.818537                 0.004616
               666.492806                 0.004674
               668.448602                 0.004733
               670.429354                 0.004792
               671.914420                 0.004851
               673.131314                 0.004910
               674.186287                 0.004970
               676.401815                 0.005030
               677.737544                 0.005091
               679.188885                 0.005152
               680.575469                 0.005213
               681.498130                 0.005275
               682.911015                 0.005337
               683.964852                 0.005399
               684.525106                 0.005461
               685.885571                 0.005524
               686.563571                 0.005588
               687.443220                 0.005651
               688.258600                 0.005715
               688.783848                 0.005779
               690.171878                 0.005844
               690.023151                 0.005909
               690.287877                 0.005974
               690.444838                 0.006040
               691.440208                 0.006106
               691.716944                 0.006172
               692.062911                 0.006238
               691.839408                 0.006305
               692.149923                 0.006372
               692.455437                 0.006440
               692.702707                 0.006508
               692.462910                 0.006576
               692.358295                 0.006644
               692.282712                 0.006713
               692.286544                 0.006782
               691.956127                 0.006852
               691.574965                 0.006922
               688.186542                 0.006992
               688.206697                 0.007062
               688.069505                 0.007133
               687.821122                 0.007204
               686.419132                 0.007275
               685.413291                 0.007347
               685.707401                 0.007419
               684.837041                 0.007492
               684.559924                 0.007564
               682.796300                 0.007637
               682.165780                 0.007710
               680.275751                 0.007784
               678.858416                 0.007858
               678.661673                 0.007932
               676.948953                 0.008007
               675.016659                 0.008081
               673.090236                 0.008157
               671.700116                 0.008232
               670.880722                 0.008308
               668.283774                 0.008384
               667.624492                 0.008460
               665.273961                 0.008537
               663.417844                 0.008614
               662.648493                 0.008691
               660.139482                 0.008769
               658.206408                 0.008847
               657.203992                 0.008925
               654.438345                 0.009003
               651.864870                 0.009082
               649.452169                 0.009161
               648.417043                 0.009240
               646.096972                 0.009320
               643.576479                 0.009400
               641.882956                 0.009480
               639.444366                 0.009561
               637.495969                 0.009642
               635.136867                 0.009723
               632.091826                 0.009804
               630.060113                 0.009886
               627.633867                 0.009968
               625.248879                 0.010050
               622.588658                 0.010133
               620.374079                 0.010216
               617.482772                 0.010299
               614.539419                 0.010383
               612.260239                 0.010466
               609.966405                 0.010550
               607.790104                 0.010635
               604.454694                 0.010719
               601.855535                 0.010804
               599.096648                 0.010889
               596.208546                 0.010975
               593.620073                 0.011061
               590.939683                 0.011147
               587.595415                 0.011233
               585.712166                 0.011320
               582.662741                 0.011406
               579.839236                 0.011494
               577.032805                 0.011581
               573.934475                 0.011669
               571.248085                 0.011757
               568.360824                 0.011845
               565.635469                 0.011933
               562.719343                 0.012022
               559.506581                 0.012111
               556.936819                 0.012201
               553.310765                 0.012290
               551.185099                 0.012380
               547.886371                 0.012470
               545.003902                 0.012560
               542.108807                 0.012651
               538.554047                 0.012742
               536.311125                 0.012833
               532.973373                 0.012925
               529.409087                 0.013016
               526.978083                 0.013108
               523.300595                 0.013201
               520.548094                 0.013293
               517.970434                 0.013386
               514.186752                 0.013479
               511.424264                 0.013572
               508.535494                 0.013666
               504.914650                 0.013759
               502.327560                 0.013853
               499.475448                 0.013948
               495.665645                 0.014042
               492.697624                 0.014137
               490.016425                 0.014232
               486.904413                 0.014327
               483.795308                 0.014423
               480.891197                 0.014519
               477.462746                 0.014615
               474.054044                 0.014711
               471.632840                 0.014807
               468.558880                 0.014904
               465.026779                 0.015001
               461.904350                 0.015098
               459.226561                 0.015196
               456.183210                 0.015294
               452.884006                 0.015391
               449.837001                 0.015490
               446.769963                 0.015588
               443.394283                 0.015687
               440.308906                 0.015786
               437.653276                 0.015885
               434.638212                 0.015984
               431.224068                 0.016084
               427.965565                 0.016184
               425.006884                 0.016284
               422.214241                 0.016384
               418.945236                 0.016485
               415.691842                 0.016585
               412.665677                 0.016686
               409.697817                 0.016787
               406.659133                 0.016889
               403.670761                 0.016991
               400.599275                 0.017092
               397.426244                 0.017195
               394.234391                 0.017297
               391.243608                 0.017399
               388.479956                 0.017502
               385.553578                 0.017605
               382.434786                 0.017708
               379.182299                 0.017812
               376.212194                 0.017915
               373.406677                 0.018019
               370.593201                 0.018123
               367.490997                 0.018227
               364.398195                 0.018332
               361.408050                 0.018437
               358.693502                 0.018541
               355.812840                 0.018647
               352.931870                 0.018752
               349.864832                 0.018857
               346.876748                 0.018963
               344.040975                 0.019069
               341.401502                 0.019175
               338.595034                 0.019281
               335.660035                 0.019388
               332.690301                 0.019495
               329.784281                 0.019602
               327.067867                 0.019709
               324.432440                 0.019816
               321.729539                 0.019924
               318.742768                 0.020031
               315.907951                 0.020139
               313.126986                 0.020247
               310.559932                 0.020355
               307.901035                 0.020464
               305.218560                 0.020573
               302.277166                 0.020681
               299.527720                 0.020790
               296.908717                 0.020900
               294.442641                 0.021009
               291.781521                 0.021119
               289.082852                 0.021228
               286.281047                 0.021338
               283.627061                 0.021448
               281.163810                 0.021559
               278.728995                 0.021669
               276.119599                 0.021780
               274.897777                 0.021891
               269.370924                 0.022002
               266.785876                 0.022113
               264.650443                 0.022224
               261.811764                 0.022336
               259.805525                 0.022448
               257.340256                 0.022559
               254.747170                 0.022672
               251.875078                 0.022784
               249.950975                 0.022896
               247.396907                 0.023009
               244.608093                 0.023121
               241.756353                 0.023234
               239.515457                 0.023347
               237.213258                 0.023460
               235.080358                 0.023574
               232.317963                 0.023687
               230.075880                 0.023801
               227.586151                 0.023915
               225.044796                 0.024029
               222.715021                 0.024143
               220.665657                 0.024257
               218.177093                 0.024372
               215.645542                 0.024486
               213.167547                 0.024601
               211.126431                 0.024716
               208.995156                 0.024831
               206.727351                 0.024946
               204.470285                 0.025061
               202.168989                 0.025177
               199.704634                 0.025293
               197.444508                 0.025408
               195.448792                 0.025524
               193.416295                 0.025640
               191.209580                 0.025756
               188.948061                 0.025873
               186.761044                 0.025989
               184.855428                 0.026106
               182.777079                 0.026223
               180.621648                 0.026339
               178.569831                 0.026456
               176.323070                 0.026574
               174.233680                 0.026691
               172.374288                 0.026808
               170.653751                 0.026926
               168.641968                 0.027043
               166.584551                 0.027161
               164.418495                 0.027279
               162.558133                 0.027397
               160.758195                 0.027515
               158.997933                 0.027633
               157.062536                 0.027752
               155.149693                 0.027870
               153.144573                 0.027989
               151.347623                 0.028108
               149.809214                 0.028226
               148.202274                 0.028345
               146.332019                 0.028464
               144.396250                 0.028584
               142.591236                 0.028703
               140.887095                 0.028822
               139.251231                 0.028942
               137.752411                 0.029061
               136.172374                 0.029181
               134.482196                 0.029301
               132.694582                 0.029421
               131.158418                 0.029541
               129.634782                 0.029661
               128.108070                 0.029781
               126.429761                 0.029902
               124.996298                 0.030022
               123.347959                 0.030143
               121.888187                 0.030263
               120.444863                 0.030384
               119.196809                 0.030505
               117.734865                 0.030626
               116.215744                 0.030747
               114.568274                 0.030868
               113.246791                 0.030989
               111.912647                 0.031110
               110.577533                 0.031231
               109.350999                 0.031353
               108.018040                 0.031474
               106.478982                 0.031596
               105.149399                 0.031718
               104.033553                 0.031839
               102.906535                 0.031961
               101.642666                 0.032083
               100.214272                 0.032205
                98.835036                 0.032327
                97.640862                 0.032449
                96.581734                 0.032571
                95.613372                 0.032694
                94.573838                 0.032816
                93.211852                 0.032938
                91.832665                 0.033061
                90.718458                 0.033184
                89.738970                 0.033306
                88.725976                 0.033429
                87.645185                 0.033552
                86.542295                 0.033674
                85.441371                 0.033797
                84.335290                 0.033920
                83.383591                 0.034043
                82.556980                 0.034166
                81.510916                 0.034289
                80.348210                 0.034412
                79.299106                 0.034536
                78.355472                 0.034659
                77.435830                 0.034782
                76.590349                 0.034906
                75.735856                 0.035029
                74.812513                 0.035153
                73.787039                 0.035276
                72.749749                 0.035400
                71.927913                 0.035523
                71.143756                 0.035647
                70.342028                 0.035771
                69.438526                 0.035894
                68.582294                 0.036018
                67.598650                 0.036142
                66.823962                 0.036266
                66.152772                 0.036390
                65.561168                 0.036513
                64.591127                 0.036637
                63.633695                 0.036761
                62.719155                 0.036885
                62.028336                 0.037009
                61.381401                 0.037134
                60.899802                 0.037258
                60.074875                 0.037382
                58.229179                 0.037506
                57.380435                 0.037630
                55.273847                 0.037754
                56.688386                 0.037879
                54.772698                 0.038003
                55.212965                 0.038127
                52.965223                 0.038251
                51.820569                 0.038376
                52.740221                 0.038500
                52.517918                 0.038624
                51.300564                 0.038749
                50.022165                 0.038873
                51.520257                 0.038997
                50.648145                 0.039122
                49.843215                 0.039246
                48.240715                 0.039370
                47.975881                 0.039495
                47.834363                 0.039619
                46.700821                 0.039744
                46.538122                 0.039868
                44.946926                 0.039992
