                36.883498                 0.000123
               147.400223                 0.000493
               331.158648                 0.001109
               501.297890                 0.001971
               555.811866                 0.003078
               600.816996                 0.004428
               639.494208                 0.006021
               671.437816                 0.007854
               695.598672                 0.009926
               711.402098                 0.012236
               719.249623                 0.014780
               720.440479                 0.017556
               716.732970                 0.020561
               709.853314                 0.023793
               701.253179                 0.027248
               692.001265                 0.030923
               682.713612                 0.034814
               673.779248                 0.038918
               665.318799                 0.043229
               657.575725                 0.047745
               650.392804                 0.052461
               643.793350                 0.057371
               637.553123                 0.062472
               631.763304                 0.067757
               626.174497                 0.073223
               620.840396                 0.078863
               615.642754                 0.084671
               610.525712                 0.090643
               605.446808                 0.096773
               600.378255                 0.103053
               595.264512                 0.109479
               590.035213                 0.116043
               584.753655                 0.122739
               579.356193                 0.129561
               573.803747                 0.136502
               568.135120                 0.143554
               562.374360                 0.150712
               556.431750                 0.157968
               550.364008                 0.165315
               544.214091                 0.172745
               537.947859                 0.180251
               531.586329                 0.187827
               525.195522                 0.195463
               518.737091                 0.203154
               512.224634                 0.210891
               505.710769                 0.218666
               499.143125                 0.226472
               492.574020                 0.234302
               485.982844                 0.242147
               479.360579                 0.249999
