                37.396489                 0.000123
               149.464943                 0.000493
               335.806534                 0.001109
               513.398558                 0.001971
               565.035701                 0.003078
               608.729768                 0.004428
               648.116794                 0.006021
               681.288605                 0.007854
               706.837811                 0.009926
               724.025491                 0.012236
               733.174408                 0.014780
               735.389796                 0.017556
               732.255794                 0.020561
               725.497039                 0.023793
               716.547331                 0.027248
               706.604774                 0.030923
               696.428135                 0.034814
               686.546093                 0.038918
               677.156269                 0.043229
               668.361274                 0.047745
               660.133952                 0.052461
               652.425053                 0.057371
               645.189061                 0.062472
               638.339907                 0.067757
               631.777874                 0.073223
               625.468469                 0.078863
               619.308012                 0.084671
               613.268855                 0.090643
               607.295887                 0.096773
               601.394312                 0.103053
               595.509854                 0.109479
               589.648254                 0.116043
               583.808768                 0.122739
               577.978693                 0.129561
               572.178008                 0.136502
               566.375056                 0.143554
               560.597968                 0.150712
               554.831227                 0.157968
               549.083734                 0.165315
               543.359740                 0.172745
               537.642935                 0.180251
               531.932787                 0.187827
               526.246894                 0.195463
               520.574423                 0.203154
               514.913677                 0.210891
               509.251391                 0.218666
               503.633152                 0.226472
               498.006717                 0.234302
               492.394433                 0.242147
               486.801186                 0.249999
