                 0.000000                 0.001621
                 0.012605                 0.001700
                 0.025210                 0.001775
                 0.037815                 0.001845
                 0.050420                 0.001912
                 0.063025                 0.001979
                 0.075630                 0.002047
                 0.088235                 0.002118
                 0.100840                 0.002191
                 0.113445                 0.002268
                 0.126050                 0.002348
                 0.138655                 0.002428
                 0.151261                 0.002508
                 0.163866                 0.002583
                 0.176471                 0.002650
                 0.189076                 0.002704
                 0.201681                 0.002741
                 0.214286                 0.002761
                 0.226891                 0.002764
                 0.239496                 0.002750
                 0.252101                 0.002720
                 0.264706                 0.002675
                 0.277311                 0.002615
                 0.289916                 0.002548
                 0.302521                 0.002498
                 0.315126                 0.002648
                 0.327731                 0.003607
                 0.340336                 0.006352
                 0.352941                 0.011743
                 0.365546                 0.020212
                 0.378151                 0.031891
                 0.390756                 0.046635
                 0.403361                 0.064102
                 0.415966                 0.083802
                 0.428571                 0.105134
                 0.441176                 0.127408
                 0.453782                 0.149887
                 0.466387                 0.171821
                 0.478992                 0.192464
                 0.491597                 0.211096
                 0.504202                 0.227050
                 0.516807                 0.239731
                 0.529412                 0.248639
                 0.542017                 0.253380
                 0.554622                 0.253680
                 0.567227                 0.249411
                 0.579832                 0.240595
                 0.592437                 0.227402
                 0.605042                 0.210171
                 0.617647                 0.189419
                 0.630252                 0.165838
                 0.642857                 0.140301
                 0.655462                 0.113855
                 0.668067                 0.087717
                 0.680672                 0.063252
                 0.693277                 0.041933
                 0.705882                 0.025258
                 0.718487                 0.014225
                 0.731092                 0.008584
                 0.743697                 0.006634
                 0.756303                 0.006592
                 0.768908                 0.008459
                 0.781513                 0.014098
                 0.794118                 0.025296
                 0.806723                 0.042269
                 0.819328                 0.063957
                 0.831933                 0.088837
                 0.844538                 0.115412
                 0.857143                 0.142296
                 0.869748                 0.168251
                 0.882353                 0.192212
                 0.894958                 0.213293
                 0.907563                 0.230789
                 0.920168                 0.244174
                 0.932773                 0.253105
                 0.945378                 0.257409
                 0.957983                 0.257068
                 0.970588                 0.252209
                 0.983193                 0.243115
                 0.995798                 0.230185
                 1.008403                 0.213930
                 1.021008                 0.194956
                 1.033613                 0.173942
                 1.046219                 0.151623
                 1.058824                 0.128758
                 1.071429                 0.106115
                 1.084034                 0.084446
                 1.096639                 0.064455
                 1.109244                 0.046760
                 1.121849                 0.031843
                 1.134454                 0.020044
                 1.147059                 0.011519
                 1.159664                 0.006131
                 1.172269                 0.003417
                 1.184874                 0.002480
                 1.197479                 0.002336
                 1.210084                 0.002388
                 1.222689                 0.002458
                 1.235294                 0.002522
                 1.247899                 0.002574
                 1.260504                 0.002612
                 1.273109                 0.002634
                 1.285714                 0.002641
                 1.298319                 0.002631
                 1.310924                 0.002604
                 1.323529                 0.002560
                 1.336134                 0.002503
                 1.348740                 0.002436
                 1.361345                 0.002364
                 1.373950                 0.002289
                 1.386555                 0.002214
                 1.399160                 0.002140
                 1.411765                 0.002069
                 1.424370                 0.002000
                 1.436975                 0.001934
                 1.449580                 0.001869
                 1.462185                 0.001803
                 1.474790                 0.001735
                 1.487395                 0.001664
                 1.500000                 0.001589
