                 0.000000                 0.000549
                 0.051724                 0.000706
                 0.103448                 0.000867
                 0.155172                 0.001043
                 0.206897                 0.001227
                 0.258621                 0.001448
                 0.310345                 0.004419
                 0.362069                 0.025007
                 0.413793                 0.082460
                 0.465517                 0.163288
                 0.517241                 0.223894
                 0.568966                 0.231849
                 0.620690                 0.179276
                 0.672414                 0.093813
                 0.724138                 0.032160
                 0.775862                 0.032189
                 0.827586                 0.093889
                 0.879310                 0.179371
                 0.931034                 0.231940
                 0.982759                 0.223956
                 1.034483                 0.163316
                 1.086207                 0.082461
                 1.137931                 0.024995
                 1.189655                 0.004407
                 1.241379                 0.001441
                 1.293103                 0.001226
                 1.344828                 0.001045
                 1.396552                 0.000869
                 1.448276                 0.000708
                 1.500000                 0.000550
