                 3.362740                 0.000000
                 3.542654                 0.000001
                 3.845276                 0.000002
                 4.268023                 0.000003
                 4.813144                 0.000005
                 5.478201                 0.000007
                 6.266192                 0.000009
                 7.173736                 0.000012
                 8.203845                 0.000016
                 9.354296                 0.000019
                10.626594                 0.000023
                12.019380                 0.000028
                13.534370                 0.000033
                15.169293                 0.000038
                16.926217                 0.000043
                18.803989                 0.000049
                20.802666                 0.000056
                22.922624                 0.000063
                25.163573                 0.000070
                27.525202                 0.000077
                30.008231                 0.000085
                32.612086                 0.000094
                35.336557                 0.000102
                38.182310                 0.000111
                41.148348                 0.000121
                44.235502                 0.000131
                47.443332                 0.000141
                50.772032                 0.000151
                54.220658                 0.000162
                57.790991                 0.000174
                61.480928                 0.000186
                65.291837                 0.000198
                69.223022                 0.000210
                73.274639                 0.000223
                77.446309                 0.000237
                81.739100                 0.000250
                86.150858                 0.000264
                90.683949                 0.000279
                95.336311                 0.000294
               100.109103                 0.000309
               105.001640                 0.000325
               110.014689                 0.000341
               115.146396                 0.000357
               120.399101                 0.000374
               125.770447                 0.000391
               131.262136                 0.000408
               136.872971                 0.000426
               142.603797                 0.000445
               148.452906                 0.000463
               154.422911                 0.000482
               160.510448                 0.000502
               166.718590                 0.000522
               173.044711                 0.000542
               179.490426                 0.000563
               186.054289                 0.000584
               192.738339                 0.000605
               199.539336                 0.000627
               206.460536                 0.000649
               213.498937                 0.000671
               220.656831                 0.000694
               227.932039                 0.000717
               235.326639                 0.000741
               242.837939                 0.000765
               250.468694                 0.000790
               258.216120                 0.000814
               266.082176                 0.000840
               274.065520                 0.000865
               282.166911                 0.000891
               290.384944                 0.000917
               298.721356                 0.000944
               307.174228                 0.000971
               315.744550                 0.000998
               324.432004                 0.001026
               333.236001                 0.001054
               342.157083                 0.001083
               351.144905                 0.001112
               358.657235                 0.001141
               364.885919                 0.001171
               370.439061                 0.001201
               375.795964                 0.001231
               380.776430                 0.001262
               385.567984                 0.001293
               390.172717                 0.001325
               394.535410                 0.001357
               399.185780                 0.001389
               403.804803                 0.001422
               408.581125                 0.001455
               413.078981                 0.001489
               417.790310                 0.001522
               422.559437                 0.001557
               427.233782                 0.001591
               432.010531                 0.001626
               436.579746                 0.001661
               441.344085                 0.001697
               445.852251                 0.001733
               450.422217                 0.001769
               455.036521                 0.001806
               459.778589                 0.001843
               464.475667                 0.001881
               469.210173                 0.001919
               474.061650                 0.001957
               478.372688                 0.001996
               483.368809                 0.002035
               487.720931                 0.002074
               492.372616                 0.002114
               497.002996                 0.002154
               501.597882                 0.002194
               506.274844                 0.002235
               510.832068                 0.002276
               515.274417                 0.002318
               520.003812                 0.002360
               524.419860                 0.002402
               528.998732                 0.002445
               533.339520                 0.002488
               538.131484                 0.002531
               542.407438                 0.002575
               546.941631                 0.002619
               551.018562                 0.002663
               555.595825                 0.002708
               559.942993                 0.002753
               564.112552                 0.002799
               568.379168                 0.002845
               572.478423                 0.002891
               577.234306                 0.002938
               581.221467                 0.002985
               585.195695                 0.003032
               589.120547                 0.003080
               593.335070                 0.003128
               596.796471                 0.003176
               600.798972                 0.003225
               603.744551                 0.003274
               607.575136                 0.003323
               610.465203                 0.003373
               614.369445                 0.003423
               617.812945                 0.003474
               620.838155                 0.003525
               623.800772                 0.003576
               625.173999                 0.003628
               629.984212                 0.003680
               631.967725                 0.003732
               634.578969                 0.003784
               637.384103                 0.003837
               639.494111                 0.003891
               641.976474                 0.003945
               644.894639                 0.003999
               646.634508                 0.004053
               649.160087                 0.004108
               651.254475                 0.004163
               653.619538                 0.004218
               655.821469                 0.004274
               657.790427                 0.004330
               659.835514                 0.004387
               662.102256                 0.004443
               663.866140                 0.004501
               665.453956                 0.004558
               667.086529                 0.004616
               669.246975                 0.004674
               671.632915                 0.004733
               672.490742                 0.004792
               674.346933                 0.004851
               675.949791                 0.004910
               677.151939                 0.004970
               678.630506                 0.005030
               679.827112                 0.005091
               681.297744                 0.005152
               682.284715                 0.005213
               683.414114                 0.005275
               683.754190                 0.005337
               684.724581                 0.005399
               685.718240                 0.005461
               686.474103                 0.005524
               687.164789                 0.005588
               688.108062                 0.005651
               688.803281                 0.005715
               689.651526                 0.005779
               690.248636                 0.005844
               690.339474                 0.005909
               690.886728                 0.005974
               691.679554                 0.006040
               691.993702                 0.006106
               692.150719                 0.006172
               692.560211                 0.006238
               692.273572                 0.006305
               691.886789                 0.006372
               691.799793                 0.006440
               691.837363                 0.006508
               691.550541                 0.006576
               691.460981                 0.006644
               691.100759                 0.006713
               690.577558                 0.006782
               689.898905                 0.006852
               689.242898                 0.006922
               688.604150                 0.006992
               687.915341                 0.007062
               686.912421                 0.007133
               686.115200                 0.007204
               684.937576                 0.007275
               684.153770                 0.007347
               671.008014                 0.007419
               678.944546                 0.007492
               678.013335                 0.007564
               676.974911                 0.007637
               675.260893                 0.007710
               674.594863                 0.007784
               672.518459                 0.007858
               671.702066                 0.007932
               669.627808                 0.008007
               667.502669                 0.008081
               665.624531                 0.008157
               663.869591                 0.008232
               661.128204                 0.008308
               659.231906                 0.008384
               657.833018                 0.008460
               654.775688                 0.008537
               652.461242                 0.008614
               649.752434                 0.008691
               647.984584                 0.008769
               644.915901                 0.008847
               642.936989                 0.008925
               639.394028                 0.009003
               637.788793                 0.009082
               635.924124                 0.009161
               632.640827                 0.009240
               630.640269                 0.009320
               627.403506                 0.009400
               624.372194                 0.009480
               622.084592                 0.009561
               619.977614                 0.009642
               616.958217                 0.009723
               613.848340                 0.009804
               611.330355                 0.009886
               608.583054                 0.009968
               605.063469                 0.010050
               602.207456                 0.010133
               598.854165                 0.010216
               595.605699                 0.010299
               593.247610                 0.010383
               589.652393                 0.010466
               585.979939                 0.010550
               583.007967                 0.010635
               580.402003                 0.010719
               576.821906                 0.010804
               573.747268                 0.010889
               570.232811                 0.010975
               566.829097                 0.011061
               564.009844                 0.011147
               560.415344                 0.011233
               557.198631                 0.011320
               553.838093                 0.011406
               551.012431                 0.011494
               547.414193                 0.011581
               543.920839                 0.011669
               541.514374                 0.011757
               537.867080                 0.011845
               534.007499                 0.011933
               531.248222                 0.012022
               527.275453                 0.012111
               524.425782                 0.012201
               521.076303                 0.012290
               516.926045                 0.012380
               514.460882                 0.012470
               510.936795                 0.012560
               507.084457                 0.012651
               504.000696                 0.012742
               500.102251                 0.012833
               496.707540                 0.012925
               493.154459                 0.013016
               489.876836                 0.013108
               485.907592                 0.013201
               482.926034                 0.013293
               478.995990                 0.013386
               475.436981                 0.013479
               471.915806                 0.013572
               468.736212                 0.013666
               464.596712                 0.013759
               461.318168                 0.013853
               457.799508                 0.013948
               454.432860                 0.014042
               450.671717                 0.014137
               447.459856                 0.014232
               443.829373                 0.014327
               440.296011                 0.014423
               436.874867                 0.014519
               433.396578                 0.014615
               429.928199                 0.014711
               426.335631                 0.014807
               422.982332                 0.014904
               419.598795                 0.015001
               416.282684                 0.015098
               412.812090                 0.015196
               409.353934                 0.015294
               406.035459                 0.015391
               402.611020                 0.015490
               399.255982                 0.015588
               396.003717                 0.015687
               392.719875                 0.015786
               389.249068                 0.015885
               385.832932                 0.015984
               382.643186                 0.016084
               379.378152                 0.016184
               375.924127                 0.016284
               372.611992                 0.016384
               369.398027                 0.016485
               366.150841                 0.016585
               362.932858                 0.016686
               359.509023                 0.016787
               356.270941                 0.016889
               352.983725                 0.016991
               349.849217                 0.017092
               346.530779                 0.017195
               343.336843                 0.017297
               340.166749                 0.017399
               336.883221                 0.017502
               333.681442                 0.017605
               330.504168                 0.017708
               327.431964                 0.017812
               324.263585                 0.017915
               321.129876                 0.018019
               317.819074                 0.018123
               314.774918                 0.018227
               311.742606                 0.018332
               308.719411                 0.018437
               305.550482                 0.018541
               302.441970                 0.018647
               299.432696                 0.018752
               296.464716                 0.018857
               293.558087                 0.018963
               290.547915                 0.019069
               287.482001                 0.019175
               284.561378                 0.019281
               281.657186                 0.019388
               278.800494                 0.019495
               275.878524                 0.019602
               273.005173                 0.019709
               270.073200                 0.019816
               267.283851                 0.019924
               264.479963                 0.020031
               261.728720                 0.020139
               258.921369                 0.020247
               256.221839                 0.020355
               253.437543                 0.020464
               250.689174                 0.020573
               248.065834                 0.020681
               245.372739                 0.020790
               242.775999                 0.020900
               240.088785                 0.021009
               237.449552                 0.021119
               234.781165                 0.021228
               232.296227                 0.021338
               229.771039                 0.021448
               227.261554                 0.021559
               224.670639                 0.021669
               222.150679                 0.021780
               219.634429                 0.021891
               217.271215                 0.022002
               214.898132                 0.022113
               212.435303                 0.022224
               209.943465                 0.022336
               207.554935                 0.022448
               204.647556                 0.022559
               202.961519                 0.022672
               200.444556                 0.022784
               198.068435                 0.022896
               195.565202                 0.023009
               193.436277                 0.023121
               191.199063                 0.023234
               188.972963                 0.023347
               186.760737                 0.023460
               184.533293                 0.023574
               182.379324                 0.023687
               180.049744                 0.023801
               178.093108                 0.023915
               175.941046                 0.024029
               173.734055                 0.024143
               171.586805                 0.024257
               169.480696                 0.024372
               167.499916                 0.024486
               165.760578                 0.024601
               163.804876                 0.024716
               161.560986                 0.024831
               159.333606                 0.024946
               157.598135                 0.025061
               155.437252                 0.025177
               153.330981                 0.025293
               151.680604                 0.025408
               149.898427                 0.025524
               147.640679                 0.025640
               145.935250                 0.025756
               143.909042                 0.025873
               142.301760                 0.025989
               140.618269                 0.026106
               138.783428                 0.026223
               137.038982                 0.026339
               135.091688                 0.026456
               133.316568                 0.026574
               131.700411                 0.026691
               129.954409                 0.026808
               128.490387                 0.026926
               126.677741                 0.027043
               125.083692                 0.027161
               123.347427                 0.027279
               121.782624                 0.027397
               120.187387                 0.027515
               118.607114                 0.027633
               117.114921                 0.027752
               115.546437                 0.027870
               113.984154                 0.027989
               112.537938                 0.028108
               111.082803                 0.028226
               109.671243                 0.028345
               108.099015                 0.028464
               106.739995                 0.028584
               105.264611                 0.028703
               103.949556                 0.028822
               102.621978                 0.028942
               101.253551                 0.029061
                99.950476                 0.029181
                98.501775                 0.029301
                97.214315                 0.029421
                96.026248                 0.029541
                94.711262                 0.029661
                93.493504                 0.029781
                92.219208                 0.029902
                90.996879                 0.030022
                89.764371                 0.030143
                88.537247                 0.030263
                87.496539                 0.030384
                86.213341                 0.030505
                85.075509                 0.030626
                83.888863                 0.030747
                82.785837                 0.030868
                81.628132                 0.030989
                80.628091                 0.031110
                79.519772                 0.031231
                78.457768                 0.031353
                77.346226                 0.031474
                76.395798                 0.031596
                75.365473                 0.031718
                74.375063                 0.031839
                73.372456                 0.031961
                72.298085                 0.032083
                71.385353                 0.032205
                70.377847                 0.032327
                69.512851                 0.032449
                68.685333                 0.032571
                67.642662                 0.032694
                66.697733                 0.032816
                65.749769                 0.032938
                64.893978                 0.033061
                64.098326                 0.033184
                63.283724                 0.033306
                62.413514                 0.033429
                61.538257                 0.033552
                60.653337                 0.033674
                59.916773                 0.033797
                59.153452                 0.033920
                58.437704                 0.034043
                57.606974                 0.034166
                56.734037                 0.034289
                56.001148                 0.034412
                55.260410                 0.034536
                54.638041                 0.034659
                54.022036                 0.034782
                53.194134                 0.034906
                52.482984                 0.035029
                51.731218                 0.035153
                50.964852                 0.035276
                50.401192                 0.035400
                49.837117                 0.035523
                49.107425                 0.035647
                48.449158                 0.035771
                47.738792                 0.035894
                47.216948                 0.036018
                46.649427                 0.036142
                46.122220                 0.036266
                45.492851                 0.036390
                44.875534                 0.036513
                44.187920                 0.036637
                43.631187                 0.036761
                43.111818                 0.036885
                42.634725                 0.037009
                42.038173                 0.037134
                41.522888                 0.037258
                40.898274                 0.037382
                40.360515                 0.037506
                39.931453                 0.037630
                39.483894                 0.037754
                38.956120                 0.037879
                38.490668                 0.038003
                37.907096                 0.038127
                37.514054                 0.038251
                37.050617                 0.038376
                36.610854                 0.038500
                36.184308                 0.038624
                35.635114                 0.038749
                35.150878                 0.038873
                34.859745                 0.038997
                34.349512                 0.039122
                33.977497                 0.039246
                33.596997                 0.039370
                33.070718                 0.039495
                32.664895                 0.039619
                32.293617                 0.039744
                31.972780                 0.039868
                31.608175                 0.039992
