                13.966432                 0.000000
                15.858183                 0.000001
                14.235169                 0.000002
                17.646831                 0.000003
                14.376824                 0.000005
                18.105676                 0.000007
                16.760723                 0.000009
                16.708107                 0.000012
                18.305491                 0.000016
                19.247514                 0.000019
                20.907712                 0.000023
                26.170514                 0.000028
                23.032792                 0.000033
                25.870260                 0.000038
                27.857833                 0.000043
                30.174076                 0.000049
                31.050513                 0.000056
                34.928946                 0.000063
                34.042083                 0.000070
                38.802196                 0.000077
                42.166836                 0.000085
                43.090804                 0.000094
                46.604254                 0.000102
                51.916740                 0.000111
                51.445908                 0.000121
                53.831155                 0.000131
                59.282215                 0.000141
                62.560618                 0.000151
                65.680436                 0.000162
                69.379867                 0.000174
                72.169299                 0.000186
                78.980823                 0.000198
                80.568495                 0.000210
                85.095658                 0.000223
                87.650242                 0.000237
                92.915145                 0.000250
                97.107366                 0.000264
               101.088927                 0.000279
               106.342734                 0.000294
               110.656984                 0.000309
               114.768788                 0.000325
               123.340001                 0.000341
               127.760463                 0.000357
               131.157721                 0.000374
               135.544015                 0.000391
               140.847481                 0.000408
               147.067878                 0.000426
               155.593136                 0.000445
               161.404922                 0.000463
               165.816650                 0.000482
               172.387435                 0.000502
               178.603974                 0.000522
               182.541929                 0.000542
               191.713510                 0.000563
               198.386541                 0.000584
               201.274725                 0.000605
               210.285621                 0.000627
               219.416170                 0.000649
               227.473411                 0.000671
               228.920875                 0.000694
               237.720393                 0.000717
               243.922289                 0.000741
               255.482442                 0.000765
               263.484793                 0.000790
               269.958585                 0.000814
               276.920321                 0.000840
               287.712212                 0.000865
               292.228001                 0.000891
               300.477083                 0.000917
               308.407529                 0.000944
               316.792166                 0.000971
               326.082659                 0.000998
               336.880999                 0.001026
               345.320783                 0.001054
               352.483345                 0.001083
               363.002875                 0.001112
               369.132956                 0.001141
               376.780292                 0.001171
               381.752294                 0.001201
               388.479432                 0.001231
               393.100341                 0.001262
               397.166108                 0.001293
               402.069651                 0.001325
               409.014195                 0.001357
               414.810124                 0.001389
               419.666608                 0.001422
               423.714694                 0.001455
               428.728453                 0.001489
               433.911531                 0.001522
               437.187240                 0.001557
               443.997609                 0.001591
               448.696327                 0.001626
               452.691384                 0.001661
               457.636772                 0.001697
               462.583303                 0.001733
               466.605159                 0.001769
               471.897422                 0.001806
               476.406191                 0.001843
               480.311594                 0.001881
               485.795599                 0.001919
               490.682581                 0.001957
               494.312078                 0.001996
               499.026269                 0.002035
               505.322553                 0.002074
               508.624803                 0.002114
               515.024217                 0.002154
               519.706813                 0.002194
               523.710056                 0.002235
               528.656372                 0.002276
               535.081208                 0.002318
               536.704786                 0.002360
               544.185281                 0.002402
               547.195190                 0.002445
               553.048179                 0.002488
               557.043055                 0.002531
               562.206506                 0.002575
               566.674542                 0.002619
               571.870894                 0.002663
               576.216372                 0.002708
               578.975970                 0.002753
               583.618735                 0.002799
               588.855193                 0.002845
               593.860221                 0.002891
               597.243077                 0.002938
               599.779296                 0.002985
               604.924058                 0.003032
               608.963238                 0.003080
               613.144349                 0.003128
               617.258817                 0.003176
               620.738410                 0.003225
               624.283107                 0.003274
               628.627682                 0.003323
               630.215034                 0.003373
               635.112511                 0.003423
               637.662245                 0.003474
               641.747923                 0.003525
               645.273220                 0.003576
               647.036873                 0.003628
               651.130658                 0.003680
               653.821895                 0.003732
               656.383642                 0.003784
               659.760677                 0.003837
               662.051101                 0.003891
               665.348398                 0.003945
               667.365084                 0.003999
               670.126826                 0.004053
               672.947016                 0.004108
               674.187761                 0.004163
               677.173165                 0.004218
               678.561338                 0.004274
               681.235436                 0.004330
               683.122001                 0.004387
               685.753925                 0.004443
               686.834990                 0.004501
               688.799265                 0.004558
               691.685860                 0.004616
               693.339500                 0.004674
               694.864794                 0.004733
               695.658164                 0.004792
               697.074332                 0.004851
               700.013124                 0.004910
               700.607332                 0.004970
               701.952400                 0.005030
               702.587800                 0.005091
               703.940393                 0.005152
               705.314912                 0.005213
               705.742195                 0.005275
               706.771113                 0.005337
               708.518347                 0.005399
               708.741364                 0.005461
               709.408584                 0.005524
               709.863715                 0.005588
               709.840808                 0.005651
               710.500067                 0.005715
               710.694020                 0.005779
               710.530130                 0.005844
               710.418091                 0.005909
               710.329674                 0.005974
               710.211700                 0.006040
               709.756459                 0.006106
               709.945771                 0.006172
               708.548223                 0.006238
               707.487894                 0.006305
               708.487811                 0.006372
               706.417324                 0.006440
               705.246859                 0.006508
               704.741049                 0.006576
               704.144869                 0.006644
               700.593614                 0.006713
               700.556532                 0.006782
               699.656018                 0.006852
               697.451883                 0.006922
               695.618859                 0.006992
               693.873195                 0.007062
               691.466737                 0.007133
               689.467255                 0.007204
               687.211368                 0.007275
               684.895045                 0.007347
               683.953791                 0.007419
               680.124997                 0.007492
               678.718885                 0.007564
               675.789314                 0.007637
               672.340475                 0.007710
               669.180056                 0.007784
               667.749778                 0.007858
               664.525076                 0.007932
               662.550224                 0.008007
               659.914210                 0.008081
               655.364019                 0.008157
               654.317469                 0.008232
               648.339471                 0.008308
               645.942912                 0.008384
               643.805187                 0.008460
               640.019828                 0.008537
               636.806654                 0.008614
               633.810071                 0.008691
               631.036925                 0.008769
               626.988294                 0.008847
               623.862974                 0.008925
               618.414799                 0.009003
               615.580203                 0.009082
               612.921246                 0.009161
               608.925815                 0.009240
               605.338065                 0.009320
               602.374899                 0.009400
               597.048461                 0.009480
               595.038392                 0.009561
               591.031865                 0.009642
               586.436949                 0.009723
               582.748116                 0.009804
               579.073502                 0.009886
               575.002187                 0.009968
               572.277978                 0.010050
               568.157729                 0.010133
               564.677201                 0.010216
               561.397097                 0.010299
               555.744709                 0.010383
               553.079945                 0.010466
               548.695381                 0.010550
               544.652385                 0.010635
               541.464813                 0.010719
               536.804914                 0.010804
               533.264592                 0.010889
               529.499534                 0.010975
               525.730990                 0.011061
               520.975687                 0.011147
               518.058822                 0.011233
               513.400816                 0.011320
               509.709247                 0.011406
               505.916377                 0.011494
               502.079470                 0.011581
               497.831767                 0.011669
               494.570254                 0.011757
               490.044552                 0.011845
               486.337641                 0.011933
               482.687330                 0.012022
               478.576244                 0.012111
               474.658945                 0.012201
               470.723799                 0.012290
               467.118467                 0.012380
               463.053731                 0.012470
               459.495270                 0.012560
               455.328203                 0.012651
               451.447191                 0.012742
               447.802676                 0.012833
               443.607480                 0.012925
               440.737501                 0.013016
               435.826846                 0.013108
               432.289176                 0.013201
               429.707782                 0.013293
               424.388093                 0.013386
               421.453998                 0.013479
               417.279306                 0.013572
               414.340980                 0.013666
               409.384171                 0.013759
               406.694713                 0.013853
               401.990257                 0.013948
               399.362586                 0.014042
               394.984056                 0.014137
               391.401377                 0.014232
               388.154456                 0.014327
               384.200894                 0.014423
               380.587968                 0.014519
               376.965612                 0.014615
               373.787130                 0.014711
               369.894250                 0.014807
               366.066929                 0.014904
               362.795892                 0.015001
               359.668848                 0.015098
               355.252738                 0.015196
               352.798504                 0.015294
               348.308648                 0.015391
               345.685494                 0.015490
               342.118123                 0.015588
               334.090275                 0.015687
               333.149285                 0.015786
               330.845081                 0.015885
               327.875858                 0.015984
               323.609547                 0.016084
               319.856720                 0.016184
               318.370934                 0.016284
               314.975843                 0.016384
               311.324752                 0.016485
               308.284103                 0.016585
               304.060145                 0.016686
               301.533626                 0.016787
               298.557987                 0.016889
               294.706631                 0.016991
               291.678481                 0.017092
               288.732105                 0.017195
               285.354077                 0.017297
               283.013891                 0.017399
               279.984765                 0.017502
               272.230683                 0.017605
               269.704137                 0.017708
               268.954948                 0.017812
               265.661714                 0.017915
               263.393303                 0.018019
               259.016406                 0.018123
               256.628949                 0.018227
               254.035583                 0.018332
               251.095014                 0.018437
               250.238240                 0.018541
               244.592691                 0.018647
               243.134845                 0.018752
               240.454776                 0.018857
               237.110843                 0.018963
               233.968260                 0.019069
               232.920883                 0.019175
               228.773069                 0.019281
               227.056835                 0.019388
               224.282925                 0.019495
               220.065154                 0.019602
               219.127119                 0.019709
               216.362816                 0.019816
               214.436820                 0.019924
               210.550375                 0.020031
               208.575435                 0.020139
               205.034180                 0.020247
               203.093144                 0.020355
               200.761810                 0.020464
               198.696844                 0.020573
               196.195941                 0.020681
               194.370611                 0.020790
               190.555568                 0.020900
               188.381117                 0.021009
               186.734870                 0.021119
               183.723244                 0.021228
               181.767108                 0.021338
               179.822546                 0.021448
               177.736589                 0.021559
               175.031895                 0.021669
               172.843265                 0.021780
               170.868940                 0.021891
               168.415293                 0.022002
               167.175325                 0.022113
               164.775486                 0.022224
               162.659381                 0.022336
               160.138728                 0.022448
               158.488314                 0.022559
               156.099166                 0.022672
               154.282996                 0.022784
               152.654630                 0.022896
               150.983000                 0.023009
               149.073183                 0.023121
               147.096166                 0.023234
               144.977228                 0.023347
               142.688034                 0.023460
               141.368335                 0.023574
               139.511342                 0.023687
               137.215246                 0.023801
               135.888617                 0.023915
               133.893882                 0.024029
               132.475885                 0.024143
               130.037225                 0.024257
               129.690140                 0.024372
               126.653693                 0.024486
               124.221611                 0.024601
               123.539592                 0.024716
               122.135210                 0.024831
               120.399895                 0.024946
               118.598512                 0.025061
               117.520614                 0.025177
               115.745423                 0.025293
               113.662290                 0.025408
               114.158283                 0.025524
               111.158756                 0.025640
               110.262294                 0.025756
               109.336326                 0.025873
               106.097727                 0.025989
               105.833559                 0.026106
               104.380049                 0.026223
               103.086190                 0.026339
               101.764967                 0.026456
               100.159264                 0.026574
               100.449843                 0.026691
                97.323478                 0.026808
                95.881685                 0.026926
                95.843249                 0.027043
                92.376700                 0.027161
                90.364828                 0.027279
                90.920078                 0.027397
                89.774454                 0.027515
                88.410540                 0.027633
                87.656640                 0.027752
                86.127461                 0.027870
                83.808240                 0.027989
                83.511125                 0.028108
                83.946503                 0.028226
                80.380312                 0.028345
                79.576824                 0.028464
                77.631883                 0.028584
                78.767609                 0.028703
                77.068507                 0.028822
                76.674912                 0.028942
                74.763715                 0.029061
                77.197547                 0.029181
                73.276709                 0.029301
                72.288883                 0.029421
                72.450815                 0.029541
                70.099764                 0.029661
                70.237726                 0.029781
                69.675909                 0.029902
                68.362999                 0.030022
                66.157150                 0.030143
                66.329246                 0.030263
                65.856362                 0.030384
                65.172505                 0.030505
                64.842393                 0.030626
                63.001902                 0.030747
                61.200045                 0.030868
                62.477136                 0.030989
                56.453182                 0.031110
                56.623121                 0.031231
                59.842518                 0.031353
                57.276950                 0.031474
                60.428998                 0.031596
                55.049628                 0.031718
                55.017065                 0.031839
                56.871905                 0.031961
                54.812122                 0.032083
                55.000229                 0.032205
                53.360604                 0.032327
                52.700517                 0.032449
                51.024082                 0.032571
                51.962540                 0.032694
                49.334744                 0.032816
                49.812309                 0.032938
                49.657322                 0.033061
                51.241418                 0.033184
                49.110375                 0.033306
                46.411110                 0.033429
                46.362473                 0.033552
                44.487839                 0.033674
                46.669625                 0.033797
                44.647817                 0.033920
                43.078549                 0.034043
                43.623825                 0.034166
                42.189474                 0.034289
                43.573074                 0.034412
                43.084983                 0.034536
                43.486798                 0.034659
                39.179007                 0.034782
                40.918547                 0.034906
                43.602155                 0.035029
                43.132831                 0.035153
                42.226758                 0.035276
                39.408145                 0.035400
                36.701222                 0.035523
                39.285149                 0.035647
                37.258181                 0.035771
                39.027660                 0.035894
                36.577689                 0.036018
                38.521859                 0.036142
                33.053424                 0.036266
                35.221461                 0.036390
                32.933699                 0.036513
                35.010675                 0.036637
                36.792741                 0.036761
                32.553774                 0.036885
                34.211644                 0.037009
                32.553716                 0.037134
                32.271804                 0.037258
                35.520710                 0.037382
                36.830595                 0.037506
                31.108506                 0.037630
                33.122752                 0.037754
                32.312783                 0.037879
                34.689809                 0.038003
                31.306753                 0.038127
                34.484444                 0.038251
                32.098717                 0.038376
                30.966633                 0.038500
                30.483881                 0.038624
                29.324915                 0.038749
                31.983982                 0.038873
                28.198921                 0.038997
                29.053980                 0.039122
                31.640302                 0.039246
                27.028219                 0.039370
                30.071281                 0.039495
                27.170192                 0.039619
                26.309035                 0.039744
                29.538687                 0.039868
                30.575030                 0.039992
