                 4.316112                 0.000010
                12.815157                 0.000039
                26.783226                 0.000089
                46.355949                 0.000158
                71.568972                 0.000246
               102.222159                 0.000354
               138.251067                 0.000481
               179.804947                 0.000628
               226.738789                 0.000793
               278.614800                 0.000978
               333.247444                 0.001181
               340.665663                 0.001403
               352.758205                 0.001643
               362.844238                 0.001902
               370.886502                 0.002178
               379.442046                 0.002471
               388.983667                 0.002782
               399.541879                 0.003110
               405.471045                 0.003455
               414.791623                 0.003816
               422.048684                 0.004193
               429.940104                 0.004585
               436.143004                 0.004993
               442.036360                 0.005415
               447.108567                 0.005852
               451.955345                 0.006303
               454.794430                 0.006767
               456.479894                 0.007245
               456.599956                 0.007735
               450.570897                 0.008237
               426.322366                 0.008750
               390.724279                 0.009275
               369.262474                 0.009810
               336.557397                 0.010356
               317.331223                 0.010910
               312.430169                 0.011474
               317.092091                 0.012046
               321.952886                 0.012626
               319.298193                 0.013214
               316.023856                 0.013808
               316.709919                 0.014408
               309.009950                 0.015013
               306.189537                 0.015624
               301.340106                 0.016239
               298.604731                 0.016857
               299.296046                 0.017479