                21.577410                 0.000123
                39.226126                 0.000493
                54.753902                 0.001109
                73.978744                 0.001971
                95.407290                 0.003078
               117.138956                 0.004428
               137.150526                 0.006021
               153.572711                 0.007854
               164.875817                 0.009926
               170.108990                 0.012236
               168.962290                 0.014780
               160.818808                 0.017556
               146.537213                 0.020561
               130.017126                 0.023793
               115.746201                 0.027248
               104.206254                 0.030923
                94.982603                 0.034814
                87.597114                 0.038918
                81.373780                 0.043229
                76.317554                 0.047745
                72.305951                 0.052461
                69.157245                 0.057371
                66.713604                 0.062472
                64.800945                 0.067757
                63.314674                 0.073223
                62.163839                 0.078863
                61.265625                 0.084671
                60.571669                 0.090643
                60.031256                 0.096773
                59.434462                 0.103053
                58.801569                 0.109479
