                36.009415                 0.000123
               138.972854                 0.000493
               309.870148                 0.001109
               394.527915                 0.001971
               434.431105                 0.003078
               470.694720                 0.004428
               501.200702                 0.006021
               523.522125                 0.007854
               536.197545                 0.009926
               539.128174                 0.012236
               533.413515                 0.014780
               520.617590                 0.017556
               501.736395                 0.020561
               474.557570                 0.023793
               448.994856                 0.027248
               431.161652                 0.030923
               419.749436                 0.034814
               412.464467                 0.038918
               407.633036                 0.043229
               403.766501                 0.047745
               400.601236                 0.052461
               397.846707                 0.057371
               395.214202                 0.062472
               392.670081                 0.067757
               390.055598                 0.073223
               387.235714                 0.078863
               383.686564                 0.084671
               379.446015                 0.090643
