                29.928598                 0.000123
               117.464019                 0.000493
               263.041007                 0.001109
               359.329108                 0.001971
               396.454840                 0.003078
               430.309476                 0.004428
               459.493192                 0.006021
               481.709709                 0.007854
               495.318558                 0.009926
               499.858878                 0.012236
               495.934666                 0.014780
               484.369524                 0.017556
               466.024204                 0.020561
               443.245248                 0.023793
               421.454727                 0.027248
               404.395025                 0.030923
               393.442541                 0.034814
               386.284057                 0.038918
               381.561030                 0.043229
               377.731636                 0.047745
               374.097282                 0.052461
               370.708402                 0.057371
               367.309682                 0.062472
               363.543005                 0.067757
               359.726034                 0.073223
               355.673798                 0.078863
               351.678148                 0.084671
               348.060348                 0.090643
               343.811001                 0.096773
               339.645368                 0.103053
               335.130563                 0.109479
               330.251951                 0.116043
               324.888199                 0.122739
               319.500312                 0.129561
               314.144880                 0.136502
               308.775202                 0.143554
               303.382398                 0.150712
               297.891920                 0.157968
               292.103143                 0.165315
               286.313137                 0.172745
               280.544017                 0.180251
               274.896273                 0.187827
               269.039774                 0.195463
               263.012655                 0.203154
               257.332077                 0.210891
               251.683236                 0.218666
               246.199233                 0.226472
               240.758788                 0.234302
               235.168835                 0.242147
               229.507316                 0.249999
