                35.565314                 0.000123
               139.857221                 0.000493
               312.413937                 0.001108
               369.892222                 0.001969
               413.422444                 0.003075
               457.891577                 0.004424
               499.732513                 0.006015
               535.754820                 0.007846
               564.331878                 0.009917
               585.242562                 0.012224
               599.346982                 0.014765
               608.014634                 0.017539
               612.702442                 0.020541
               614.659813                 0.023770
               614.840055                 0.027222
               613.843152                 0.030893
               612.090594                 0.034781
               609.826566                 0.038880
               607.167368                 0.043188
               604.171172                 0.047700
               600.918640                 0.052411
               597.410351                 0.057317
               593.681113                 0.062413
               589.725385                 0.067693
               585.548578                 0.073154
               581.142592                 0.078789
               576.511975                 0.084593
               571.662387                 0.090559
               566.589604                 0.096683
               561.248391                 0.102958
               555.651110                 0.109378
               549.770249                 0.115937
               543.561891                 0.122628
               536.940459                 0.129445
               529.984187                 0.136380
               522.667065                 0.143427
               514.956471                 0.150580
               506.908945                 0.157830
               498.461962                 0.165171
               489.664345                 0.172596
               480.445193                 0.180098
               470.850883                 0.187668
               460.829151                 0.195299
               450.435822                 0.202985
               439.615418                 0.210717
               428.391870                 0.218487
               416.740241                 0.226289
               404.658399                 0.234114
               392.225251                 0.241955
               379.319229                 0.249804
