                35.041839                 0.000246
               138.651114                 0.000986
               310.379083                 0.002217
               366.205034                 0.003939
               407.926906                 0.006150
               451.241186                 0.008848
               492.482160                 0.012030
               528.679125                 0.015693
               557.830340                 0.019833
               579.583872                 0.024447
               594.628659                 0.029530
               604.101702                 0.035077
               609.427597                 0.041082
               611.794117                 0.047540
               612.213628                 0.054443
               611.325091                 0.061786
               609.604303                 0.069561
               607.311417                 0.077760
               604.576297                 0.086376
               601.533619                 0.095399
