                 1.350401                 0.000010
                 5.399826                 0.000039
                12.143489                 0.000089
                21.573994                 0.000157
                33.680876                 0.000246
                48.450420                 0.000354
                65.865849                 0.000481
                85.907639                 0.000627
               108.553340                 0.000793
               135.289186                 0.000977
               170.145321                 0.001180
               182.791435                 0.001402
               190.954212                 0.001642
               206.847896                 0.001900
               218.043196                 0.002176
               228.276441                 0.002469
               237.685436                 0.002780
               245.852810                 0.003107
               260.746198                 0.003452
               275.389417                 0.003812
               289.325866                 0.004189
               302.495666                 0.004581
               315.125171                 0.004988
               327.146592                 0.005410
               339.170511                 0.005847
               349.443710                 0.006297
               358.797407                 0.006761
               367.589485                 0.007238
               374.616323                 0.007727
               381.268301                 0.008229
               387.183937                 0.008742
               391.652406                 0.009266
               395.765179                 0.009801
               399.627769                 0.010346
               403.504029                 0.010901
               406.815718                 0.011464
               408.350919                 0.012036
               408.772228                 0.012615
               408.772899                 0.013202
               408.772899                 0.013796
               408.772899                 0.014395
               409.192013                 0.015001
               409.192013                 0.015611
               409.192013                 0.016225
               409.192013                 0.016843
               409.192013                 0.017465
               409.192013                 0.018088
               409.192013                 0.018714
               409.192013                 0.019341
               409.192013                 0.019969
