                 3.068220                 0.000005
                 7.653838                 0.000020
                15.290955                 0.000044
                25.971427                 0.000079
                39.683684                 0.000123
                56.412719                 0.000177
                76.139946                 0.000241
                98.844352                 0.000314
               124.501146                 0.000397
               153.082202                 0.000489
               184.556502                 0.000591
               218.889922                 0.000702
               256.045376                 0.000822
               295.982528                 0.000952
               337.661766                 0.001090
               366.986980                 0.001237
               389.608559                 0.001393
               411.553544                 0.001557
               433.578874                 0.001729
               455.475639                 0.001910
               477.257033                 0.002098
               498.792298                 0.002295
               519.935766                 0.002499
               540.602645                 0.002710
               560.661969                 0.002929
               580.006194                 0.003155
               596.921049                 0.003387
               610.779008                 0.003626
               623.350775                 0.003871
               634.130551                 0.004122
               643.138123                 0.004379
               651.635410                 0.004642
               659.326819                 0.004910
               664.866871                 0.005182
               669.809017                 0.005460
               673.718055                 0.005742
               676.683143                 0.006028
               678.735653                 0.006319
               679.871873                 0.006613
               680.198355                 0.006910
               679.663082                 0.007210
               678.358534                 0.007513
               676.293386                 0.007819
               673.572847                 0.008126
               670.207497                 0.008436
               666.234948                 0.008747
               661.773061                 0.009059
               656.777398                 0.009372
               651.422013                 0.009686
               645.681736                 0.010000
