     0.000000    -0.010000     0.000454
     0.111111    -0.010000     0.000112
     0.222222    -0.010000     0.000000
     0.333333    -0.010000     0.000000
     0.444444    -0.010000     0.000000
     0.555556    -0.010000     0.000000
     0.666667    -0.010000     0.000000
     0.777778    -0.010000     0.000000
     0.888889    -0.010000     0.000112
     1.000000    -0.010000     0.000454
     0.000303     0.097361     0.001222
     0.111067     0.097268     0.000389
     0.222347     0.097287     0.000000
     0.333292     0.097238     0.000000
     0.444542     0.097206     0.000000
     0.555458     0.097206     0.000000
     0.666708     0.097238     0.000000
     0.777653     0.097287     0.000000
     0.888933     0.097268     0.000389
     0.999697     0.097361     0.001222
     0.000563     0.205613     0.002405
     0.111208     0.204958     0.000802
     0.222650     0.204710     0.000218
     0.333283     0.204592     0.000082
     0.444752     0.204746     0.000049
     0.555248     0.204746     0.000049
     0.666717     0.204592     0.000082
     0.777350     0.204710     0.000217
     0.888792     0.204958     0.000801
     0.999438     0.205613     0.002405
     0.001561     0.313130     0.007207
     0.112088     0.312067     0.003422
     0.223275     0.312299     0.001207
     0.333299     0.311967     0.000707
     0.444894     0.311914     0.000554
     0.555106     0.311914     0.000554
     0.666701     0.311967     0.000707
     0.776725     0.312300     0.001206
     0.887913     0.312067     0.003422
     0.998440     0.313130     0.007207
     0.002610     0.421970     0.019822
     0.111573     0.419653     0.015329
     0.223792     0.420111     0.009735
     0.333770     0.419358     0.005757
     0.445237     0.419860     0.003239
     0.554763     0.419860     0.003238
     0.666229     0.419358     0.005756
     0.776209     0.420111     0.009733
     0.888428     0.419653     0.015329
     0.997390     0.421969     0.019824
     0.009800     0.532638     0.029443
     0.117294     0.527908     0.031257
     0.224157     0.527611     0.027916
     0.334051     0.527424     0.020816
     0.443893     0.527295     0.014963
     0.556108     0.527294     0.014964
     0.665950     0.527424     0.020816
     0.775844     0.527611     0.027916
     0.882706     0.527908     0.031258
     0.990200     0.532638     0.029446
     0.017133     0.642698     0.020333
     0.126330     0.641780     0.028922
     0.231388     0.640495     0.035487
     0.339673     0.637518     0.037800
     0.445433     0.635766     0.037935
     0.554568     0.635766     0.037937
     0.660326     0.637518     0.037802
     0.768612     0.640495     0.035488
     0.873670     0.641781     0.028924
     0.982866     0.642698     0.020335
     0.012153     0.749998     0.010303
     0.124152     0.750001     0.020554
     0.234952     0.750004     0.032840
     0.343783     0.750000     0.044175
     0.447781     0.749994     0.051310
     0.552219     0.749996     0.051310
     0.656218     0.749999     0.044178
     0.765049     0.750003     0.032843
     0.875848     0.750002     0.020555
     0.987848     0.749999     0.010302
     0.017130     0.857306     0.020323
     0.126326     0.858220     0.028907
     0.231391     0.859501     0.035474
     0.339682     0.862482     0.037807
     0.445436     0.864226     0.037964
     0.554564     0.864226     0.037964
     0.660320     0.862482     0.037809
     0.768608     0.859502     0.035476
     0.873673     0.858220     0.028907
     0.982870     0.857306     0.020322
     0.009804     0.967358     0.029431
     0.117302     0.972089     0.031249
     0.224162     0.972385     0.027916
     0.334053     0.972576     0.020827
     0.443895     0.972706     0.014988
     0.556106     0.972706     0.014987
     0.665947     0.972576     0.020827
     0.775839     0.972387     0.027915
     0.882700     0.972089     0.031249
     0.990197     0.967358     0.029433
     0.002614     1.078029     0.019823
     0.111575     1.080347     0.015337
     0.223791     1.079888     0.009744
     0.333769     1.080642     0.005763
     0.445237     1.080142     0.003243
     0.554763     1.080141     0.003243
     0.666231     1.080643     0.005761
     0.776209     1.079888     0.009742
     0.888426     1.080346     0.015336
     0.997387     1.078030     0.019825
     0.001561     1.186868     0.007214
     0.112088     1.187933     0.003428
     0.223276     1.187701     0.001211
     0.333298     1.188032     0.000708
     0.444894     1.188087     0.000552
     0.555106     1.188087     0.000552
     0.666701     1.188033     0.000707
     0.776724     1.187701     0.001210
     0.887912     1.187933     0.003427
     0.998439     1.186869     0.007213
     0.000563     1.294386     0.002410
     0.111207     1.295041     0.000803
     0.222650     1.295290     0.000218
     0.333282     1.295408     0.000082
     0.444752     1.295254     0.000049
     0.555248     1.295254     0.000049
     0.666718     1.295408     0.000082
     0.777350     1.295290     0.000218
     0.888793     1.295041     0.000803
     0.999437     1.294386     0.002410
     0.000303     1.402639     0.001225
     0.111067     1.402732     0.000389
     0.222347     1.402713     0.000000
     0.333292     1.402762     0.000000
     0.444542     1.402794     0.000000
     0.555458     1.402794     0.000000
     0.666709     1.402762     0.000000
     0.777653     1.402713     0.000000
     0.888933     1.402732     0.000390
     0.999697     1.402639     0.001226
     0.000000     1.510000     0.000454
     0.111111     1.510000     0.000112
     0.222222     1.510000     0.000000
     0.333333     1.510000     0.000000
     0.444444     1.510000     0.000000
     0.555556     1.510000     0.000000
     0.666667     1.510000     0.000000
     0.777778     1.510000     0.000000
     0.888889     1.510000     0.000113
     1.000000     1.510000     0.000454
