                 5.339682                 0.000005
                 9.954215                 0.000020
                17.640157                 0.000044
                28.391806                 0.000079
                42.196382                 0.000123
                59.037552                 0.000177
                78.898099                 0.000240
               101.758613                 0.000313
               127.591760                 0.000396
               156.368438                 0.000488
               188.061285                 0.000590
               222.634475                 0.000701
               260.049024                 0.000821
               300.266942                 0.000950
               343.235026                 0.001088
               378.371463                 0.001234
               402.520677                 0.001390
               425.759036                 0.001554
               448.844387                 0.001726
               471.846774                 0.001906
               494.687932                 0.002094
               517.168156                 0.002290
               539.043110                 0.002494
               560.067635                 0.002705
               579.394538                 0.002923
               597.304774                 0.003148
               613.529122                 0.003380
               627.966677                 0.003619
               640.473124                 0.003863
               651.715725                 0.004114
               661.433765                 0.004371
               669.798508                 0.004633
               676.885638                 0.004900
               682.611894                 0.005173
               687.057049                 0.005450
               690.330134                 0.005732
               692.274475                 0.006018
               692.936544                 0.006307
               692.131445                 0.006601
               689.804101                 0.006898
               685.869898                 0.007197
               680.361814                 0.007500
               673.503611                 0.007805
               665.501854                 0.008112
               656.486114                 0.008421
               646.680810                 0.008732
               636.240238                 0.009044
               625.289357                 0.009357
               613.937441                 0.009670
               602.298457                 0.009984
