     0.995316    -0.002138     0.000053
     0.905435    -0.007533     0.000038
     0.940281     0.012909     0.000048
     0.975199     0.032883     0.000057
     0.850427     0.007206     0.000025
     0.885191     0.027242     0.000036
     0.920100     0.047641     0.000046
     0.954848     0.067902     0.000056
     0.989607     0.088255     0.000064
     0.760546     0.001811     0.000006
     0.795271     0.022343     0.000012
     0.830426     0.042189     0.000021
     0.865070     0.062580     0.000032
     0.899877     0.082592     0.000043
     0.934681     0.102924     0.000053
     0.969338     0.123020     0.000061
     0.670665    -0.003584     0.000000
     0.705386     0.016921     0.000001
     0.740391     0.036503     0.000004
     0.775193     0.057089     0.000008
     0.810113     0.077034     0.000016
     0.844860     0.097503     0.000027
     0.879815     0.117519     0.000039
     0.914489     0.138060     0.000048
     0.949379     0.158280     0.000055
     0.984043     0.178658     0.000059
     0.580783    -0.008979     0.000000
     0.615550     0.011440     0.000000
     0.650489     0.031117     0.000000
     0.685346     0.051759     0.000000
     0.720283     0.071705     0.000002
     0.755009     0.092134     0.000005
     0.789978     0.112058     0.000012
     0.824692     0.132465     0.000021
     0.859535     0.152502     0.000032
     0.894256     0.172833     0.000040
     0.929077     0.192952     0.000046
     0.963721     0.213453     0.000051
     0.998555     0.233727     0.000056
     0.525775     0.005760     0.000000
     0.560574     0.025784     0.000000
     0.595489     0.046275     0.000000
     0.630393     0.066280     0.000000
     0.665143     0.086594     0.000000
     0.700118     0.106527     0.000001
     0.734881     0.126904     0.000003
     0.769787     0.146976     0.000007
     0.804492     0.167387     0.000015
     0.839442     0.187484     0.000024
     0.874092     0.207928     0.000032
     0.908888     0.228142     0.000039
     0.943575     0.248510     0.000047
     0.978389     0.268624     0.000067
     0.435894     0.000365     0.000000
     0.470702     0.020668     0.000000
     0.505685     0.040780     0.000000
     0.540498     0.060867     0.000000
     0.575312     0.081117     0.000000
     0.610228     0.101125     0.000000
     0.645048     0.121532     0.000000
     0.679940     0.141570     0.000000
     0.714689     0.161969     0.000001
     0.749614     0.181944     0.000004
     0.784357     0.202334     0.000010
     0.819186     0.222388     0.000018
     0.853933     0.242833     0.000025
     0.888806     0.262925     0.000034
     0.923470     0.283467     0.000065
     0.958342     0.303662     0.000140
     0.993013     0.324019     0.000270
     0.346013    -0.005030     0.000000
     0.380819     0.015306     0.000000
     0.415772     0.035204     0.000000
     0.450598     0.055453     0.000000
     0.485500     0.075643     0.000000
     0.520335     0.095755     0.000000
     0.555230     0.116059     0.000000
     0.590084     0.136129     0.000000
     0.624895     0.156400     0.000000
     0.659805     0.176437     0.000000
     0.694584     0.196742     0.000002
     0.729440     0.216876     0.000005
     0.764137     0.237251     0.000011
     0.799053     0.257390     0.000017
     0.833690     0.277726     0.000024
     0.868459     0.298057     0.000044
     0.903182     0.318262     0.000139
     0.937990     0.338600     0.000354
     0.972630     0.358765     0.000689
     0.291005     0.009709     0.000000
     0.325801     0.029794     0.000000
     0.360724     0.050080     0.000000
     0.395592     0.070322     0.000000
     0.430465     0.090403     0.000000
     0.465342     0.110651     0.000000
     0.500247     0.130687     0.000000
     0.535046     0.150958     0.000000
     0.569956     0.171004     0.000000
     0.604751     0.191367     0.000001
     0.639617     0.211412     0.000002
     0.674357     0.231828     0.000006
     0.709259     0.251810     0.000012
     0.744013     0.272187     0.000019
     0.778789     0.292260     0.000024
     0.813539     0.312721     0.000034
     0.848418     0.332783     0.000117
     0.883071     0.353318     0.000398
     0.917878     0.373564     0.000882
     0.952665     0.393971     0.001495
     0.987077     0.414582     0.002154
     0.201124     0.004315     0.000013
     0.235870     0.024813     0.000004
     0.270973     0.044650     0.000001
     0.305734     0.065011     0.000000
     0.340640     0.084977     0.000000
     0.375527     0.105209     0.000000
     0.410395     0.125272     0.000000
     0.445271     0.145527     0.000000
     0.480089     0.165624     0.000000
     0.514983     0.185925     0.000000
     0.549813     0.205961     0.000001
     0.584634     0.226268     0.000003
     0.619507     0.246309     0.000007
     0.654304     0.266605     0.000014
     0.689101     0.286737     0.000025
     0.723774     0.307167     0.000033
     0.758650     0.327229     0.000045
     0.793349     0.347583     0.000099
     0.827874     0.367845     0.000363
     0.862807     0.388157     0.000954
     0.897409     0.408230     0.001754
     0.932228     0.429046     0.002593
     0.966209     0.448981     0.003362
     0.111243    -0.001080     0.000068
     0.145946     0.019527     0.000042
     0.181027     0.039032     0.000021
     0.215793     0.059594     0.000008
     0.250766     0.079531     0.000002
     0.285543     0.099838     0.000000
     0.320534     0.119875     0.000000
     0.355286     0.140211     0.000000
     0.390273     0.160229     0.000000
     0.425044     0.180540     0.000000
     0.460057     0.200516     0.000000
     0.494768     0.220825     0.000001
     0.529727     0.240881     0.000003
     0.564462     0.261230     0.000008
     0.599346     0.281251     0.000018
     0.634014     0.301740     0.000031
     0.668927     0.321635     0.000046
     0.703678     0.342130     0.000064
     0.738398     0.362029     0.000114
     0.773052     0.382805     0.000308
     0.807976     0.402490     0.000862
     0.842590     0.423287     0.001802
     0.877219     0.443161     0.002860
     0.911455     0.463704     0.003791
     0.948318     0.484571     0.004471
     0.974040     0.512155     0.004819
     0.021362    -0.006475     0.000130
     0.056151     0.013943     0.000105
     0.091109     0.033640     0.000079
     0.125913     0.054300     0.000054
     0.160924     0.074322     0.000031
     0.195679     0.094655     0.000014
     0.230749     0.114617     0.000005
     0.265535     0.134919     0.000002
     0.300489     0.154906     0.000001
     0.335345     0.175123     0.000000
     0.370236     0.195166     0.000001
     0.405087     0.215402     0.000002
     0.439885     0.235521     0.000003
     0.474767     0.255818     0.000005
     0.509598     0.275805     0.000011
     0.544383     0.296181     0.000021
     0.579249     0.316180     0.000037
     0.614053     0.336507     0.000059
     0.648841     0.356586     0.000085
     0.683317     0.377135     0.000134
     0.718338     0.397143     0.000287
     0.752851     0.417402     0.000723
     0.787425     0.437790     0.001607
     0.822213     0.457840     0.002839
     0.856917     0.478643     0.004017
     0.892557     0.498539     0.004855
     0.918436     0.517652     0.005250
     0.944470     0.543594     0.005193
     0.981508     0.565127     0.004672
     0.001342     0.028553     0.000139
     0.036223     0.048737     0.000112
     0.071200     0.069101     0.000086
     0.105784     0.089258     0.000064
     0.140960     0.109196     0.000044
     0.175624     0.129440     0.000027
     0.210650     0.149500     0.000013
     0.245316     0.169756     0.000007
     0.280396     0.189790     0.000005
     0.315050     0.210105     0.000005
     0.350131     0.230121     0.000008
     0.384801     0.250453     0.000012
     0.419928     0.270386     0.000015
     0.454526     0.290704     0.000021
     0.489553     0.310809     0.000032
     0.524191     0.331080     0.000052
     0.559200     0.351169     0.000080
     0.593656     0.371606     0.000116
     0.628696     0.391689     0.000162
     0.663287     0.411996     0.000282
     0.698259     0.432016     0.000623
     0.732351     0.453035     0.001352
     0.767782     0.472229     0.002510
     0.801990     0.493529     0.003892
     0.836890     0.511405     0.005031
     0.865969     0.537873     0.005604
     0.894278     0.561845     0.005583
     0.928687     0.581274     0.005072
     0.963459     0.600589     0.004164
     0.016184     0.083691     0.000117
     0.050908     0.103912     0.000096
     0.085797     0.124241     0.000078
     0.120755     0.144336     0.000062
     0.155571     0.164650     0.000046
     0.190611     0.184633     0.000031
     0.225453     0.204904     0.000021
     0.260348     0.224870     0.000017
     0.295280     0.245087     0.000018
     0.330084     0.265071     0.000025
     0.365042     0.285318     0.000033
     0.399662     0.305446     0.000041
     0.434669     0.325762     0.000055
     0.469357     0.345655     0.000080
     0.504264     0.366150     0.000119
     0.538914     0.386005     0.000167
     0.573953     0.406542     0.000223
     0.608398     0.426310     0.000318
     0.643204     0.447375     0.000571
     0.677504     0.466780     0.001154
     0.712988     0.487832     0.002144
     0.746981     0.507377     0.003450
     0.781847     0.528916     0.004789
     0.812848     0.549897     0.005703
     0.842449     0.569760     0.005890
     0.874308     0.593580     0.005425
     0.907935     0.615751     0.004520
     0.942724     0.636226     0.003392
     0.977666     0.656308     0.002242
     0.031167     0.139342     0.000107
     0.065826     0.159297     0.000097
     0.100941     0.179279     0.000086
     0.135623     0.199411     0.000071
     0.170546     0.219485     0.000054
     0.205178     0.239772     0.000042
     0.240297     0.259703     0.000037
     0.274931     0.280097     0.000041
     0.310022     0.300008     0.000051
     0.344676     0.320466     0.000065
     0.379788     0.340237     0.000083
     0.414442     0.360694     0.000113
     0.449284     0.380694     0.000160
     0.484142     0.401076     0.000223
     0.518960     0.420952     0.000298
     0.553454     0.441783     0.000392
     0.588253     0.461497     0.000588
     0.623012     0.482239     0.001041
     0.657992     0.501876     0.001871
     0.691667     0.522708     0.003040
     0.727225     0.542597     0.004332
     0.759377     0.563736     0.005423
     0.790346     0.587453     0.005944
     0.819469     0.611134     0.005688
     0.852544     0.631747     0.004820
     0.887932     0.650942     0.003674
     0.923152     0.670526     0.002526
     0.957478     0.690904     0.001597
     0.011001     0.174259     0.000126
     0.045794     0.194427     0.000124
     0.080782     0.214398     0.000116
     0.115537     0.234843     0.000102
     0.150561     0.254740     0.000085
     0.185472     0.275016     0.000071
     0.220296     0.294854     0.000067
     0.255294     0.315125     0.000076
     0.290045     0.334991     0.000097
     0.325078     0.355278     0.000124
     0.359516     0.375433     0.000161
     0.394590     0.395785     0.000213
     0.429272     0.415587     0.000286
     0.464146     0.436051     0.000377
     0.498710     0.456088     0.000483
     0.533673     0.476458     0.000649
     0.568381     0.496567     0.001006
     0.602675     0.516918     0.001694
     0.637288     0.537833     0.002721
     0.672292     0.557374     0.003956
     0.705975     0.578794     0.005104
     0.736266     0.600225     0.005808
     0.766202     0.622698     0.005829
     0.799690     0.643778     0.005145
     0.835089     0.664743     0.004004
     0.868219     0.685949     0.002802
     0.903061     0.706687     0.001825
     0.937573     0.726770     0.001224
     0.972147     0.747002     0.000967
     0.025979     0.229559     0.000159
     0.060981     0.249326     0.000152
     0.095673     0.269519     0.000138
     0.130470     0.289492     0.000124
     0.165038     0.309852     0.000114
     0.200384     0.329704     0.000118
     0.234842     0.350105     0.000144
     0.270180     0.370020     0.000193
     0.304535     0.390516     0.000251
     0.339970     0.410395     0.000320
     0.374334     0.430548     0.000411
     0.409410     0.451025     0.000522
     0.443908     0.470838     0.000650
     0.479141     0.491327     0.000809
     0.512873     0.511356     0.001095
     0.548123     0.532182     0.001656
     0.582186     0.551997     0.002552
     0.617769     0.572144     0.003692
     0.651141     0.592963     0.004857
     0.683672     0.614682     0.005739
     0.713507     0.638376     0.006025
     0.746351     0.659815     0.005587
     0.779102     0.681646     0.004577
     0.812455     0.702122     0.003344
     0.847970     0.721833     0.002279
     0.883059     0.740483     0.001593
     0.917236     0.761715     0.001278
     0.951530     0.781350     0.001201
     0.006118     0.264678     0.000197
     0.041122     0.284797     0.000205
     0.075701     0.305318     0.000225
     0.110696     0.325300     0.000252
     0.145681     0.345073     0.000286
     0.180571     0.365082     0.000332
     0.215453     0.385157     0.000401
     0.250401     0.405163     0.000497
     0.285240     0.425266     0.000606
     0.319793     0.445777     0.000729
     0.354680     0.465855     0.000876
     0.389657     0.485977     0.001041
     0.424448     0.506086     0.001226
     0.458873     0.526894     0.001480
     0.493811     0.546986     0.001934
     0.528368     0.566996     0.002703
     0.562829     0.587658     0.003747
     0.596762     0.607784     0.004899
     0.630154     0.629016     0.005887
     0.660171     0.650731     0.006415
     0.691816     0.672871     0.006289
     0.725374     0.694622     0.005521
     0.759650     0.715554     0.004377
     0.795608     0.735585     0.003245
     0.829276     0.756835     0.002429
     0.864311     0.777928     0.002026
     0.898532     0.798258     0.001929
     0.934149     0.818551     0.002023
     0.967567     0.838501     0.002212
     0.020933     0.319501     0.000395
     0.055525     0.339618     0.000537
     0.090556     0.359659     0.000689
     0.125200     0.380027     0.000846
     0.160548     0.399779     0.000996
     0.194995     0.420222     0.001143
     0.230282     0.439989     0.001296
     0.264592     0.460737     0.001455
     0.299925     0.480388     0.001625
     0.334544     0.500638     0.001823
     0.369206     0.520903     0.002039
     0.404181     0.541242     0.002289
     0.438902     0.561394     0.002674
     0.473490     0.582228     0.003326
     0.507968     0.602575     0.004270
     0.542570     0.623192     0.005376
     0.577155     0.643326     0.006428
     0.607583     0.666306     0.007161
     0.638400     0.688538     0.007327
     0.671338     0.709606     0.006845
     0.704848     0.730236     0.005873
     0.738291     0.751079     0.004756
     0.771912     0.771945     0.003843
     0.806931     0.791185     0.003305
     0.842409     0.810317     0.003110
     0.876458     0.831231     0.003151
     0.911349     0.851463     0.003357
     0.945867     0.872569     0.003630
     0.981547     0.892615     0.003899
     0.036076     0.375896     0.001233
     0.070628     0.395575     0.001550
     0.106331     0.415296     0.001860
     0.140709     0.435152     0.002148
     0.176089     0.455599     0.002393
     0.210559     0.475138     0.002592
     0.245763     0.495703     0.002771
     0.279724     0.515688     0.002951
     0.315244     0.536505     0.003164
     0.349769     0.556066     0.003410
     0.384990     0.576601     0.003739
     0.418681     0.597035     0.004286
     0.453884     0.617393     0.005124
     0.487969     0.637339     0.006166
     0.523023     0.658091     0.007217
     0.554641     0.680145     0.008048
     0.585621     0.702900     0.008440
     0.618466     0.724487     0.008247
     0.652645     0.745658     0.007506
     0.685929     0.766910     0.006465
     0.720841     0.787474     0.005489
     0.756062     0.806764     0.004832
     0.790736     0.827847     0.004519
     0.824368     0.848519     0.004424
     0.859008     0.868925     0.004482
     0.893490     0.888290     0.004653
     0.927665     0.908812     0.004834
     0.962373     0.928028     0.004979
     0.016149     0.410508     0.002283
     0.051109     0.429956     0.002703
     0.085810     0.450411     0.003095
     0.121012     0.469987     0.003460
     0.155632     0.490714     0.003770
     0.190822     0.510116     0.003996
     0.225779     0.531939     0.004159
     0.260831     0.550966     0.004317
     0.296085     0.571479     0.004521
     0.330161     0.591597     0.004798
     0.365667     0.612517     0.005237
     0.399912     0.632566     0.005959
     0.434930     0.653747     0.006920
     0.468537     0.673571     0.007926
     0.502540     0.694777     0.008756
     0.533325     0.716775     0.009231
     0.565261     0.739781     0.009210
     0.597915     0.760126     0.008672
     0.632004     0.781747     0.007767
     0.665447     0.801799     0.006798
     0.700586     0.822851     0.006052
     0.733321     0.843190     0.005626
     0.768696     0.862953     0.005443
     0.803167     0.881706     0.005379
     0.838602     0.903098     0.005368
     0.872423     0.923217     0.005385
     0.908243     0.944448     0.005351
     0.942821     0.964019     0.005274
     0.979739     0.982533     0.005176
     0.031558     0.466941     0.003863
     0.066696     0.485135     0.004195
     0.102279     0.505974     0.004505
     0.136629     0.526049     0.004767
     0.173130     0.545923     0.004949
     0.206872     0.566209     0.005081
     0.243167     0.587502     0.005212
     0.277374     0.607840     0.005419
     0.314595     0.628522     0.005770
     0.348649     0.648695     0.006381
     0.384041     0.670426     0.007276
     0.417596     0.690740     0.008259
     0.452312     0.711620     0.009066
     0.484460     0.733232     0.009511
     0.514743     0.756491     0.009509
     0.547217     0.777918     0.009051
     0.581519     0.798364     0.008235
     0.615476     0.819084     0.007287
     0.650114     0.840036     0.006481
     0.684709     0.860606     0.005968
     0.720927     0.880805     0.005699
     0.756227     0.901653     0.005569
     0.791039     0.922711     0.005501
     0.825520     0.942847     0.005415
     0.861399     0.962860     0.005274
     0.896845     0.983054     0.005048
     0.932449     1.004286     0.004765
     0.967855     1.022715     0.004439
     0.018604     0.506582     0.004667
     0.054924     0.524629     0.004818
     0.089904     0.544789     0.004955
     0.125869     0.565812     0.005049
     0.160391     0.585586     0.005086
     0.195650     0.607056     0.005146
     0.230466     0.625893     0.005266
     0.265699     0.645941     0.005523
     0.299568     0.665914     0.006030
     0.333992     0.687595     0.006859
     0.368017     0.707680     0.007877
     0.401677     0.729514     0.008767
     0.435007     0.749619     0.009255
     0.465531     0.773485     0.009241
     0.497249     0.795214     0.008758
     0.531524     0.816014     0.007930
     0.565481     0.836256     0.006949
     0.600009     0.857380     0.006060
     0.634773     0.877615     0.005439
     0.670155     0.897829     0.005089
     0.704512     0.918633     0.004882
     0.739169     0.938493     0.004748
     0.774658     0.958720     0.004649
     0.809865     0.979241     0.004524
     0.845246     0.999641     0.004321
     0.879581     1.019892     0.004017
     0.914926     1.039599     0.003639
     0.949378     1.060040     0.003208
     0.984068     1.079403     0.002718
     0.037289     0.561821     0.004751
     0.071952     0.580227     0.004672
     0.106530     0.601353     0.004552
     0.140599     0.620318     0.004426
     0.175516     0.640973     0.004405
     0.209274     0.661479     0.004547
     0.244185     0.682162     0.004928
     0.279113     0.701605     0.005662
     0.313976     0.722365     0.006693
     0.347192     0.743723     0.007730
     0.381323     0.764863     0.008403
     0.413556     0.786890     0.008506
     0.444636     0.809789     0.008055
     0.477367     0.831270     0.007206
     0.512018     0.852179     0.006164
     0.546186     0.872306     0.005166
     0.581313     0.892768     0.004410
     0.615335     0.912991     0.003952
     0.650515     0.933583     0.003684
     0.684801     0.953547     0.003487
     0.720531     0.973911     0.003328
     0.754402     0.994169     0.003189
     0.789678     1.014482     0.003036
     0.823989     1.034154     0.002850
     0.859359     1.054601     0.002594
     0.893682     1.074432     0.002272
     0.929183     1.094526     0.001900
     0.963937     1.113964     0.001498
     0.018060     0.597172     0.003929
     0.053683     0.617164     0.003701
     0.087915     0.637949     0.003457
     0.123086     0.658173     0.003263
     0.157266     0.678377     0.003236
     0.192569     0.697981     0.003471
     0.227419     0.717144     0.004081
     0.261828     0.737751     0.005071
     0.294677     0.759035     0.006222
     0.328782     0.779794     0.007151
     0.361241     0.801407     0.007521
     0.392457     0.823513     0.007235
     0.422522     0.846421     0.006426
     0.457489     0.866487     0.005346
     0.491793     0.886955     0.004248
     0.526551     0.907442     0.003351
     0.560645     0.928190     0.002766
     0.595802     0.948440     0.002439
     0.630614     0.968221     0.002219
     0.665487     0.989212     0.002031
     0.700027     1.009027     0.001864
     0.735357     1.029381     0.001714
     0.769984     1.049302     0.001562
     0.805218     1.069682     0.001415
     0.839714     1.089920     0.001258
     0.875147     1.109819     0.001076
     0.909725     1.130186     0.000867
     0.944874     1.150231     0.000648
     0.979291     1.170348     0.000443
     0.032467     0.651393     0.002384
     0.066352     0.671289     0.002178
     0.101823     0.691566     0.002060
     0.136147     0.711882     0.002155
     0.171006     0.732917     0.002605
     0.205388     0.753355     0.003508
     0.240630     0.773770     0.004721
     0.274829     0.794669     0.005884
     0.308068     0.816322     0.006593
     0.339440     0.838423     0.006606
     0.369376     0.861143     0.005956
     0.403199     0.882084     0.004888
     0.438083     0.902001     0.003707
     0.471744     0.922691     0.002670
     0.506583     0.943059     0.001937
     0.541109     0.962913     0.001520
     0.576112     0.983578     0.001289
     0.610431     1.003618     0.001111
     0.645370     1.024007     0.000955
     0.680273     1.043799     0.000820
     0.714886     1.064381     0.000698
     0.749684     1.084438     0.000585
     0.784563     1.104486     0.000490
     0.819422     1.124577     0.000421
     0.854276     1.144645     0.000362
     0.889146     1.164593     0.000304
     0.924214     1.184486     0.000248
     0.958886     1.205005     0.000204
     0.993948     1.225127     0.000182
     0.048105     0.708181     0.001249
     0.082414     0.727810     0.001297
     0.117004     0.748508     0.001627
     0.151972     0.767590     0.002384
     0.187408     0.787229     0.003556
     0.221232     0.807841     0.004874
     0.253737     0.829875     0.005899
     0.286577     0.851840     0.006277
     0.315900     0.875031     0.005892
     0.349003     0.896307     0.004914
     0.382521     0.916972     0.003687
     0.417708     0.937657     0.002526
     0.451925     0.957833     0.001636
     0.487064     0.978226     0.001097
     0.521178     0.998762     0.000823
     0.556146     1.018804     0.000660
     0.591042     1.038929     0.000529
     0.625707     1.059171     0.000421
     0.660485     1.079456     0.000333
     0.695341     1.099364     0.000258
     0.730315     1.119609     0.000195
     0.765129     1.139665     0.000149
     0.799995     1.160038     0.000129
     0.835009     1.179888     0.000127
     0.869857     1.200277     0.000134
     0.904555     1.220203     0.000140
     0.939184     1.240436     0.000147
     0.974127     1.260257     0.000151
     0.027826     0.742731     0.000872
     0.062661     0.762785     0.001125
     0.097347     0.782919     0.001777
     0.131908     0.803708     0.002851
     0.166245     0.824018     0.004162
     0.200350     0.845531     0.005385
     0.234027     0.866350     0.006086
     0.263460     0.889528     0.006014
     0.294063     0.911118     0.005222
     0.327745     0.932405     0.003999
     0.362679     0.952164     0.002730
     0.397465     0.971957     0.001697
     0.431682     0.993265     0.001019
     0.466220     1.013006     0.000668
     0.501341     1.033632     0.000496
     0.535945     1.053376     0.000377
     0.570817     1.074059     0.000284
     0.605408     1.093976     0.000216
     0.640554     1.114258     0.000165
     0.675088     1.134385     0.000125
     0.710097     1.154667     0.000093
     0.744783     1.174641     0.000076
     0.779832     1.194808     0.000074
     0.814538     1.214862     0.000083
     0.849520     1.235017     0.000095
     0.884395     1.255135     0.000106
     0.919363     1.275412     0.000117
     0.954255     1.295455     0.000123
     0.989081     1.315573     0.000123
     0.042554     0.798524     0.001444
     0.076969     0.818671     0.002460
     0.112274     0.838136     0.003715
     0.147423     0.857720     0.004954
     0.180750     0.878861     0.005882
     0.210282     0.902822     0.006146
     0.239842     0.925865     0.005582
     0.273066     0.947286     0.004424
     0.308384     0.966326     0.003075
     0.342830     0.987900     0.001892
     0.376945     1.007556     0.001069
     0.411622     1.028360     0.000622
     0.446652     1.047947     0.000418
     0.481114     1.068762     0.000305
     0.515977     1.088715     0.000217
     0.550846     1.108949     0.000155
     0.585645     1.129087     0.000114
     0.620420     1.149396     0.000086
     0.655318     1.169382     0.000066
     0.690232     1.189605     0.000052
     0.725092     1.209709     0.000046
     0.759964     1.229966     0.000047
     0.794858     1.249990     0.000055
     0.829724     1.270184     0.000065
     0.864476     1.290288     0.000076
     0.899254     1.310408     0.000087
     0.934162     1.330562     0.000095
     0.968984     1.350493     0.000100
     0.022652     0.833321     0.002125
     0.057808     0.853442     0.003386
     0.092391     0.873966     0.004613
     0.126736     0.894933     0.005583
     0.157972     0.918589     0.006073
     0.186743     0.940129     0.005868
     0.218253     0.961352     0.004904
     0.253587     0.982137     0.003514
     0.287304     1.002178     0.002177
     0.322134     1.022602     0.001187
     0.357056     1.042632     0.000618
     0.391613     1.063157     0.000365
     0.426305     1.083237     0.000249
     0.461053     1.103539     0.000168
     0.495977     1.123497     0.000108
     0.530645     1.143964     0.000071
     0.565462     1.163999     0.000050
     0.600371     1.184230     0.000038
     0.635146     1.204372     0.000030
     0.670010     1.224585     0.000023
     0.704823     1.244664     0.000020
     0.739753     1.264785     0.000023
     0.774588     1.284979     0.000029
     0.809490     1.305076     0.000038
     0.844410     1.325375     0.000049
     0.879350     1.345409     0.000061
     0.914253     1.365686     0.000070
     0.949138     1.385694     0.000079
     0.983863     1.406077     0.000090
     0.036647     0.888663     0.004272
     0.071948     0.907702     0.005251
     0.106524     0.928693     0.005791
     0.133710     0.952706     0.005799
     0.162962     0.977521     0.005181
     0.198188     0.996249     0.003978
     0.232434     1.017290     0.002547
     0.267708     1.037000     0.001377
     0.302324     1.057514     0.000663
     0.336715     1.077744     0.000338
     0.371440     1.098281     0.000212
     0.406368     1.118097     0.000142
     0.441043     1.138673     0.000086
     0.475821     1.158648     0.000048
     0.510673     1.178942     0.000029
     0.545515     1.198989     0.000019
     0.580312     1.219299     0.000013
     0.615189     1.239331     0.000009
     0.650082     1.259549     0.000006
     0.684964     1.279692     0.000005
     0.719827     1.299859     0.000006
     0.754702     1.319999     0.000009
     0.789577     1.340101     0.000015
     0.824411     1.360290     0.000025
     0.859251     1.380402     0.000037
     0.894161     1.400700     0.000049
     0.929024     1.420745     0.000061
     0.963904     1.441184     0.000075
     0.998782     1.461256     0.000091
     0.018788     0.924046     0.004902
     0.055851     0.945090     0.005451
     0.081726     0.969892     0.005495
     0.107408     0.991782     0.005056
     0.143290     1.011218     0.004157
     0.178075     1.031726     0.002907
     0.212799     1.051849     0.001627
     0.247229     1.072172     0.000739
     0.281749     1.092754     0.000323
     0.316581     1.112614     0.000180
     0.351413     1.133076     0.000121
     0.386053     1.153146     0.000075
     0.420905     1.173495     0.000042
     0.455728     1.193478     0.000022
     0.490518     1.213880     0.000013
     0.525321     1.233929     0.000008
     0.560215     1.254178     0.000004
     0.595036     1.274304     0.000002
     0.629902     1.294485     0.000001
     0.664727     1.314618     0.000000
     0.699646     1.334749     0.000001
     0.734497     1.354976     0.000003
     0.769406     1.375063     0.000005
     0.804294     1.395388     0.000011
     0.839249     1.415371     0.000022
     0.874089     1.435659     0.000035
     0.908894     1.455733     0.000048
     0.943862     1.475951     0.000062
     0.978743     1.496229     0.000074
     0.026999     0.977534     0.005131
     0.052614     1.005905     0.004730
     0.087884     1.025623     0.003983
     0.123660     1.046628     0.002981
     0.157178     1.066198     0.001857
     0.192457     1.087438     0.000877
     0.226810     1.106814     0.000324
     0.262044     1.127695     0.000145
     0.296334     1.147557     0.000095
     0.331289     1.168208     0.000063
     0.365950     1.188033     0.000037
     0.400887     1.208545     0.000019
     0.435549     1.228549     0.000009
     0.470495     1.248832     0.000005
     0.505272     1.268893     0.000003
     0.540157     1.289149     0.000001
     0.574971     1.309249     0.000000
     0.609899     1.329451     0.000000
     0.644748     1.349622     0.000000
     0.679648     1.369723     0.000000
     0.714476     1.389938     0.000001
     0.749410     1.409978     0.000002
     0.784231     1.430221     0.000005
     0.819128     1.450308     0.000011
     0.854072     1.470826     0.000022
     0.888862     1.490834     0.000034
     0.033764     1.040784     0.003603
     0.068032     1.060989     0.002759
     0.102775     1.081288     0.001847
     0.137330     1.101817     0.000991
     0.172388     1.121578     0.000378
     0.206797     1.142286     0.000122
     0.241368     1.162426     0.000073
     0.276271     1.182743     0.000052
     0.311039     1.202840     0.000034
     0.345854     1.223149     0.000017
     0.380604     1.243281     0.000007
     0.415501     1.263482     0.000003
     0.450276     1.283710     0.000001
     0.485141     1.303878     0.000001
     0.519992     1.324060     0.000000
     0.554870     1.344216     0.000000
     0.589723     1.364347     0.000000
     0.624559     1.384534     0.000000
     0.659484     1.404679     0.000000
     0.694324     1.424911     0.000000
     0.729267     1.444966     0.000001
     0.764093     1.465411     0.000002
     0.799085     1.485108     0.000004
     0.833854     1.505573     0.000010
     0.012996     1.075265     0.002339
     0.047447     1.095782     0.001608
     0.082511     1.116038     0.000941
     0.117029     1.136424     0.000421
     0.151856     1.157001     0.000133
     0.186485     1.177095     0.000058
     0.221529     1.197429     0.000048
     0.256081     1.217550     0.000033
     0.290952     1.237979     0.000018
     0.325668     1.258009     0.000007
     0.360571     1.278372     0.000002
     0.395317     1.298434     0.000001
     0.430205     1.318677     0.000000
     0.465041     1.338762     0.000000
     0.499897     1.358985     0.000000
     0.534746     1.379118     0.000000
     0.569647     1.399351     0.000000
     0.604521     1.419493     0.000000
     0.639401     1.439588     0.000000
     0.674166     1.459821     0.000000
     0.709198     1.479764     0.000000
     0.743973     1.500178     0.000001
     0.027535     1.130933     0.000738
     0.062230     1.151056     0.000375
     0.096839     1.171554     0.000150
     0.131800     1.191446     0.000060
     0.166378     1.212090     0.000046
     0.201050     1.232291     0.000035
     0.235889     1.252630     0.000022
     0.270701     1.272716     0.000011
     0.305546     1.293023     0.000003
     0.340310     1.313139     0.000000
     0.375223     1.333392     0.000000
     0.410005     1.353580     0.000000
     0.444912     1.373756     0.000000
     0.479726     1.393968     0.000000
     0.514676     1.414043     0.000000
     0.549467     1.434226     0.000000
     0.584364     1.454340     0.000000
     0.619277     1.474715     0.000000
     0.654092     1.494783     0.000000
     0.007186     1.165675     0.000269
     0.041889     1.186003     0.000138
     0.076702     1.206308     0.000071
     0.111418     1.226810     0.000049
     0.146118     1.247028     0.000041
     0.181076     1.267265     0.000030
     0.215747     1.287458     0.000018
     0.250596     1.307781     0.000007
     0.285352     1.327929     0.000001
     0.320244     1.348206     0.000000
     0.355035     1.368279     0.000000
     0.389891     1.388525     0.000000
     0.424781     1.408581     0.000000
     0.459596     1.428842     0.000000
     0.494498     1.448900     0.000000
     0.529366     1.469358     0.000000
     0.564296     1.489161     0.000000
     0.599084     1.509522     0.000000
     0.021752     1.221066     0.000070
     0.056490     1.241231     0.000057
     0.091318     1.261421     0.000053
     0.125963     1.281883     0.000044
     0.160705     1.302178     0.000031
     0.195513     1.322497     0.000017
     0.230380     1.342614     0.000006
     0.265200     1.362857     0.000001
     0.300017     1.383016     0.000000
     0.334913     1.403272     0.000000
     0.369739     1.423472     0.000000
     0.404642     1.443582     0.000000
     0.439464     1.463951     0.000000
     0.474437     1.483734     0.000000
     0.509203     1.504127     0.000000
     0.001595     1.255989     0.000068
     0.036442     1.276287     0.000067
     0.071124     1.296759     0.000059
     0.105772     1.317015     0.000048
     0.140693     1.337122     0.000034
     0.175381     1.357357     0.000020
     0.210237     1.377586     0.000007
     0.245032     1.397872     0.000001
     0.279932     1.418013     0.000000
     0.314741     1.438149     0.000000
     0.349514     1.458337     0.000000
     0.384539     1.478359     0.000000
     0.419322     1.498732     0.000000
     0.016091     1.311032     0.000074
     0.050745     1.331328     0.000065
     0.085576     1.351770     0.000052
     0.120351     1.372094     0.000037
     0.155142     1.392447     0.000021
     0.190091     1.412465     0.000008
     0.224838     1.432732     0.000001
     0.259730     1.452805     0.000000
     0.294653     1.473312     0.000000
     0.329441     1.493337     0.000000
     0.030804     1.366701     0.000067
     0.065352     1.386889     0.000053
     0.100283     1.406982     0.000038
     0.134974     1.427268     0.000023
     0.169888     1.447336     0.000009
     0.204735     1.467988     0.000001
     0.239675     1.487619     0.000000
     0.274433     1.508077     0.000000
     0.010475     1.401459     0.000067
     0.045196     1.421876     0.000053
     0.080035     1.442006     0.000038
     0.114810     1.462578     0.000023
     0.149821     1.482119     0.000010
     0.184552     1.502681     0.000002
     0.024893     1.456852     0.000052
     0.059841     1.476776     0.000037
     0.094670     1.497287     0.000023
     0.004789     1.491892     0.000049
