     0.995316    -0.002138     0.000433
     0.905435    -0.007533     0.000310
     0.940281     0.012909     0.000390
     0.975199     0.032883     0.000461
     0.850427     0.007206     0.000204
     0.885191     0.027242     0.000292
     0.920100     0.047641     0.000376
     0.954848     0.067902     0.000453
     0.989607     0.088255     0.000518
     0.760546     0.001811     0.000051
     0.795271     0.022343     0.000095
     0.830426     0.042189     0.000171
     0.865070     0.062580     0.000262
     0.899877     0.082592     0.000353
     0.934681     0.102924     0.000434
     0.969338     0.123020     0.000499
     0.670665    -0.003584     0.000000
     0.705386     0.016921     0.000010
     0.740391     0.036503     0.000034
     0.775193     0.057089     0.000067
     0.810113     0.077034     0.000133
     0.844860     0.097503     0.000224
     0.879815     0.117519     0.000316
     0.914489     0.138060     0.000393
     0.949379     0.158280     0.000449
     0.984043     0.178658     0.000480
     0.580783    -0.008979     0.000000
     0.615550     0.011440     0.000000
     0.650489     0.031117     0.000000
     0.685346     0.051759     0.000003
     0.720283     0.071705     0.000017
     0.755009     0.092134     0.000042
     0.789978     0.112058     0.000094
     0.824692     0.132465     0.000175
     0.859535     0.152502     0.000262
     0.894256     0.172833     0.000329
     0.929077     0.192952     0.000378
     0.963721     0.213453     0.000418
     0.998555     0.233727     0.000455
     0.525775     0.005760     0.000000
     0.560574     0.025784     0.000000
     0.595489     0.046275     0.000000
     0.630393     0.066280     0.000000
     0.665143     0.086594     0.000000
     0.700118     0.106527     0.000005
     0.734881     0.126904     0.000021
     0.769787     0.146976     0.000058
     0.804492     0.167387     0.000124
     0.839442     0.187484     0.000199
     0.874092     0.207928     0.000258
     0.908888     0.228142     0.000318
     0.943575     0.248510     0.000380
     0.978389     0.268624     0.000549
     0.435894     0.000365     0.000000
     0.470702     0.020668     0.000000
     0.505685     0.040780     0.000000
     0.540498     0.060867     0.000000
     0.575312     0.081117     0.000000
     0.610228     0.101125     0.000000
     0.645048     0.121532     0.000000
     0.679940     0.141570     0.000000
     0.714689     0.161969     0.000007
     0.749614     0.181944     0.000036
     0.784357     0.202334     0.000086
     0.819186     0.222388     0.000144
     0.853933     0.242833     0.000202
     0.888806     0.262925     0.000280
     0.923470     0.283467     0.000528
     0.958342     0.303662     0.001143
     0.993013     0.324019     0.002193
     0.346013    -0.005030     0.000000
     0.380819     0.015306     0.000000
     0.415772     0.035204     0.000000
     0.450598     0.055453     0.000000
     0.485500     0.075643     0.000000
     0.520335     0.095755     0.000000
     0.555230     0.116059     0.000000
     0.590084     0.136129     0.000000
     0.624895     0.156400     0.000000
     0.659805     0.176437     0.000003
     0.694584     0.196742     0.000014
     0.729440     0.216876     0.000044
     0.764137     0.237251     0.000089
     0.799053     0.257390     0.000136
     0.833690     0.277726     0.000198
     0.868459     0.298057     0.000356
     0.903182     0.318262     0.001130
     0.937990     0.338600     0.002862
     0.972630     0.358765     0.005529
     0.291005     0.009709     0.000002
     0.325801     0.029794     0.000000
     0.360724     0.050080     0.000000
     0.395592     0.070322     0.000000
     0.430465     0.090403     0.000000
     0.465342     0.110651     0.000000
     0.500247     0.130687     0.000000
     0.535046     0.150958     0.000000
     0.569956     0.171004     0.000000
     0.604751     0.191367     0.000006
     0.639617     0.211412     0.000019
     0.674357     0.231828     0.000046
     0.709259     0.251810     0.000094
     0.744013     0.272187     0.000151
     0.778789     0.292260     0.000197
     0.813539     0.312721     0.000276
     0.848418     0.332783     0.000952
     0.883071     0.353318     0.003217
     0.917878     0.373564     0.007050
     0.952665     0.393971     0.011770
     0.987077     0.414582     0.016704
     0.201124     0.004315     0.000103
     0.235870     0.024813     0.000035
     0.270973     0.044650     0.000006
     0.305734     0.065011     0.000000
     0.340640     0.084977     0.000000
     0.375527     0.105209     0.000000
     0.410395     0.125272     0.000000
     0.445271     0.145527     0.000000
     0.480089     0.165624     0.000000
     0.514983     0.185925     0.000000
     0.549813     0.205961     0.000005
     0.584634     0.226268     0.000024
     0.619507     0.246309     0.000057
     0.654304     0.266605     0.000117
     0.689101     0.286737     0.000202
     0.723774     0.307167     0.000272
     0.758650     0.327229     0.000367
     0.793349     0.347583     0.000805
     0.827874     0.367845     0.002936
     0.862807     0.388157     0.007613
     0.897409     0.408230     0.013728
     0.932228     0.429046     0.019908
     0.966209     0.448981     0.025375
     0.111243    -0.001080     0.000551
     0.145946     0.019527     0.000346
     0.181027     0.039032     0.000171
     0.215793     0.059594     0.000063
     0.250766     0.079531     0.000017
     0.285543     0.099838     0.000003
     0.320534     0.119875     0.000001
     0.355286     0.140211     0.000000
     0.390273     0.160229     0.000000
     0.425044     0.180540     0.000001
     0.460057     0.200516     0.000003
     0.494768     0.220825     0.000006
     0.529727     0.240881     0.000024
     0.564462     0.261230     0.000069
     0.599346     0.281251     0.000144
     0.634014     0.301740     0.000250
     0.668927     0.321635     0.000374
     0.703678     0.342130     0.000518
     0.738398     0.362029     0.000924
     0.773052     0.382805     0.002499
     0.807976     0.402490     0.006891
     0.842590     0.423287     0.014086
     0.877219     0.443161     0.021829
     0.911455     0.463704     0.028346
     0.948318     0.484571     0.032946
     0.974040     0.512155     0.035252
     0.021362    -0.006475     0.001061
     0.056151     0.013943     0.000853
     0.091109     0.033640     0.000640
     0.125913     0.054300     0.000439
     0.160924     0.074322     0.000257
     0.195679     0.094655     0.000116
     0.230749     0.114617     0.000039
     0.265535     0.134919     0.000015
     0.300489     0.154906     0.000007
     0.335345     0.175123     0.000003
     0.370236     0.195166     0.000010
     0.405087     0.215402     0.000020
     0.439885     0.235521     0.000027
     0.474767     0.255818     0.000041
     0.509598     0.275805     0.000087
     0.544383     0.296181     0.000174
     0.579249     0.316180     0.000300
     0.614053     0.336507     0.000477
     0.648841     0.356586     0.000693
     0.683317     0.377135     0.001089
     0.718338     0.397143     0.002325
     0.752851     0.417402     0.005800
     0.787425     0.437790     0.012617
     0.822213     0.457840     0.021673
     0.856917     0.478643     0.029890
     0.892557     0.498539     0.035486
     0.918436     0.517652     0.038066
     0.944470     0.543594     0.037695
     0.981508     0.565127     0.034280
     0.001342     0.028553     0.001129
     0.036223     0.048737     0.000911
     0.071200     0.069101     0.000704
     0.105784     0.089258     0.000522
     0.140960     0.109196     0.000359
     0.175624     0.129440     0.000217
     0.210650     0.149500     0.000108
     0.245316     0.169756     0.000056
     0.280396     0.189790     0.000038
     0.315050     0.210105     0.000043
     0.350131     0.230121     0.000067
     0.384801     0.250453     0.000095
     0.419928     0.270386     0.000122
     0.454526     0.290704     0.000169
     0.489553     0.310809     0.000261
     0.524191     0.331080     0.000425
     0.559200     0.351169     0.000654
     0.593656     0.371606     0.000944
     0.628696     0.391689     0.001321
     0.663287     0.411996     0.002290
     0.698259     0.432016     0.005012
     0.732351     0.453035     0.010680
     0.767782     0.472229     0.019307
     0.801990     0.493529     0.029036
     0.836890     0.511405     0.036642
     0.865969     0.537873     0.040338
     0.894278     0.561845     0.040204
     0.928687     0.581274     0.036909
     0.963459     0.600589     0.030888
     0.016184     0.083691     0.000954
     0.050908     0.103912     0.000779
     0.085797     0.124241     0.000638
     0.120755     0.144336     0.000506
     0.155571     0.164650     0.000376
     0.190611     0.184633     0.000253
     0.225453     0.204904     0.000173
     0.260348     0.224870     0.000139
     0.295280     0.245087     0.000149
     0.330084     0.265071     0.000200
     0.365042     0.285318     0.000268
     0.399662     0.305446     0.000334
     0.434669     0.325762     0.000448
     0.469357     0.345655     0.000651
     0.504264     0.366150     0.000968
     0.538914     0.386005     0.001359
     0.573953     0.406542     0.001808
     0.608398     0.426310     0.002575
     0.643204     0.447375     0.004597
     0.677504     0.466780     0.009160
     0.712988     0.487832     0.016627
     0.746981     0.507377     0.025985
     0.781847     0.528916     0.035057
     0.812848     0.549897     0.040967
     0.842449     0.569760     0.042149
     0.874308     0.593580     0.039195
     0.907935     0.615751     0.033275
     0.942724     0.636226     0.025585
     0.977666     0.656308     0.017350
     0.031167     0.139342     0.000875
     0.065826     0.159297     0.000791
     0.100941     0.179279     0.000697
     0.135623     0.199411     0.000576
     0.170546     0.219485     0.000441
     0.205178     0.239772     0.000342
     0.240297     0.259703     0.000303
     0.274931     0.280097     0.000332
     0.310022     0.300008     0.000418
     0.344676     0.320466     0.000529
     0.379788     0.340237     0.000674
     0.414442     0.360694     0.000922
     0.449284     0.380694     0.001303
     0.484142     0.401076     0.001809
     0.518960     0.420952     0.002412
     0.553454     0.441783     0.003173
     0.588253     0.461497     0.004734
     0.623012     0.482239     0.008289
     0.657992     0.501876     0.014605
     0.691667     0.522708     0.023105
     0.727225     0.542597     0.032017
     0.759377     0.563736     0.039179
     0.790346     0.587453     0.042495
     0.819469     0.611134     0.040870
     0.852544     0.631747     0.035258
     0.887932     0.650942     0.027538
     0.923152     0.670526     0.019422
     0.957478     0.690904     0.012546
     0.011001     0.174259     0.001024
     0.045794     0.194427     0.001012
     0.080782     0.214398     0.000948
     0.115537     0.234843     0.000828
     0.150561     0.254740     0.000690
     0.185472     0.275016     0.000578
     0.220296     0.294854     0.000542
     0.255294     0.315125     0.000617
     0.290045     0.334991     0.000789
     0.325078     0.355278     0.001013
     0.359516     0.375433     0.001309
     0.394590     0.395785     0.001729
     0.429272     0.415587     0.002317
     0.464146     0.436051     0.003046
     0.498710     0.456088     0.003897
     0.533673     0.476458     0.005213
     0.568381     0.496567     0.008017
     0.602675     0.516918     0.013275
     0.637288     0.537833     0.020833
     0.672292     0.557374     0.029477
     0.705975     0.578794     0.037115
     0.736266     0.600225     0.041633
     0.766202     0.622698     0.041763
     0.799690     0.643778     0.037383
     0.835089     0.664743     0.029799
     0.868219     0.685949     0.021414
     0.903061     0.706687     0.014259
     0.937573     0.726770     0.009697
     0.972147     0.747002     0.007713
     0.025979     0.229559     0.001296
     0.060981     0.249326     0.001236
     0.095673     0.269519     0.001125
     0.130470     0.289492     0.001009
     0.165038     0.309852     0.000929
     0.200384     0.329704     0.000958
     0.234842     0.350105     0.001175
     0.270180     0.370020     0.001570
     0.304535     0.390516     0.002033
     0.339970     0.410395     0.002596
     0.374334     0.430548     0.003319
     0.409410     0.451025     0.004205
     0.443908     0.470838     0.005221
     0.479141     0.491327     0.006472
     0.512873     0.511356     0.008706
     0.548123     0.532182     0.012990
     0.582186     0.551997     0.019610
     0.617769     0.572144     0.027661
     0.651141     0.592963     0.035504
     0.683672     0.614682     0.041196
     0.713507     0.638376     0.043001
     0.746351     0.659815     0.040229
     0.779102     0.681646     0.033654
     0.812455     0.702122     0.025246
     0.847970     0.721833     0.017620
     0.883059     0.740483     0.012516
     0.917236     0.761715     0.010118
     0.951530     0.781350     0.009524
     0.006118     0.264678     0.001601
     0.041122     0.284797     0.001666
     0.075701     0.305318     0.001826
     0.110696     0.325300     0.002043
     0.145681     0.345073     0.002317
     0.180571     0.365082     0.002691
     0.215453     0.385157     0.003239
     0.250401     0.405163     0.004007
     0.285240     0.425266     0.004872
     0.319793     0.445777     0.005850
     0.354680     0.465855     0.006997
     0.389657     0.485977     0.008288
     0.424448     0.506086     0.009719
     0.458873     0.526894     0.011654
     0.493811     0.546986     0.015077
     0.528368     0.566996     0.020703
     0.562829     0.587658     0.028041
     0.596762     0.607784     0.035776
     0.630154     0.629016     0.042131
     0.660171     0.650731     0.045430
     0.691816     0.672871     0.044647
     0.725374     0.694622     0.039807
     0.759650     0.715554     0.032318
     0.795608     0.735585     0.024552
     0.829276     0.756835     0.018719
     0.864311     0.777928     0.015754
     0.898532     0.798258     0.015036
     0.934149     0.818551     0.015734
     0.967567     0.838501     0.017128
     0.020933     0.319501     0.003191
     0.055525     0.339618     0.004326
     0.090556     0.359659     0.005533
     0.125200     0.380027     0.006762
     0.160548     0.399779     0.007935
     0.194995     0.420222     0.009074
     0.230282     0.439989     0.010251
     0.264592     0.460737     0.011471
     0.299925     0.480388     0.012757
     0.334544     0.500638     0.014244
     0.369206     0.520903     0.015850
     0.404181     0.541242     0.017699
     0.438902     0.561394     0.020495
     0.473490     0.582228     0.025125
     0.507968     0.602575     0.031598
     0.542570     0.623192     0.038876
     0.577155     0.643326     0.045510
     0.607583     0.666306     0.049980
     0.638400     0.688538     0.050972
     0.671338     0.709606     0.048068
     0.704848     0.730236     0.042046
     0.738291     0.751079     0.034837
     0.771912     0.771945     0.028703
     0.806931     0.791185     0.024972
     0.842409     0.810317     0.023601
     0.876458     0.831231     0.023892
     0.911349     0.851463     0.025341
     0.945867     0.872569     0.027235
     0.981547     0.892615     0.029083
     0.036076     0.375896     0.009767
     0.070628     0.395575     0.012188
     0.106331     0.415296     0.014523
     0.140709     0.435152     0.016660
     0.176089     0.455599     0.018458
     0.210559     0.475138     0.019904
     0.245763     0.495703     0.021186
     0.279724     0.515688     0.022474
     0.315244     0.536505     0.023982
     0.349769     0.556066     0.025710
     0.384990     0.576601     0.027990
     0.418681     0.597035     0.031710
     0.453884     0.617393     0.037247
     0.487969     0.637339     0.043881
     0.523023     0.658091     0.050314
     0.554641     0.680145     0.055226
     0.585621     0.702900     0.057491
     0.618466     0.724487     0.056381
     0.652645     0.745658     0.052038
     0.685929     0.766910     0.045737
     0.720841     0.787474     0.039601
     0.756062     0.806764     0.035336
     0.790736     0.827847     0.033267
     0.824368     0.848519     0.032636
     0.859008     0.868925     0.033020
     0.893490     0.888290     0.034156
     0.927665     0.908812     0.035349
     0.962373     0.928028     0.036304
     0.016149     0.410508     0.017649
     0.051109     0.429956     0.020702
     0.085810     0.450411     0.023495
     0.121012     0.469987     0.026060
     0.155632     0.490714     0.028200
     0.190822     0.510116     0.029748
     0.225779     0.531939     0.030853
     0.260831     0.550966     0.031913
     0.296085     0.571479     0.033279
     0.330161     0.591597     0.035116
     0.365667     0.612517     0.037977
     0.399912     0.632566     0.042588
     0.434930     0.653747     0.048520
     0.468537     0.673571     0.054511
     0.502540     0.694777     0.059296
     0.533325     0.716775     0.061971
     0.565261     0.739781     0.061853
     0.597915     0.760126     0.058818
     0.632004     0.781747     0.053581
     0.665447     0.801799     0.047781
     0.700586     0.822851     0.043172
     0.733321     0.843190     0.040481
     0.768696     0.862953     0.039306
     0.803167     0.881706     0.038897
     0.838602     0.903098     0.038825
     0.872423     0.923217     0.038936
     0.908243     0.944448     0.038719
     0.942821     0.964019     0.038221
     0.979739     0.982533     0.037585
     0.031558     0.466941     0.028838
     0.066696     0.485135     0.031098
     0.102279     0.505974     0.033174
     0.136629     0.526049     0.034908
     0.173130     0.545923     0.036108
     0.206872     0.566209     0.036965
     0.243167     0.587502     0.037821
     0.277374     0.607840     0.039151
     0.314595     0.628522     0.041394
     0.348649     0.648695     0.045218
     0.384041     0.670426     0.050665
     0.417596     0.690740     0.056449
     0.452312     0.711620     0.061047
     0.484460     0.733232     0.063527
     0.514743     0.756491     0.063519
     0.547217     0.777918     0.060965
     0.581519     0.798364     0.056309
     0.615476     0.819084     0.050736
     0.650114     0.840036     0.045840
     0.684709     0.860606     0.042642
     0.720927     0.880805     0.040940
     0.756227     0.901653     0.040115
     0.791039     0.922711     0.039678
     0.825520     0.942847     0.039130
     0.861399     0.962860     0.038221
     0.896845     0.983054     0.036754
     0.932449     1.004286     0.034896
     0.967855     1.022715     0.032736
     0.018604     0.506582     0.034249
     0.054924     0.524629     0.035243
     0.089904     0.544789     0.036144
     0.125869     0.565812     0.036762
     0.160391     0.585586     0.037000
     0.195650     0.607056     0.037387
     0.230466     0.625893     0.038166
     0.265699     0.645941     0.039817
     0.299568     0.665914     0.043030
     0.333992     0.687595     0.048153
     0.368017     0.707680     0.054226
     0.401677     0.729514     0.059361
     0.435007     0.749619     0.062104
     0.465531     0.773485     0.062026
     0.497249     0.795214     0.059309
     0.531524     0.816014     0.054539
     0.565481     0.836256     0.048699
     0.600009     0.857380     0.043218
     0.634773     0.877615     0.039285
     0.670155     0.897829     0.037019
     0.704512     0.918633     0.035665
     0.739169     0.938493     0.034784
     0.774658     0.958720     0.034130
     0.809865     0.979241     0.033303
     0.845246     0.999641     0.031945
     0.879581     1.019892     0.029891
     0.914926     1.039599     0.027295
     0.949378     1.060040     0.024293
     0.984068     1.079403     0.020808
     0.037289     0.561821     0.034801
     0.071952     0.580227     0.034285
     0.106530     0.601353     0.033484
     0.140599     0.620318     0.032644
     0.175516     0.640973     0.032506
     0.209274     0.661479     0.033450
     0.244185     0.682162     0.035968
     0.279113     0.701605     0.040707
     0.313976     0.722365     0.047139
     0.347192     0.743723     0.053365
     0.381323     0.764863     0.057282
     0.413556     0.786890     0.057871
     0.444636     0.809789     0.055269
     0.477367     0.831270     0.050246
     0.512018     0.852179     0.043870
     0.546186     0.872306     0.037517
     0.581313     0.892768     0.032540
     0.615335     0.912991     0.029444
     0.650515     0.933583     0.027610
     0.684801     0.953547     0.026247
     0.720531     0.973911     0.025137
     0.754402     0.994169     0.024158
     0.789678     1.014482     0.023081
     0.823989     1.034154     0.021752
     0.859359     1.054601     0.019918
     0.893682     1.074432     0.017570
     0.929183     1.094526     0.014821
     0.963937     1.113964     0.011794
     0.018060     0.597172     0.029292
     0.053683     0.617164     0.027728
     0.087915     0.637949     0.026034
     0.123086     0.658173     0.024682
     0.157266     0.678377     0.024493
     0.192569     0.697981     0.026137
     0.227419     0.717144     0.030324
     0.261828     0.737751     0.036903
     0.294677     0.759035     0.044231
     0.328782     0.779794     0.049916
     0.361241     0.801407     0.052126
     0.392457     0.823513     0.050420
     0.422522     0.846421     0.045496
     0.457489     0.866487     0.038684
     0.491793     0.886955     0.031453
     0.526551     0.907442     0.025294
     0.560645     0.928190     0.021153
     0.595802     0.948440     0.018789
     0.630614     0.968221     0.017184
     0.665487     0.989212     0.015794
     0.700027     1.009027     0.014551
     0.735357     1.029381     0.013424
     0.769984     1.049302     0.012284
     0.805218     1.069682     0.011161
     0.839714     1.089920     0.009961
     0.875147     1.109819     0.008555
     0.909725     1.130186     0.006928
     0.944874     1.150231     0.005211
     0.979291     1.170348     0.003579
     0.032467     0.651393     0.018389
     0.066352     0.671289     0.016876
     0.101823     0.691566     0.016008
     0.136147     0.711882     0.016713
     0.171006     0.732917     0.019995
     0.205388     0.753355     0.026388
     0.240630     0.773770     0.034605
     0.274829     0.794669     0.042116
     0.308068     0.816322     0.046528
     0.339440     0.838423     0.046605
     0.369376     0.861143     0.042566
     0.403199     0.882084     0.035706
     0.438083     0.902001     0.027765
     0.471744     0.922691     0.020462
     0.506583     0.943059     0.015093
     0.541109     0.962913     0.011963
     0.576112     0.983578     0.010196
     0.610431     1.003618     0.008827
     0.645370     1.024007     0.007615
     0.680273     1.043799     0.006558
     0.714886     1.064381     0.005604
     0.749684     1.084438     0.004710
     0.784563     1.104486     0.003953
     0.819422     1.124577     0.003403
     0.854276     1.144645     0.002930
     0.889146     1.164593     0.002460
     0.924214     1.184486     0.002009
     0.958886     1.205005     0.001661
     0.993948     1.225127     0.001477
     0.048105     0.708181     0.009891
     0.082414     0.727810     0.010260
     0.117004     0.748508     0.012771
     0.151972     0.767590     0.018392
     0.187408     0.787229     0.026724
     0.221232     0.807841     0.035617
     0.253737     0.829875     0.042211
     0.286577     0.851840     0.044574
     0.315900     0.875031     0.042163
     0.349003     0.896307     0.035876
     0.382521     0.916972     0.027628
     0.417708     0.937657     0.019419
     0.451925     0.957833     0.012841
     0.487064     0.978226     0.008721
     0.521178     0.998762     0.006586
     0.556146     1.018804     0.005300
     0.591042     1.038929     0.004265
     0.625707     1.059171     0.003405
     0.660485     1.079456     0.002698
     0.695341     1.099364     0.002095
     0.730315     1.119609     0.001588
     0.765129     1.139665     0.001216
     0.799995     1.160038     0.001048
     0.835009     1.179888     0.001035
     0.869857     1.200277     0.001088
     0.904555     1.220203     0.001142
     0.939184     1.240436     0.001197
     0.974127     1.260257     0.001229
     0.027826     0.742731     0.006972
     0.062661     0.762785     0.008933
     0.097347     0.782919     0.013904
     0.131908     0.803708     0.021764
     0.166245     0.824018     0.030874
     0.200350     0.845531     0.038933
     0.234027     0.866350     0.043383
     0.263460     0.889528     0.042931
     0.294063     0.911118     0.037880
     0.327745     0.932405     0.029770
     0.362679     0.952164     0.020895
     0.397465     0.971957     0.013301
     0.431682     0.993265     0.008112
     0.466220     1.013006     0.005361
     0.501341     1.033632     0.004001
     0.535945     1.053376     0.003053
     0.570817     1.074059     0.002301
     0.605408     1.093976     0.001755
     0.640554     1.114258     0.001345
     0.675088     1.134385     0.001016
     0.710097     1.154667     0.000758
     0.744783     1.174641     0.000621
     0.779832     1.194808     0.000605
     0.814538     1.214862     0.000674
     0.849520     1.235017     0.000770
     0.884395     1.255135     0.000864
     0.919363     1.275412     0.000950
     0.954255     1.295455     0.000997
     0.989081     1.315573     0.001005
     0.042554     0.798524     0.011388
     0.076969     0.818671     0.018941
     0.112274     0.838136     0.027821
     0.147423     0.857720     0.036140
     0.180750     0.878861     0.042103
     0.210282     0.902822     0.043759
     0.239842     0.925865     0.040201
     0.273066     0.947286     0.032630
     0.308384     0.966326     0.023358
     0.342830     0.987900     0.014757
     0.376945     1.007556     0.008505
     0.411622     1.028360     0.004999
     0.446652     1.047947     0.003376
     0.481114     1.068762     0.002468
     0.515977     1.088715     0.001764
     0.550846     1.108949     0.001258
     0.585645     1.129087     0.000932
     0.620420     1.149396     0.000699
     0.655318     1.169382     0.000539
     0.690232     1.189605     0.000425
     0.725092     1.209709     0.000375
     0.759964     1.229966     0.000386
     0.794858     1.249990     0.000445
     0.829724     1.270184     0.000528
     0.864476     1.290288     0.000623
     0.899254     1.310408     0.000712
     0.934162     1.330562     0.000774
     0.968984     1.350493     0.000815
     0.022652     0.833321     0.016491
     0.057808     0.853442     0.025543
     0.092391     0.873966     0.033893
     0.126736     0.894933     0.040203
     0.157972     0.918589     0.043304
     0.186743     0.940129     0.042012
     0.218253     0.961352     0.035812
     0.253587     0.982137     0.026430
     0.287304     1.002178     0.016875
     0.322134     1.022602     0.009416
     0.357056     1.042632     0.004973
     0.391613     1.063157     0.002953
     0.426305     1.083237     0.002017
     0.461053     1.103539     0.001368
     0.495977     1.123497     0.000882
     0.530645     1.143964     0.000577
     0.565462     1.163999     0.000411
     0.600371     1.184230     0.000307
     0.635146     1.204372     0.000241
     0.670010     1.224585     0.000187
     0.704823     1.244664     0.000165
     0.739753     1.264785     0.000185
     0.774588     1.284979     0.000235
     0.809490     1.305076     0.000307
     0.844410     1.325375     0.000399
     0.879350     1.345409     0.000494
     0.914253     1.365686     0.000573
     0.949138     1.385694     0.000645
     0.983863     1.406077     0.000735
     0.036647     0.888663     0.031613
     0.071948     0.907702     0.038072
     0.106524     0.928693     0.041525
     0.133710     0.952706     0.041574
     0.162962     0.977521     0.037619
     0.198188     0.996249     0.029622
     0.232434     1.017290     0.019577
     0.267708     1.037000     0.010875
     0.302324     1.057514     0.005326
     0.336715     1.077744     0.002738
     0.371440     1.098281     0.001722
     0.406368     1.118097     0.001153
     0.441043     1.138673     0.000701
     0.475821     1.158648     0.000390
     0.510673     1.178942     0.000236
     0.545515     1.198989     0.000159
     0.580312     1.219299     0.000106
     0.615189     1.239331     0.000070
     0.650082     1.259549     0.000048
     0.684964     1.279692     0.000041
     0.719827     1.299859     0.000051
     0.754702     1.319999     0.000076
     0.789577     1.340101     0.000123
     0.824411     1.360290     0.000203
     0.859251     1.380402     0.000302
     0.894161     1.400700     0.000401
     0.929024     1.420745     0.000501
     0.963904     1.441184     0.000615
     0.998782     1.461256     0.000739
     0.018788     0.924046     0.035801
     0.055851     0.945090     0.039357
     0.081726     0.969892     0.039643
     0.107408     0.991782     0.036806
     0.143290     1.011218     0.030836
     0.178075     1.031726     0.022165
     0.212799     1.051849     0.012772
     0.247229     1.072172     0.005924
     0.281749     1.092754     0.002614
     0.316581     1.112614     0.001465
     0.351413     1.133076     0.000982
     0.386053     1.153146     0.000614
     0.420905     1.173495     0.000342
     0.455728     1.193478     0.000181
     0.490518     1.213880     0.000107
     0.525321     1.233929     0.000062
     0.560215     1.254178     0.000034
     0.595036     1.274304     0.000016
     0.629902     1.294485     0.000005
     0.664727     1.314618     0.000002
     0.699646     1.334749     0.000007
     0.734497     1.354976     0.000021
     0.769406     1.375063     0.000042
     0.804294     1.395388     0.000089
     0.839249     1.415371     0.000178
     0.874089     1.435659     0.000283
     0.908894     1.455733     0.000393
     0.943862     1.475951     0.000503
     0.978743     1.496229     0.000603
     0.026999     0.977534     0.037292
     0.052614     1.005905     0.034665
     0.087884     1.025623     0.029655
     0.123660     1.046628     0.022687
     0.157178     1.066198     0.014497
     0.192457     1.087438     0.007010
     0.226810     1.106814     0.002625
     0.262044     1.127695     0.001181
     0.296334     1.147557     0.000770
     0.331289     1.168208     0.000514
     0.365950     1.188033     0.000298
     0.400887     1.208545     0.000153
     0.435549     1.228549     0.000076
     0.470495     1.248832     0.000040
     0.505272     1.268893     0.000022
     0.540157     1.289149     0.000011
     0.574971     1.309249     0.000003
     0.609899     1.329451     0.000000
     0.644748     1.349622     0.000000
     0.679648     1.369723     0.000001
     0.714476     1.389938     0.000006
     0.749410     1.409978     0.000018
     0.784231     1.430221     0.000039
     0.819128     1.450308     0.000093
     0.854072     1.470826     0.000179
     0.888862     1.490834     0.000276
     0.033764     1.040784     0.027051
     0.068032     1.060989     0.021101
     0.102775     1.081288     0.014426
     0.137330     1.101817     0.007900
     0.172388     1.121578     0.003058
     0.206797     1.142286     0.000992
     0.241368     1.162426     0.000593
     0.276271     1.182743     0.000427
     0.311039     1.202840     0.000274
     0.345854     1.223149     0.000139
     0.380604     1.243281     0.000054
     0.415501     1.263482     0.000023
     0.450276     1.283710     0.000010
     0.485141     1.303878     0.000005
     0.519992     1.324060     0.000001
     0.554870     1.344216     0.000000
     0.589723     1.364347     0.000000
     0.624559     1.384534     0.000000
     0.659484     1.404679     0.000000
     0.694324     1.424911     0.000001
     0.729267     1.444966     0.000007
     0.764093     1.465411     0.000016
     0.799085     1.485108     0.000035
     0.833854     1.505573     0.000082
     0.012996     1.075265     0.018060
     0.047447     1.095782     0.012630
     0.082511     1.116038     0.007506
     0.117029     1.136424     0.003404
     0.151856     1.157001     0.001084
     0.186485     1.177095     0.000476
     0.221529     1.197429     0.000389
     0.256081     1.217550     0.000270
     0.290952     1.237979     0.000150
     0.325668     1.258009     0.000057
     0.360571     1.278372     0.000017
     0.395317     1.298434     0.000005
     0.430205     1.318677     0.000001
     0.465041     1.338762     0.000000
     0.499897     1.358985     0.000000
     0.534746     1.379118     0.000000
     0.569647     1.399351     0.000000
     0.604521     1.419493     0.000000
     0.639401     1.439588     0.000000
     0.674166     1.459821     0.000000
     0.709198     1.479764     0.000003
     0.743973     1.500178     0.000010
     0.027535     1.130933     0.005918
     0.062230     1.151056     0.003030
     0.096839     1.171554     0.001224
     0.131800     1.191446     0.000486
     0.166378     1.212090     0.000373
     0.201050     1.232291     0.000284
     0.235889     1.252630     0.000181
     0.270701     1.272716     0.000088
     0.305546     1.293023     0.000024
     0.340310     1.313139     0.000004
     0.375223     1.333392     0.000000
     0.410005     1.353580     0.000000
     0.444912     1.373756     0.000000
     0.479726     1.393968     0.000000
     0.514676     1.414043     0.000000
     0.549467     1.434226     0.000000
     0.584364     1.454340     0.000000
     0.619277     1.474715     0.000000
     0.654092     1.494783     0.000000
     0.007186     1.165675     0.002179
     0.041889     1.186003     0.001122
     0.076702     1.206308     0.000578
     0.111418     1.226810     0.000400
     0.146118     1.247028     0.000338
     0.181076     1.267265     0.000245
     0.215747     1.287458     0.000144
     0.250596     1.307781     0.000058
     0.285352     1.327929     0.000011
     0.320244     1.348206     0.000000
     0.355035     1.368279     0.000000
     0.389891     1.388525     0.000000
     0.424781     1.408581     0.000000
     0.459596     1.428842     0.000000
     0.494498     1.448900     0.000000
     0.529366     1.469358     0.000000
     0.564296     1.489161     0.000000
     0.599084     1.509522     0.000000
     0.021752     1.221066     0.000568
     0.056490     1.241231     0.000467
     0.091318     1.261421     0.000434
     0.125963     1.281883     0.000359
     0.160705     1.302178     0.000256
     0.195513     1.322497     0.000141
     0.230380     1.342614     0.000048
     0.265200     1.362857     0.000007
     0.300017     1.383016     0.000000
     0.334913     1.403272     0.000000
     0.369739     1.423472     0.000000
     0.404642     1.443582     0.000000
     0.439464     1.463951     0.000000
     0.474437     1.483734     0.000000
     0.509203     1.504127     0.000000
     0.001595     1.255989     0.000557
     0.036442     1.276287     0.000544
     0.071124     1.296759     0.000485
     0.105772     1.317015     0.000394
     0.140693     1.337122     0.000281
     0.175381     1.357357     0.000159
     0.210237     1.377586     0.000053
     0.245032     1.397872     0.000006
     0.279932     1.418013     0.000000
     0.314741     1.438149     0.000000
     0.349514     1.458337     0.000000
     0.384539     1.478359     0.000000
     0.419322     1.498732     0.000000
     0.016091     1.311032     0.000606
     0.050745     1.331328     0.000527
     0.085576     1.351770     0.000423
     0.120351     1.372094     0.000302
     0.155142     1.392447     0.000175
     0.190091     1.412465     0.000062
     0.224838     1.432732     0.000007
     0.259730     1.452805     0.000000
     0.294653     1.473312     0.000000
     0.329441     1.493337     0.000000
     0.030804     1.366701     0.000549
     0.065352     1.386889     0.000433
     0.100283     1.406982     0.000310
     0.134974     1.427268     0.000184
     0.169888     1.447336     0.000072
     0.204735     1.467988     0.000010
     0.239675     1.487619     0.000000
     0.274433     1.508077     0.000000
     0.010475     1.401459     0.000549
     0.045196     1.421876     0.000431
     0.080035     1.442006     0.000309
     0.114810     1.462578     0.000187
     0.149821     1.482119     0.000079
     0.184552     1.502681     0.000017
     0.024893     1.456852     0.000424
     0.059841     1.476776     0.000304
     0.094670     1.497287     0.000185
     0.004789     1.491892     0.000397
