1.000E-01 0.500E+00 0.400E+00 8.076E+04  1.750E+05 3.000E+04 1.000E+02 1.000E+01 3.350E+02 1.000E-06 927
  935       0.8728936082285410       0.0003187455043840
  936       0.9125502904654428       0.0073112913870403
  937       0.9522069727023446       0.0143038372696966
  938       0.9918636549392463       0.0212963831523529
 1080       0.6676176472800355       0.0050127203401731
 1081       0.7072743295169373       0.0120052662228294
 1082       0.7469310117538390       0.0189978121054857
 1083       0.7865876939907408       0.0259903579881420
 1084       0.8262443762276424       0.0329829038707983
 1085       0.8659010584645441       0.0399754497534541
 1086       0.9055577407014459       0.0469679956361104
 1087       0.9452144229383477       0.0539605415187667
 1088       0.9848711051752495       0.0609530874014230
 1224       0.4226849199272955       0.0027141117557745
 1225       0.4623416902128703       0.0097066731637936
 1226       0.5019983724497723       0.0166992190464499
 1227       0.5416550546866741       0.0236917649291062
 1228       0.5813117369235756       0.0306843108117620
 1229       0.6209684191604774       0.0376768566944183
 1230       0.6606251013973792       0.0446694025770746
 1231       0.7002817836342810       0.0516619484597309
 1232       0.7399384658711827       0.0586544943423872
 1233       0.7795951481080845       0.0656470402250435
 1234       0.8192518303449861       0.0726395861076998
 1235       0.8589085125818878       0.0796321319903557
 1236       0.8985651948187896       0.0866246778730120
 1237       0.9382218770556914       0.0936172237556683
 1238       0.9778785592925932       0.1006097696383246
 1368       0.1777522806232286       0.0004155186967387
 1369       0.2174089628601306       0.0074080645793950
 1370       0.2570656450970321       0.0144006104620513
 1371       0.2967223273339341       0.0213931563447076
 1372       0.3363790095708357       0.0283857022273639
 1373       0.3760356918077372       0.0353782481100202
 1374       0.4156923740446392       0.0423707939926765
 1375       0.4553491443302140       0.0493633554006956
 1376       0.4950058265671160       0.0563559012833519
 1377       0.5346625088040180       0.0633484471660082
 1378       0.5743191910409196       0.0703409930486640
 1379       0.6139758732778211       0.0773335389313203
 1380       0.6536325555147231       0.0843260848139766
 1381       0.6932892377516247       0.0913186306966329
 1382       0.7329459199885267       0.0983111765792892
 1383       0.7726026022254282       0.1053037224619455
 1384       0.8122592844623298       0.1122962683446018
 1385       0.8519159666992318       0.1192888142272577
 1386       0.8915726489361333       0.1262813601099140
 1387       0.9312293311730353       0.1332739059925703
 1388       0.9708860134099369       0.1402664518752266
 1514       0.0121330057929658       0.0121020174030155
 1515       0.0517896880298674       0.0190945632856718
 1516       0.0914463702667689       0.0260871091683281
 1517       0.1311030525036709       0.0330796550509844
 1518       0.1707597347405725       0.0400722009336403
 1519       0.2104164169774745       0.0470647468162966
 1520       0.2500730992143760       0.0540572926989529
 1521       0.2897297814512780       0.0610498385816092
 1522       0.3293864636881796       0.0680423844642655
 1523       0.3690431459250811       0.0750349303469218
 1524       0.4086998281619831       0.0820274762295781
 1525       0.4483565984475579       0.0890200376375971
 1526       0.4880132806844599       0.0960125835202534
 1527       0.5276699629213617       0.1030051294029097
 1528       0.5673266451582633       0.1099976752855656
 1529       0.6069833273951650       0.1169902211682219
 1530       0.6466400096320668       0.1239827670508782
 1531       0.6862966918689686       0.1309753129335345
 1532       0.7259533741058704       0.1379678588161908
 1533       0.7656100563427721       0.1449604046988471
 1534       0.8052667385796737       0.1519529505815034
 1535       0.8449234208165755       0.1589454964641592
 1536       0.8845801030534772       0.1659380423468155
 1537       0.9242367852903790       0.1729305882294718
 1538       0.9638934675272808       0.1799231341121281
 1664       0.0051404599103095       0.0517586996399175
 1665       0.0447971421472111       0.0587512455225738
 1666       0.0844538243841126       0.0657437914052301
 1667       0.1241105066210146       0.0727363372878864
 1668       0.1637671888579162       0.0797288831705423
 1669       0.2034238710948182       0.0867214290531986
 1670       0.2430805533317197       0.0937139749358549
 1671       0.2827372355686217       0.1007065208185112
 1672       0.3223939178055233       0.1076990667011675
 1673       0.3620506000424248       0.1146916125838238
 1674       0.4017072822793268       0.1216841584664801
 1675       0.4413640525649016       0.1286767198744991
 1676       0.4810207348018036       0.1356692657571554
 1677       0.5206774170387054       0.1426618116398117
 1678       0.5603340992756070       0.1496543575224676
 1679       0.5999907815125087       0.1566469034051239
 1680       0.6396474637494105       0.1636394492877802
 1681       0.6793041459863123       0.1706319951704365
 1682       0.7189608282232141       0.1776245410530928
 1683       0.7586175104601158       0.1846170869357491
 1684       0.7982741926970174       0.1916096328184054
 1685       0.8379308749339192       0.1986021787010612
 1686       0.8775875571708209       0.2055947245837175
 1687       0.9172442394077227       0.2125872704663738
 1688       0.9569009216446245       0.2195798163490301
 1689       0.9965576038815260       0.2265723622316864
 1815       0.0378045962645548       0.0984079277594754
 1816       0.0774612785014563       0.1054004736421317
 1817       0.1171179607383583       0.1123930195247880
 1818       0.1567746429752599       0.1193855654074438
 1819       0.1964313252121619       0.1263781112901001
 1820       0.2360880074490634       0.1333706571727564
 1821       0.2757446896859654       0.1403632030554127
 1822       0.3154013719228670       0.1473557489380690
 1823       0.3550580541597685       0.1543482948207253
 1824       0.3947147363966705       0.1613408407033816
 1825       0.4343715066822453       0.1683334021114007
 1826       0.4740281889191473       0.1753259479940570
 1827       0.5136848711560491       0.1823184938767133
 1828       0.5533415533929507       0.1893110397593691
 1829       0.5929982356298524       0.1963035856420254
 1830       0.6326549178667542       0.2032961315246817
 1831       0.6723116001036560       0.2102886774073380
 1832       0.7119682823405578       0.2172812232899943
 1833       0.7516249645774595       0.2242737691726506
 1834       0.7912816468143611       0.2312663150553069
 1835       0.8309383290512629       0.2382588609379628
 1836       0.8705950112881646       0.2452514068206191
 1837       0.9102516935250664       0.2522439527032754
 1838       0.9499083757619682       0.2592364985859317
 1839       0.9895650579988697       0.2662290444685880
 1965       0.0308120426192171       0.1380646540207140
 1966       0.0704687248561187       0.1450571999033703
 1967       0.1101254070930207       0.1520497457860266
 1968       0.1497820893299222       0.1590422916686824
 1969       0.1894387715668242       0.1660348375513387
 1970       0.2290954538037258       0.1730273834339950
 1971       0.2687521360406278       0.1800199293166513
 1972       0.3084088182775293       0.1870124751993076
 1973       0.3480655005144309       0.1940050210819639
 1974       0.3877221827513329       0.2009975669646202
 1975       0.4273789530369076       0.2079901283726393
 1976       0.4670356352738096       0.2149826742552956
 1977       0.5066923175107114       0.2219752201379519
 1978       0.5463489997476130       0.2289677660206078
 1979       0.5860056819845147       0.2359603119032641
 1980       0.6256623642214165       0.2429528577859204
 1981       0.6653190464583183       0.2499454036685766
 1982       0.7049757286952201       0.2569379495512329
 1983       0.7446324109321218       0.2639304954338892
 1984       0.7842890931690234       0.2709230413165455
 1985       0.8239457754059252       0.2779155871992014
 1986       0.8636024576428269       0.2849081330818577
 1987       0.9032591398797287       0.2919006789645140
 1988       0.9429158221166305       0.2988932248471703
 1989       0.9825725043535321       0.3058857707298266
 2115       0.0238194967365608       0.1777213362576155
 2116       0.0634761789734624       0.1847138821402718
 2117       0.1031328612103644       0.1917064280229281
 2118       0.1427895434472659       0.1986989739055840
 2119       0.1824462256841679       0.2056915197882403
 2120       0.2221029079210695       0.2126840656708966
 2121       0.2617595901579715       0.2196766115535529
 2122       0.3014162723948730       0.2266691574362092
 2123       0.3410729546317746       0.2336617033188655
 2124       0.3807296368686766       0.2406542492015218
 2125       0.4203864071542514       0.2476468106095409
 2126       0.4600430893911533       0.2546393564921972
 2127       0.4996997716280551       0.2616319023748535
 2128       0.5393564538649567       0.2686244482575093
 2129       0.5790131361018584       0.2756169941401656
 2130       0.6186698183387602       0.2826095400228219
 2131       0.6583265005756620       0.2896020859054782
 2132       0.6979831828125638       0.2965946317881345
 2133       0.7376398650494655       0.3035871776707908
 2134       0.7772965472863671       0.3105797235534471
 2135       0.8169532295232689       0.3175722694361029
 2136       0.8566099117601707       0.3245648153187592
 2137       0.8962665939970724       0.3315573612014155
 2138       0.9359232762339742       0.3385499070840718
 2139       0.9755799584708758       0.3455424529667281
 2265       0.0168269508539045       0.2173780184945171
 2266       0.0564836330908061       0.2243705643771734
 2267       0.0961403153277081       0.2313631102598297
 2268       0.1357969975646096       0.2383556561424856
 2269       0.1754536798015116       0.2453482020251418
 2270       0.2151103620384132       0.2523407479077981
 2271       0.2547670442753152       0.2593332937904544
 2272       0.2944237265122167       0.2663258396731107
 2273       0.3340804087491183       0.2733183855557670
 2274       0.3737370909860203       0.2803109314384233
 2275       0.4133938612715951       0.2873034928464424
 2276       0.4530505435084971       0.2942960387290987
 2277       0.4927072257453990       0.3012885846117550
 2278       0.5323639079823006       0.3082811304944109
 2279       0.5720205902192022       0.3152736763770672
 2280       0.6116772724561041       0.3222662222597235
 2281       0.6513339546930057       0.3292587681423798
 2282       0.6909906369299077       0.3362513140250361
 2283       0.7306473191668093       0.3432438599076924
 2284       0.7703040014037108       0.3502364057903486
 2285       0.8099606836406128       0.3572289516730045
 2286       0.8496173658775144       0.3642214975556608
 2287       0.8892740481144163       0.3712140434383171
 2288       0.9289307303513179       0.3782065893209734
 2289       0.9685874125882195       0.3851991352036297
 2415       0.0098344049712484       0.2570347007314191
 2416       0.0494910872081500       0.2640272466140754
 2417       0.0891477694450520       0.2710197924967317
 2418       0.1288044516819535       0.2780123383793875
 2419       0.1684611339188555       0.2850048842620438
 2420       0.2081178161557571       0.2919974301447001
 2421       0.2477744983926591       0.2989899760273564
 2422       0.2874311806295606       0.3059825219100127
 2423       0.3270878628664622       0.3129750677926690
 2424       0.3667445451033642       0.3199676136753253
 2425       0.4064013153889390       0.3269601750833444
 2426       0.4460579976258410       0.3339527209660007
 2427       0.4857146798627427       0.3409452668486570
 2428       0.5253713620996443       0.3479378127313129
 2429       0.5650280443365461       0.3549303586139692
 2430       0.6046847265734479       0.3619229044966255
 2431       0.6443414088103496       0.3689154503792818
 2432       0.6839980910472514       0.3759079962619380
 2433       0.7236547732841532       0.3829005421445943
 2434       0.7633114555210547       0.3898930880272506
 2435       0.8029681377579565       0.3968856339099065
 2436       0.8426248199948583       0.4038781797925628
 2437       0.8822815022317601       0.4108707256752191
 2438       0.9219381844686618       0.4178632715578754
 2439       0.9615948667055634       0.4248558174405317
 2565       0.0028418590885921       0.2966913829683206
 2566       0.0424985413254937       0.3036839288509769
 2567       0.0821552235623957       0.3106764747336332
 2568       0.1218119057992972       0.3176690206162891
 2569       0.1614685880361992       0.3246615664989454
 2570       0.2011252702731008       0.3316541123816017
 2571       0.2407819525100028       0.3386466582642580
 2572       0.2804386347469043       0.3456392041469143
 2573       0.3200953169838059       0.3526317500295706
 2574       0.3597519992207079       0.3596242959122269
 2575       0.3994087695062827       0.3666168573202460
 2576       0.4390654517431847       0.3736094032029023
 2577       0.4787221339800865       0.3806019490855586
 2578       0.5183788162169880       0.3875944949682144
 2579       0.5580354984538898       0.3945870408508707
 2580       0.5976921806907916       0.4015795867335270
 2581       0.6373488629276933       0.4085721326161833
 2582       0.6770055451645951       0.4155646784988396
 2583       0.7166622274014969       0.4225572243814959
 2584       0.7563189096383984       0.4295497702641522
 2585       0.7959755918753002       0.4365423161468081
 2586       0.8356322741122020       0.4435348620294643
 2587       0.8752889563491038       0.4505274079121206
 2588       0.9149456385860055       0.4575199537947769
 2589       0.9546023208229071       0.4645124996774332
 2590       0.9942590911084823       0.4715050610854523
 2716       0.0355059954428376       0.3433406110878789
 2717       0.0751626776797396       0.3503331569705352
 2718       0.1148193599166412       0.3573257028531911
 2719       0.1544760421535432       0.3643182487358474
 2720       0.1941327243904447       0.3713107946185037
 2721       0.2337894066273467       0.3783033405011600
 2722       0.2734460888642483       0.3852958863838163
 2723       0.3131027711011498       0.3922884322664726
 2724       0.3527594533380518       0.3992809781491289
 2725       0.3924162236236266       0.4062735395571480
 2726       0.4320729058605286       0.4132660854398043
 2727       0.4717295880974302       0.4202586313224606
 2728       0.5113862703343317       0.4272511772051164
 2729       0.5510429525712337       0.4342437230877727
 2730       0.5906996348081353       0.4412362689704290
 2731       0.6303563170450373       0.4482288148530853
 2732       0.6700129992819388       0.4552213607357416
 2733       0.7096696815188408       0.4622139066183979
 2734       0.7493263637557424       0.4692064525010542
 2735       0.7889830459926439       0.4761989983837100
 2736       0.8286397282295459       0.4831915442663663
 2737       0.8682964104664475       0.4901840901490226
 2738       0.9079530927033495       0.4971766360316789
 2739       0.9476097749402510       0.5041691819143352
 2740       0.9872665452258262       0.5111617433223543
 2866       0.0285134495601813       0.3829972933247805
 2867       0.0681701317970833       0.3899898392074368
 2868       0.1078268140339849       0.3969823850900926
 2869       0.1474834962708869       0.4039749309727489
 2870       0.1871401785077884       0.4109674768554052
 2871       0.2267968607446904       0.4179600227380615
 2872       0.2664535429815920       0.4249525686207178
 2873       0.3061102252184935       0.4319451145033741
 2874       0.3457669074553955       0.4389376603860304
 2875       0.3854236777409703       0.4459302217940495
 2876       0.4250803599778723       0.4529227676767058
 2877       0.4647370422147741       0.4599153135593621
 2878       0.5043937244516756       0.4669078594420180
 2879       0.5440504066885774       0.4739004053246743
 2880       0.5837070889254792       0.4808929512073306
 2881       0.6233637711623810       0.4878854970899869
 2882       0.6630204533992827       0.4948780429726432
 2883       0.7026771356361845       0.5018705888552994
 2884       0.7423338178730861       0.5088631347379557
 2885       0.7819905001099878       0.5158556806206116
 2886       0.8216471823468896       0.5228482265032679
 2887       0.8613038645837914       0.5298407723859242
 2888       0.9009605468206932       0.5368333182685805
 2889       0.9406172290575947       0.5438258641512368
 2890       0.9802739993431699       0.5508184255592559
 3016       0.0215209036775250       0.4226539755616825
 3017       0.0611775859144270       0.4296465214443388
 3018       0.1008342681513286       0.4366390673269946
 3019       0.1404909503882306       0.4436316132096509
 3020       0.1801476326251321       0.4506241590923072
 3021       0.2198043148620341       0.4576167049749635
 3022       0.2594609970989357       0.4646092508576198
 3023       0.2991176793358372       0.4716017967402761
 3024       0.3387743615727392       0.4785943426229324
 3025       0.3784311318583140       0.4855869040309515
 3026       0.4180878140952160       0.4925794499136078
 3027       0.4577444963321178       0.4995719957962641
 3028       0.4974011785690193       0.5065645416789200
 3029       0.5370578608059211       0.5135570875615763
 3030       0.5767145430428229       0.5205496334442326
 3031       0.6163712252797247       0.5275421793268888
 3032       0.6560279075166264       0.5345347252095451
 3033       0.6956845897535282       0.5415272710922014
 3034       0.7353412719904298       0.5485198169748577
 3035       0.7749979542273315       0.5555123628575136
 3036       0.8146546364642333       0.5625049087401699
 3037       0.8543113187011351       0.5694974546228262
 3038       0.8939680009380369       0.5764900005054825
 3039       0.9336246831749384       0.5834825463881388
 3040       0.9732814534605136       0.5904751077961579
 3166       0.0145283577948687       0.4623106577985840
 3167       0.0541850400317707       0.4693032036812403
 3168       0.0938417222686723       0.4762957495638962
 3169       0.1334984045055743       0.4832882954465525
 3170       0.1731550867424758       0.4902808413292088
 3171       0.2128117689793778       0.4972733872118651
 3172       0.2524684512162794       0.5042659330945214
 3173       0.2921251334531809       0.5112584789771777
 3174       0.3317818156900829       0.5182510248598340
 3175       0.3714385859756577       0.5252435862678531
 3176       0.4110952682125597       0.5322361321505094
 3177       0.4507519504494615       0.5392286780331657
 3178       0.4904086326863630       0.5462212239158215
 3179       0.5300653149232648       0.5532137697984778
 3180       0.5697219971601666       0.5602063156811341
 3181       0.6093786793970684       0.5671988615637904
 3182       0.6490353616339701       0.5741914074464467
 3183       0.6886920438708719       0.5811839533291030
 3184       0.7283487261077735       0.5881764992117593
 3185       0.7680054083446752       0.5951690450944152
 3186       0.8076620905815770       0.6021615909770714
 3187       0.8473187728184788       0.6091541368597277
 3188       0.8869754550553806       0.6161466827423840
 3189       0.9266321372922821       0.6231392286250403
 3190       0.9662889075778573       0.6301317900330594
 3316       0.0075358119122126       0.5019673400354856
 3317       0.0471924941491146       0.5089598859181419
 3318       0.0868491763860162       0.5159524318007978
 3319       0.1265058586229182       0.5229449776834540
 3320       0.1661625408598197       0.5299375235661103
 3321       0.2058192230967217       0.5369300694487666
 3322       0.2454759053336233       0.5439226153314229
 3323       0.2851325875705248       0.5509151612140792
 3324       0.3247892698074268       0.5579077070967355
 3325       0.3644460400930016       0.5649002685047546
 3326       0.4041027223299036       0.5718928143874109
 3327       0.4437594045668054       0.5788853602700672
 3328       0.4834160868037070       0.5858779061527231
 3329       0.5230727690406087       0.5928704520353794
 3330       0.5627294512775105       0.5998629979180357
 3331       0.6023861335144123       0.6068555438006920
 3332       0.6420428157513141       0.6138480896833483
 3333       0.6816994979882158       0.6208406355660046
 3334       0.7213561802251174       0.6278331814486608
 3335       0.7610128624620192       0.6348257273313167
 3336       0.8006695446989209       0.6418182732139730
 3337       0.8403262269358227       0.6488108190966293
 3338       0.8799829091727245       0.6558033649792856
 3339       0.9196395914096260       0.6627959108619419
 3340       0.9592963616952013       0.6697884722699610
 3341       0.9989529558834296       0.6767810026272545
 3466       0.0005432660295563       0.5416240222723876
 3467       0.0401999482664583       0.5486165681550439
 3468       0.0798566305033599       0.5556091140376997
 3469       0.1195133127402619       0.5626016599203560
 3470       0.1591699949771634       0.5695942058030123
 3471       0.1988266772140654       0.5765867516856686
 3472       0.2384833594509670       0.5835792975683249
 3473       0.2781400416878685       0.5905718434509812
 3474       0.3177967239247705       0.5975643893336375
 3475       0.3574534942103453       0.6045569507416566
 3476       0.3971101764472473       0.6115494966243129
 3477       0.4367668586841491       0.6185420425069692
 3478       0.4764235409210507       0.6255345883896251
 3479       0.5160802231579524       0.6325271342722814
 3480       0.5557369053948542       0.6395196801549377
 3481       0.5953935876317560       0.6465122260375940
 3482       0.6350502698686578       0.6535047719202502
 3483       0.6747069521055595       0.6604973178029065
 3484       0.7143636343424611       0.6674898636855628
 3485       0.7540203165793629       0.6744824095682187
 3486       0.7936769988162646       0.6814749554508750
 3487       0.8333336810531664       0.6884675013335313
 3488       0.8729903632900682       0.6954600472161876
 3489       0.9126470455269697       0.7024525930988439
 3490       0.9523038158125450       0.7094451545068630
 3491       0.9919604100007733       0.7164376848641565
 3617       0.0332074023838020       0.5882732503919454
 3618       0.0728640846207036       0.5952657962746013
 3619       0.1125207668576056       0.6022583421572576
 3620       0.1521774490945071       0.6092508880399139
 3621       0.1918341313314091       0.6162434339225702
 3622       0.2314908135683107       0.6232359798052265
 3623       0.2711474958052122       0.6302285256878828
 3624       0.3108041780421142       0.6372210715705391
 3625       0.3504609483276890       0.6442136329785582
 3626       0.3901176305645910       0.6512061788612145
 3627       0.4297743128014928       0.6581987247438708
 3628       0.4694309950383944       0.6651912706265266
 3629       0.5090876772752961       0.6721838165091829
 3630       0.5487443595121979       0.6791763623918392
 3631       0.5884010417490997       0.6861689082744955
 3632       0.6280577239860015       0.6931614541571518
 3633       0.6677144062229032       0.7001540000398081
 3634       0.7073710884598048       0.7071465459224644
 3635       0.7470277706967066       0.7141390918051203
 3636       0.7866844529336083       0.7211316376877765
 3637       0.8263411351705101       0.7281241835704328
 3638       0.8659978174074119       0.7351167294530891
 3639       0.9056544996443134       0.7421092753357454
 3640       0.9453112699298887       0.7491018367437645
 3641       0.9849678641181170       0.7560943671010580
 3767       0.0262148409757827       0.6279300206775207
 3768       0.0658715232126843       0.6349225665601765
 3769       0.1055282054495863       0.6419151124428328
 3770       0.1451848876864879       0.6489076583254891
 3771       0.1848415699233898       0.6559002042081454
 3772       0.2244982521602914       0.6628927500908017
 3773       0.2641549343971930       0.6698852959734580
 3774       0.3038116166340949       0.6768778418561143
 3775       0.3434683869196697       0.6838704032641334
 3776       0.3831250691565717       0.6908629491467897
 3777       0.4227817513934737       0.6978554950294460
 3778       0.4624384336303753       0.7048480409121018
 3779       0.5020951158672768       0.7118405867947581
 3780       0.5417517981041788       0.7188331326774144
 3781       0.5814084803410804       0.7258256785600707
 3782       0.6210651625779824       0.7328182244427270
 3783       0.6607218448148839       0.7398107703253833
 3784       0.7003785270517855       0.7468033162080396
 3785       0.7400352092886875       0.7537958620906955
 3786       0.7796918915255890       0.7607884079733518
 3787       0.8193485737624910       0.7677809538560081
 3788       0.8590052559993926       0.7747734997386644
 3789       0.8986619382362941       0.7817660456213207
 3790       0.9383187085218694       0.7887586070293398
 3791       0.9779753027100977       0.7957511373866333
 3917       0.0192222950931267       0.6675867029144225
 3918       0.0588789773300282       0.6745792487970783
 3919       0.0985356595669302       0.6815717946797346
 3920       0.1381923418038318       0.6885643405623909
 3921       0.1778490240407338       0.6955568864450472
 3922       0.2175057062776353       0.7025494323277035
 3923       0.2571623885145369       0.7095419782103598
 3924       0.2968190707514389       0.7165345240930161
 3925       0.3364758410370137       0.7235270855010352
 3926       0.3761325232739157       0.7305196313836915
 3927       0.4157892055108174       0.7375121772663478
 3928       0.4554458877477190       0.7445047231490036
 3929       0.4951025699846208       0.7514972690316599
 3930       0.5347592522215225       0.7584898149143162
 3931       0.5744159344584243       0.7654823607969725
 3932       0.6140726166953261       0.7724749066796288
 3933       0.6537292989322279       0.7794674525622851
 3934       0.6933859811691294       0.7864599984449414
 3935       0.7330426634060312       0.7934525443275973
 3936       0.7726993456429330       0.8004450902102536
 3937       0.8123560278798347       0.8074376360929099
 3938       0.8520127101167365       0.8144301819755662
 3939       0.8916693923536381       0.8214227278582225
 3940       0.9313261626392133       0.8284152892662415
 3941       0.9709827568274416       0.8354078196235351
 4067       0.0122297492104704       0.7072433851513240
 4068       0.0518864314473719       0.7142359310339799
 4069       0.0915431136842739       0.7212284769166362
 4070       0.1311997959211755       0.7282210227992925
 4071       0.1708564781580775       0.7352135686819488
 4072       0.2105131603949790       0.7422061145646051
 4073       0.2501698426318806       0.7491986604472614
 4074       0.2898265248687826       0.7561912063299177
 4075       0.3294832951543574       0.7631837677379367
 4076       0.3691399773912594       0.7701763136205930
 4077       0.4087966596281611       0.7771688595032493
 4078       0.4484533418650627       0.7841614053859052
 4079       0.4881100241019645       0.7911539512685615
 4080       0.5277667063388662       0.7981464971512178
 4081       0.5674233885757680       0.8051390430338741
 4082       0.6070800708126698       0.8121315889165304
 4083       0.6467367530495716       0.8191241347991867
 4084       0.6863934352864731       0.8261166806818430
 4085       0.7260501175233749       0.8331092265644988
 4086       0.7657067997602767       0.8401017724471551
 4087       0.8053634819971784       0.8470943183298114
 4088       0.8450201642340802       0.8540868642124677
 4089       0.8846768464709818       0.8610794100951240
 4090       0.9243336167565570       0.8680719715031431
 4091       0.9639902109447853       0.8750645018604366
 4217       0.0052372033278141       0.7469000673882258
 4218       0.0448938855647156       0.7538926132708816
 4219       0.0845505678016176       0.7608851591535379
 4220       0.1242072500385192       0.7678777050361942
 4221       0.1638639322754212       0.7748702509188505
 4222       0.2035206145123227       0.7818627968015068
 4223       0.2431772967492243       0.7888553426841631
 4224       0.2828339789861263       0.7958478885668194
 4225       0.3224907492717011       0.8028404499748385
 4226       0.3621474315086031       0.8098329958574948
 4227       0.4018041137455048       0.8168255417401511
 4228       0.4414607959824064       0.8238180876228069
 4229       0.4811174782193082       0.8308106335054632
 4230       0.5207741604562099       0.8378031793881195
 4231       0.5604308426931117       0.8447957252707758
 4232       0.6000875249300135       0.8517882711534321
 4233       0.6397442071669153       0.8587808170360884
 4234       0.6794008894038168       0.8657733629187447
 4235       0.7190575716407186       0.8727659088014006
 4236       0.7587142538776204       0.8797584546840569
 4237       0.7983709361145221       0.8867510005667132
 4238       0.8380276183514239       0.8937435464493695
 4239       0.8776843005883255       0.9007360923320258
 4240       0.9173410708739007       0.9077286537400449
 4241       0.9569976650621290       0.9147211840973384
 4242       0.9966544353477040       0.9217137455053575
 4368       0.0379013396820596       0.7935492955077834
 4369       0.0775580219189616       0.8005418413904397
 4370       0.1172147041558631       0.8075343872730960
 4371       0.1568713863927651       0.8145269331557523
 4372       0.1965280686296667       0.8215194790384086
 4373       0.2361847508665682       0.8285120249210649
 4374       0.2758414331034702       0.8355045708037212
 4375       0.3154982033890450       0.8424971322117403
 4376       0.3551548856259470       0.8494896780943966
 4377       0.3948115678628485       0.8564822239770529
 4378       0.4344682500997501       0.8634747698597087
 4379       0.4741249323366521       0.8704673157423650
 4380       0.5137816145735536       0.8774598616250213
 4381       0.5534382968104556       0.8844524075076776
 4382       0.5930949790473572       0.8914449533903339
 4383       0.6327516612842592       0.8984374992729902
 4384       0.6724083435211607       0.9054300451556465
 4385       0.7120650257580623       0.9124225910383024
 4386       0.7517217079949643       0.9194151369209587
 4387       0.7913783902318658       0.9264076828036150
 4388       0.8310350724687678       0.9334002286862713
 4389       0.8706917547056694       0.9403927745689276
 4390       0.9103485249912446       0.9473853359769466
 4391       0.9500051191794729       0.9543778663342402
 4392       0.9896618894650477       0.9613704277422592
 4518       0.0309087937994033       0.8332059777446852
 4519       0.0705654760363053       0.8401985236273415
 4520       0.1102221582732068       0.8471910695099978
 4521       0.1498788405101088       0.8541836153926541
 4522       0.1895355227470104       0.8611761612753104
 4523       0.2291922049839119       0.8681687071579667
 4524       0.2688488872208139       0.8751612530406230
 4525       0.3085056575063887       0.8821538144486420
 4526       0.3481623397432907       0.8891463603312983
 4527       0.3878190219801925       0.8961389062139546
 4528       0.4274757042170940       0.9031314520966105
 4529       0.4671323864539958       0.9101239979792668
 4530       0.5067890686908976       0.9171165438619231
 4531       0.5464457509277993       0.9241090897445794
 4532       0.5861024331647011       0.9311016356272357
 4533       0.6257591154016029       0.9380941815098920
 4534       0.6654157976385044       0.9450867273925483
 4535       0.7050724798754062       0.9520792732752041
 4536       0.7447291621123080       0.9590718191578604
 4537       0.7843858443492098       0.9660643650405167
 4538       0.8240425265861115       0.9730569109231730
 4539       0.8636992088230131       0.9800494568058293
 4540       0.9033559791085883       0.9870420182138484
 4541       0.9430125732968166       0.9940345485711419
 4542       0.9826693435823917       1.0010271099791610
 4668       0.0239162479167470       0.8728626599815870
 4669       0.0635729301536490       0.8798552058642433
 4670       0.1032296123905505       0.8868477517468996
 4671       0.1428862946274525       0.8938402976295559
 4672       0.1825429768643541       0.9008328435122122
 4673       0.2221996591012556       0.9078253893948685
 4674       0.2618563413381576       0.9148179352775248
 4675       0.3015131116237324       0.9218104966855438
 4676       0.3411697938606344       0.9288030425682001
 4677       0.3808264760975362       0.9357955884508564
 4678       0.4204831583344377       0.9427881343335123
 4679       0.4601398405713395       0.9497806802161686
 4680       0.4997965228082413       0.9567732260988249
 4681       0.5394532050451430       0.9637657719814812
 4682       0.5791098872820448       0.9707583178641375
 4683       0.6187665695189466       0.9777508637467938
 4684       0.6584232517558481       0.9847434096294501
 4685       0.6980799339927499       0.9917359555121059
 4686       0.7377366162296517       0.9987285013947622
 4687       0.7773932984665535       1.0057210472774185
 4688       0.8170499807034552       1.0127135931600748
 4689       0.8567066629403568       1.0197061390427311
 4690       0.8963634332259320       1.0266987004507502
 4691       0.9360200274141603       1.0336912308080437
 4692       0.9756767976997354       1.0406837922160628
 4818       0.0169237020340907       0.9125193422184887
 4819       0.0565803842709927       0.9195118881011450
 4820       0.0962370665078942       0.9265044339838013
 4821       0.1358937487447962       0.9334969798664576
 4822       0.1755504309816978       0.9404895257491139
 4823       0.2152071132185993       0.9474820716317702
 4824       0.2548637954555013       0.9544746175144265
 4825       0.2945205657410761       0.9614671789224456
 4826       0.3341772479779781       0.9684597248051019
 4827       0.3738339302148801       0.9754522706877582
 4828       0.4134906124517816       0.9824448165704140
 4829       0.4531472946886832       0.9894373624530703
 4830       0.4928039769255852       0.9964299083357266
 4831       0.5324606591624867       1.0034224542183829
 4832       0.5721173413993887       1.0104150001010392
 4833       0.6117740236362903       1.0174075459836955
 4834       0.6514307058731919       1.0244000918663518
 4835       0.6910873881100938       1.0313926377490077
 4836       0.7307440703469954       1.0383851836316640
 4837       0.7704007525838974       1.0453777295143203
 4838       0.8100574348207989       1.0523702753969766
 4839       0.8497141170577005       1.0593628212796329
 4840       0.8893708873432757       1.0663553826876520
 4841       0.9290274815315041       1.0733479130449455
 4842       0.9686842518170793       1.0803404744529645
 4968       0.0099311561514346       0.9521760244553903
 4969       0.0495878383883366       0.9591685703380466
 4970       0.0892445206252381       0.9661611162207029
 4971       0.1289012028621401       0.9731536621033592
 4972       0.1685578850990417       0.9801462079860155
 4973       0.2082145673359432       0.9871387538686718
 4974       0.2478712495728452       0.9941312997513281
 4975       0.2875280198584200       1.0011238611593472
 4976       0.3271847020953220       1.0081164070420034
 4977       0.3668413843322238       1.0151089529246597
 4978       0.4064980665691253       1.0221014988073156
 4979       0.4461547488060271       1.0290940446899719
 4980       0.4858114310429289       1.0360865905726282
 4981       0.5254681132798307       1.0430791364552845
 4982       0.5651247955167324       1.0500716823379408
 4983       0.6047814777536342       1.0570642282205971
 4984       0.6444381599905358       1.0640567741032534
 4985       0.6840948422274375       1.0710493199859092
 4986       0.7237515244643393       1.0780418658685655
 4987       0.7634082067012411       1.0850344117512218
 4988       0.8030648889381429       1.0920269576338781
 4989       0.8427215711750444       1.0990195035165344
 4990       0.8823783414606197       1.1060120649245535
 4991       0.9220349356488480       1.1130045952818470
 4992       0.9616917059344230       1.1199971566898661
 5118       0.0029386102687783       0.9918327066922921
 5119       0.0425952925056803       0.9988252525749484
 5120       0.0822519747425818       1.0058177984576047
 5121       0.1219086569794838       1.0128103443402610
 5122       0.1615653392163854       1.0198028902229173
 5123       0.2012220214532869       1.0267954361055736
 5124       0.2408787036901889       1.0337879819882299
 5125       0.2805354739757637       1.0407805433962489
 5126       0.3201921562126657       1.0477730892789052
 5127       0.3598488384495675       1.0547656351615615
 5128       0.3995055206864691       1.0617581810442174
 5129       0.4391622029233708       1.0687507269268737
 5130       0.4788188851602726       1.0757432728095300
 5131       0.5184755673971744       1.0827358186921863
 5132       0.5581322496340761       1.0897283645748426
 5133       0.5977889318709779       1.0967209104574989
 5134       0.6374456141078795       1.1037134563401552
 5135       0.6771022963447813       1.1107060022228110
 5136       0.7167589785816830       1.1176985481054673
 5137       0.7564156608185848       1.1246910939881236
 5138       0.7960723430554866       1.1316836398707799
 5139       0.8357290252923881       1.1386761857534362
 5140       0.8753857955779634       1.1456687471614553
 5141       0.9150423897661917       1.1526612775187488
 5142       0.9546991600517667       1.1596538389267679
 5143       0.9943557542399952       1.1666463692840610
 5269       0.0356027466230240       1.0384819348118501
 5270       0.0752594288599255       1.0454744806945064
 5271       0.1149161110968275       1.0524670265771627
 5272       0.1545727933337291       1.0594595724598190
 5273       0.1942294755706306       1.0664521183424753
 5274       0.2338861578075326       1.0734446642251316
 5275       0.2735429280931074       1.0804372256331507
 5276       0.3131996103300094       1.0874297715158070
 5277       0.3528562925669112       1.0944223173984633
 5278       0.3925129748038128       1.1014148632811191
 5279       0.4321696570407145       1.1084074091637754
 5280       0.4718263392776163       1.1153999550464317
 5281       0.5114830215145181       1.1223925009290880
 5282       0.5511397037514199       1.1293850468117443
 5283       0.5907963859883216       1.1363775926944006
 5284       0.6304530682252232       1.1433701385770569
 5285       0.6701097504621250       1.1503626844597128
 5286       0.7097664326990267       1.1573552303423691
 5287       0.7494231149359285       1.1643477762250254
 5288       0.7890797971728303       1.1713403221076817
 5289       0.8287364794097318       1.1783328679903380
 5290       0.8683932496953071       1.1853254293983571
 5291       0.9080498438835354       1.1923179597556506
 5292       0.9477066141691104       1.1993105211636697
 5293       0.9873632083573389       1.2063030515209627
 5419       0.0286102007403679       1.0781386170487519
 5420       0.0682668829772695       1.0851311629314082
 5421       0.1079235652141715       1.0921237088140645
 5422       0.1475802474510730       1.0991162546967208
 5423       0.1872369296879746       1.1061088005793771
 5424       0.2268936119248766       1.1131013464620334
 5425       0.2665503822104514       1.1200939078700525
 5426       0.3062070644473533       1.1270864537527088
 5427       0.3458637466842549       1.1340789996353651
 5428       0.3855204289211565       1.1410715455180209
 5429       0.4251771111580585       1.1480640914006772
 5430       0.4648337933949600       1.1550566372833335
 5431       0.5044904756318620       1.1620491831659898
 5432       0.5441471578687636       1.1690417290486461
 5433       0.5838038401056656       1.1760342749313024
 5434       0.6234605223425671       1.1830268208139587
 5435       0.6631172045794687       1.1900193666966146
 5436       0.7027738868163707       1.1970119125792709
 5437       0.7424305690532722       1.2040044584619272
 5438       0.7820872512901742       1.2109970043445835
 5439       0.8217439335270758       1.2179895502272398
 5440       0.8614007038126510       1.2249821116352588
 5441       0.9010572980008793       1.2319746419925524
 5442       0.9407140682864541       1.2389672034005714
 5443       0.9803706624746829       1.2459597337578645
 5569       0.0216176548577116       1.1177952992856537
 5570       0.0612743370946132       1.1247878451683100
 5571       0.1009310193315152       1.1317803910509663
 5572       0.1405877015684167       1.1387729369336226
 5573       0.1802443838053183       1.1457654828162789
 5574       0.2199010660422203       1.1527580286989352
 5575       0.2595578363277951       1.1597505901069542
 5576       0.2992145185646971       1.1667431359896105
 5577       0.3388712008015988       1.1737356818722668
 5578       0.3785278830385004       1.1807282277549227
 5579       0.4181845652754022       1.1877207736375790
 5580       0.4578412475123039       1.1947133195202353
 5581       0.4974979297492057       1.2017058654028916
 5582       0.5371546119861075       1.2086984112855479
 5583       0.5768112942230093       1.2156909571682042
 5584       0.6164679764599108       1.2226835030508605
 5585       0.6561246586968126       1.2296760489335163
 5586       0.6957813409337144       1.2366685948161726
 5587       0.7354380231706161       1.2436611406988289
 5588       0.7750947054075179       1.2506536865814852
 5589       0.8147513876444195       1.2576462324641415
 5590       0.8544081579299947       1.2646387938721606
 5591       0.8940647521182230       1.2716313242294541
 5592       0.9337215224037980       1.2786238856374732
 5593       0.9733781165920266       1.2856164159947663
 5719       0.0146251089750553       1.1574519815225552
 5720       0.0542817912119569       1.1644445274052115
 5721       0.0939384734488589       1.1714370732878678
 5722       0.1335951556857604       1.1784296191705241
 5723       0.1732518379226620       1.1854221650531804
 5724       0.2129085201595640       1.1924147109358367
 5725       0.2525652904451388       1.1994072723438558
 5726       0.2922219726820408       1.2063998182265121
 5727       0.3318786549189425       1.2133923641091684
 5728       0.3715353371558441       1.2203849099918243
 5729       0.4111920193927459       1.2273774558744805
 5730       0.4508487016296476       1.2343700017571368
 5731       0.4905053838665494       1.2413625476397931
 5732       0.5301620661034512       1.2483550935224494
 5733       0.5698187483403530       1.2553476394051057
 5734       0.6094754305772545       1.2623401852877620
 5735       0.6491321128141563       1.2693327311704179
 5736       0.6887887950510581       1.2763252770530742
 5737       0.7284454772879598       1.2833178229357305
 5738       0.7681021595248616       1.2903103688183868
 5739       0.8077588417617632       1.2973029147010431
 5740       0.8474156120473384       1.3042954761090622
 5741       0.8870722062355667       1.3112880064663557
 5742       0.9267289765211417       1.3182805678743748
 5743       0.9663855707093703       1.3252730982316678
 5869       0.0076325475670360       1.1971087518081305
 5870       0.0472892298039376       1.2041012976907868
 5871       0.0869459120408396       1.2110938435734431
 5872       0.1266025942777411       1.2180863894560994
 5873       0.1662592765146427       1.2250789353387557
 5874       0.2059159587515447       1.2320714812214120
 5875       0.2455727290371195       1.2390640426294310
 5876       0.2852294112740215       1.2460565885120873
 5877       0.3248860935109232       1.2530491343947436
 5878       0.3645427757478248       1.2600416802773995
 5879       0.4041994579847266       1.2670342261600558
 5880       0.4438561402216283       1.2740267720427121
 5881       0.4835128224585301       1.2810193179253684
 5882       0.5231695046954319       1.2880118638080247
 5883       0.5628261869323337       1.2950044096906810
 5884       0.6024828691692352       1.3019969555733373
 5885       0.6421395514061370       1.3089895014559931
 5886       0.6817962336430388       1.3159820473386494
 5887       0.7214529158799405       1.3229745932213057
 5888       0.7611095981168423       1.3299671391039620
 5889       0.8007662803537439       1.3369596849866183
 5890       0.8404230506393191       1.3439522463946374
 5891       0.8800796448275474       1.3509447767519309
 5892       0.9197364151131224       1.3579373381599500
 5893       0.9593930093013510       1.3649298685172431
 5894       0.9990497795869260       1.3719224299252626
 6019       0.0006400172097429       1.2367653459963588
 6020       0.0402966994466445       1.2437578918790151
 6021       0.0799533816835465       1.2507504377616714
 6022       0.1196100639204480       1.2577429836443277
 6023       0.1592667461573496       1.2647355295269840
 6024       0.1989234283942516       1.2717280754096403
 6025       0.2385801986798264       1.2787206368176594
 6026       0.2782368809167284       1.2857131827003156
 6027       0.3178935631536302       1.2927057285829719
 6028       0.3575502453905317       1.2996982744656278
 6029       0.3972069276274335       1.3066908203482841
 6030       0.4368636098643353       1.3136833662309404
 6031       0.4765202921012370       1.3206759121135967
 6032       0.5161769743381388       1.3276684579962530
 6033       0.5558336565750406       1.3346610038789093
 6034       0.5954903388119421       1.3416535497615656
 6035       0.6351470210488439       1.3486460956442214
 6036       0.6748037032857457       1.3556386415268777
 6037       0.7144603855226475       1.3626311874095340
 6038       0.7541170677595492       1.3696237332921903
 6039       0.7937737499964508       1.3766162791748466
 6040       0.8334305202820260       1.3836088405828657
 6041       0.8730871144702543       1.3906013709401592
 6042       0.9127438847558293       1.3975939323481783
 6043       0.9524004789440579       1.4045864627054714
 6044       0.9920572492296329       1.4115790241134909
 6170       0.0333041380386252       1.2834146621645901
 6171       0.0729608202755272       1.2904072080472464
 6172       0.1126175025124287       1.2973997539299027
 6173       0.1522741847493303       1.3043922998125590
 6174       0.1919308669862323       1.3113848456952153
 6175       0.2315876372718071       1.3183774071032344
 6176       0.2712443195087091       1.3253699529858907
 6177       0.3109010017456109       1.3323624988685470
 6178       0.3505576839825124       1.3393550447512028
 6179       0.3902143662194142       1.3463475906338591
 6180       0.4298710484563160       1.3533401365165154
 6181       0.4695277306932177       1.3603326823991717
 6182       0.5091844129301195       1.3673252282818280
 6183       0.5488410951670213       1.3743177741644843
 6184       0.5884977774039228       1.3813103200471406
 6185       0.6281544596408246       1.3883028659297965
 6186       0.6678111418777264       1.3952954118124528
 6187       0.7074678241146282       1.4022879576951091
 6188       0.7471245063515299       1.4092805035777654
 6189       0.7867811885884315       1.4162730494604217
 6190       0.8264379588740067       1.4232656108684407
 6191       0.8660945530622350       1.4302581412257342
 6192       0.9057513233478101       1.4372507026337533
 6193       0.9454079175360386       1.4442432329910464
 6194       0.9850646878216136       1.4512357943990659
 6320       0.0263116076813319       1.3230712563528186
 6321       0.0659682899182339       1.3300638022354749
 6322       0.1056249721551354       1.3370563481181312
 6323       0.1452816543920370       1.3440488940007875
 6324       0.1849383366289390       1.3510414398834438
 6325       0.2245951069145138       1.3580340012914629
 6326       0.2642517891514158       1.3650265471741192
 6327       0.3039084713883176       1.3720190930567755
 6328       0.3435651536252191       1.3790116389394314
 6329       0.3832218358621209       1.3860041848220876
 6330       0.4228785180990227       1.3929967307047439
 6331       0.4625352003359244       1.3999892765874002
 6332       0.5021918825728262       1.4069818224700565
 6333       0.5418485648097280       1.4139743683527128
 6334       0.5815052470466295       1.4209669142353691
 6335       0.6211619292835313       1.4279594601180250
 6336       0.6608186115204331       1.4349520060006813
 6337       0.7004752937573349       1.4419445518833376
 6338       0.7401319759942366       1.4489370977659939
 6339       0.7797886582311382       1.4559296436486502
 6340       0.8194454285167134       1.4629222050566693
 6341       0.8591020227049417       1.4699147354139628
 6342       0.8987587929905168       1.4769072968219819
 6343       0.9384153871787453       1.4838998271792749
 6344       0.9780721574643203       1.4908923885872944
 6470       0.0193190462733126       1.3627280266383937
 6471       0.0589757285102146       1.3697205725210500
 6472       0.0986324107471162       1.3767131184037062
 6473       0.1382890929840177       1.3837056642863625
 6474       0.1779457752209197       1.3906982101690188
 6475       0.2176025455064945       1.3976907715770379
 6476       0.2572592277433965       1.4046833174596942
 6477       0.2969159099802985       1.4116758633423505
 6478       0.3365725922172000       1.4186684092250064
 6479       0.3762292744541016       1.4256609551076627
 6480       0.4158859566910036       1.4326535009903190
 6481       0.4555426389279051       1.4396460468729753
 6482       0.4951993211648071       1.4466385927556316
 6483       0.5348560034017087       1.4536311386382879
 6484       0.5745126856386102       1.4606236845209442
 6485       0.6141693678755122       1.4676162304036000
 6486       0.6538260501124138       1.4746087762862563
 6487       0.6934827323493158       1.4816013221689126
 6488       0.7331394145862173       1.4885938680515689
 6489       0.7727960968231189       1.4955864139342252
 6620       0.0123265159160195       1.4023846208266220
 6621       0.0519831981529215       1.4093771667092783
 6622       0.0916398803898231       1.4163697125919346
 6623       0.1312965626267246       1.4233622584745909
 6624       0.1709532448636266       1.4303548043572472
 6625       0.2106100151492014       1.4373473657652662
 6626       0.2502666973861034       1.4443399116479225
 6627       0.2899233796230052       1.4513324575305788
 6628       0.3295800618599067       1.4583250034132347
 6629       0.3692367440968085       1.4653175492958910
 6630       0.4088934263337103       1.4723100951785473
 6631       0.4485501085706121       1.4793026410612036
 6632       0.4882067908075138       1.4862951869438599
 6633       0.5278634730444156       1.4932877328265162
 6770       0.0053339545080002       1.4420413911121972
 6771       0.0449906367449022       1.4490339369948535
 6772       0.0846473189818038       1.4560264828775098
 6773       0.1243040012187053       1.4630190287601661
 6774       0.1639606834556073       1.4700115746428224
 6775       0.2036174537411821       1.4770041360508415
 6776       0.2432741359780841       1.4839966819334978
 6777       0.2829308182149859       1.4909892278161541
 6778       0.3225875004518874       1.4979817736988099
 6921       0.0379981063876089       1.4886905311830818
 6922       0.0776547886245105       1.4956830770657381
