                 6.885808                 0.000000
                 7.029291                 0.000001
                 7.264711                 0.000001
                 7.590415                 0.000002
                 8.009674                 0.000004
                 8.523792                 0.000005
                 9.129777                 0.000007
                 9.826952                 0.000009
                10.620418                 0.000012
                11.511536                 0.000015
                12.495761                 0.000018
                13.570336                 0.000021
                14.736991                 0.000025
                15.996899                 0.000029
                17.350389                 0.000033
                18.795915                 0.000038
                20.334878                 0.000043
                21.971093                 0.000048
                23.701571                 0.000053
                25.524049                 0.000059
                27.436774                 0.000065
                29.444059                 0.000072
                31.543775                 0.000078
                33.735050                 0.000085
                36.018217                 0.000092
                38.397456                 0.000100
                40.873901                 0.000108
                43.444058                 0.000116
                46.101763                 0.000124
                48.851611                 0.000133
                51.694678                 0.000142
                54.631960                 0.000151
                57.659612                 0.000161
                60.781374                 0.000171
                63.997297                 0.000181
                67.310945                 0.000192
                70.714437                 0.000202
                74.206404                 0.000214
                77.789986                 0.000225
                81.467689                 0.000237
                85.238500                 0.000249
                89.101062                 0.000261
                93.057013                 0.000273
                97.107365                 0.000286
               101.251800                 0.000299
               105.485154                 0.000313
               109.808056                 0.000326
               114.223622                 0.000340
               118.732986                 0.000355
               123.332303                 0.000369
               128.025192                 0.000384
               132.810303                 0.000399
               137.691312                 0.000415
               142.662399                 0.000431
               147.722162                 0.000447
               152.871072                 0.000463
               158.113774                 0.000480
               163.448361                 0.000497
               168.873389                 0.000514
               174.390871                 0.000531
               180.002323                 0.000549
               185.706310                 0.000567
               191.499924                 0.000586
               197.378809                 0.000604
               203.349880                 0.000623
               209.413671                 0.000643
               215.568816                 0.000662
               221.814257                 0.000682
               228.151500                 0.000702
               234.581977                 0.000722
               241.103035                 0.000743
               247.710714                 0.000764
               254.405185                 0.000785
               261.192086                 0.000807
               268.071379                 0.000829
               275.041181                 0.000851
               282.099573                 0.000873
               289.250336                 0.000896
               296.491112                 0.000919
               303.822323                 0.000942
               311.237992                 0.000966
               318.742846                 0.000990
               326.337832                 0.001014
               334.025638                 0.001039
               341.801149                 0.001063
               349.666427                 0.001088
               357.622007                 0.001114
               365.297491                 0.001139
               371.159854                 0.001165
               376.620976                 0.001191
               381.520206                 0.001218
               386.126666                 0.001244
               390.661699                 0.001271
               394.813887                 0.001299
               399.127584                 0.001326
               403.295269                 0.001354
               407.711908                 0.001382
               411.705784                 0.001411
               416.139822                 0.001439
               420.207776                 0.001468
               424.692810                 0.001498
               428.750410                 0.001527
               433.293460                 0.001557
               437.359412                 0.001587
               441.838706                 0.001617
               445.966956                 0.001648
               450.422337                 0.001679
               454.574546                 0.001710
               459.142132                 0.001742
               463.332970                 0.001774
               467.735008                 0.001806
               471.879415                 0.001838
               476.340597                 0.001871
               480.567009                 0.001903
               485.093349                 0.001937
               489.215149                 0.001970
               493.656705                 0.002004
               497.854232                 0.002038
               502.346687                 0.002072
               506.576261                 0.002107
               510.972953                 0.002142
               515.095159                 0.002177
               519.539266                 0.002212
               523.675200                 0.002248
               528.146832                 0.002284
               532.152889                 0.002320
               536.594804                 0.002356
               540.631806                 0.002393
               545.078148                 0.002430
               549.109146                 0.002467
               553.492228                 0.002505
               557.382281                 0.002543
               561.674424                 0.002581
               565.726922                 0.002619
               569.972334                 0.002658
               573.986495                 0.002697
               578.071793                 0.002736
               582.100171                 0.002775
               586.144328                 0.002815
               590.076037                 0.002855
               593.890315                 0.002895
               597.618174                 0.002936
               601.262133                 0.002977
               604.787351                 0.003018
               608.339245                 0.003059
               611.933929                 0.003101
               615.072608                 0.003143
               618.380130                 0.003185
               621.533609                 0.003227
               624.808236                 0.003270
               627.856267                 0.003313
               630.568286                 0.003356
               633.785652                 0.003399
               636.518301                 0.003443
               639.358855                 0.003487
               642.034956                 0.003531
               644.658603                 0.003576
               647.435004                 0.003620
               649.889463                 0.003665
               652.454196                 0.003711
               654.829674                 0.003756
               656.963631                 0.003802
               659.493549                 0.003848
               661.650752                 0.003894
               663.822059                 0.003941
               665.991197                 0.003988
               667.850230                 0.004035
               669.891980                 0.004082
               671.687046                 0.004130
               673.480499                 0.004178
               675.442643                 0.004226
               677.023922                 0.004274
               678.674315                 0.004323
               680.300865                 0.004372
               681.867775                 0.004421
               683.275512                 0.004470
               684.625659                 0.004520
               685.907070                 0.004570
               687.184700                 0.004620
               688.379719                 0.004670
               689.475709                 0.004721
               690.587353                 0.004772
               691.376025                 0.004823
               692.305927                 0.004874
               693.186775                 0.004926
               693.849573                 0.004978
               694.515193                 0.005030
               695.008530                 0.005082
               695.444439                 0.005135
               695.826026                 0.005188
               696.134480                 0.005241
               696.211974                 0.005294
               696.084340                 0.005348
               695.935269                 0.005401
               695.607769                 0.005455
               694.945884                 0.005510
               694.140617                 0.005564
               692.901008                 0.005619
               691.245566                 0.005674
               689.161680                 0.005729
               686.583067                 0.005785
               683.158759                 0.005841
               677.612117                 0.005897
               675.030682                 0.005953
               670.670095                 0.006009
               664.961809                 0.006066
               660.566094                 0.006123
               654.572077                 0.006180
               647.326100                 0.006238
               641.655135                 0.006295
               635.533581                 0.006353
               627.475034                 0.006411
               620.249469                 0.006470
               613.686901                 0.006528
               605.221708                 0.006587
               597.009075                 0.006646
               589.897423                 0.006705
               581.369431                 0.006765
               571.967708                 0.006825
               564.218883                 0.006885
               556.631822                 0.006945
               547.550190                 0.007005
               538.509944                 0.007066
               530.996818                 0.007127
               521.933278                 0.007188
               512.696044                 0.007249
               504.882119                 0.007311
               496.821210                 0.007372
               487.368460                 0.007434
               479.161162                 0.007497
               471.651273                 0.007559
               462.501122                 0.007622
               453.354331                 0.007685
               446.051832                 0.007748
               437.869063                 0.007811
               429.271707                 0.007875
               421.571469                 0.007938
               413.691697                 0.008002
               405.365006                 0.008066
               396.736096                 0.008131
               389.342494                 0.008196
               381.969060                 0.008260
               374.058315                 0.008325
               366.194403                 0.008391
               359.191933                 0.008456
               351.401965                 0.008522
               343.990614                 0.008588
               337.157119                 0.008654
               329.793273                 0.008720
               322.638626                 0.008787
               315.860795                 0.008853
               309.094282                 0.008920
               302.430991                 0.008988
               295.283876                 0.009055
               289.249569                 0.009123
               282.719641                 0.009190
               276.016740                 0.009258
               270.257763                 0.009327
               263.948062                 0.009395
               257.520970                 0.009464
               251.389974                 0.009532
               245.939526                 0.009601
               240.521661                 0.009671
               234.551232                 0.009740
               229.359340                 0.009810
               223.811589                 0.009879
               218.236826                 0.009949
               213.009743                 0.010020
               208.202251                 0.010090
               203.487439                 0.010161
               198.100505                 0.010231
               193.463096                 0.010302
               188.829065                 0.010374
               184.076951                 0.010445
               179.681916                 0.010516
               175.431027                 0.010588
               171.002806                 0.010660
               166.877247                 0.010732
               162.745212                 0.010805
               159.115419                 0.010877
               154.997071                 0.010950
               151.527524                 0.011023
               147.852507                 0.011096
               144.185217                 0.011169
               140.913541                 0.011243
               137.217162                 0.011316
               133.751499                 0.011390
               130.574899                 0.011464
               127.760099                 0.011538
               124.754209                 0.011613
               121.777362                 0.011687
               118.912540                 0.011762
               116.175386                 0.011837
               113.344211                 0.011912
               110.483342                 0.011987
               108.252181                 0.012063
               105.603966                 0.012138
               103.204119                 0.012214
               100.884613                 0.012290
                98.787871                 0.012366
                96.443536                 0.012443
                94.608614                 0.012519
                92.291566                 0.012596
                90.225003                 0.012673
                88.225499                 0.012750
                86.371238                 0.012827
                84.576673                 0.012904
                82.789732                 0.012982
                81.192968                 0.013060
                79.538546                 0.013137
                77.860256                 0.013215
                76.357156                 0.013294
                74.453001                 0.013372
                72.969938                 0.013451
                71.502802                 0.013529
                70.202989                 0.013608
                68.947830                 0.013687
                67.314292                 0.013766
                66.123737                 0.013846
                64.683423                 0.013925
                63.607292                 0.014005
                62.207339                 0.014085
                60.659706                 0.014165
                59.552112                 0.014245
                58.469404                 0.014325
                57.199597                 0.014405
                56.170893                 0.014486
                55.144402                 0.014567
                54.010773                 0.014648
                53.068359                 0.014729
                51.935826                 0.014810
                51.240296                 0.014891
                50.195910                 0.014973
                49.545031                 0.015054
                48.589894                 0.015136
                47.887372                 0.015218
                47.012265                 0.015300
                46.137318                 0.015382
                45.283957                 0.015465
                44.551535                 0.015547
                43.678423                 0.015630
                43.250594                 0.015713
                42.298945                 0.015796
                41.803855                 0.015879
                41.160889                 0.015962
                40.495359                 0.016045
                39.382658                 0.016129
                39.152102                 0.016213
                38.313126                 0.016296
                37.882949                 0.016380
                36.935962                 0.016464
                36.364512                 0.016548
                35.273156                 0.016633
                34.796199                 0.016717
                34.661561                 0.016802
                33.697182                 0.016886
                33.988876                 0.016971
                32.834090                 0.017056
                32.596466                 0.017141
                31.882226                 0.017227
                31.554006                 0.017312
                31.284684                 0.017397
                30.523970                 0.017483
                30.225745                 0.017569
                30.427628                 0.017654
                28.843529                 0.017740
                29.090829                 0.017827
                27.572083                 0.017913
                27.839874                 0.017999
                27.084119                 0.018085
                26.230398                 0.018172
                26.279805                 0.018259
                26.082504                 0.018345
                25.828076                 0.018432
                25.765716                 0.018519
                25.111122                 0.018607
                25.154767                 0.018694
                23.796778                 0.018781
                24.131618                 0.018869
                23.266314                 0.018956
                23.955591                 0.019044
                23.401509                 0.019132
                22.700242                 0.019220
                23.366494                 0.019308
                22.194181                 0.019396
                22.862622                 0.019484
                21.544321                 0.019572
                21.999582                 0.019661
                21.713176                 0.019749
                21.049684                 0.019838
                21.254342                 0.019927
                20.649103                 0.020015
                21.250044                 0.020104
                20.549838                 0.020193
                19.756698                 0.020282
                19.747449                 0.020372
                18.358236                 0.020461
                18.542956                 0.020550
                18.560291                 0.020640
                17.852531                 0.020729
                19.432547                 0.020819
                17.937786                 0.020909
                18.524122                 0.020999
                18.352557                 0.021089
                19.301411                 0.021179
                18.002798                 0.021269
                18.545130                 0.021359
                17.452430                 0.021449
                17.519246                 0.021540
                17.008540                 0.021630
                18.064888                 0.021721
                15.864452                 0.021811
                17.802488                 0.021902
                16.498917                 0.021993
                16.932123                 0.022084
                17.959595                 0.022175
                15.509053                 0.022266
                18.061207                 0.022357
                15.787780                 0.022448
                17.196515                 0.022539
                16.271150                 0.022631
                15.677752                 0.022722
                16.535776                 0.022813
                15.387433                 0.022905
                16.519876                 0.022997
                16.249778                 0.023088
                16.086860                 0.023180
                16.070351                 0.023272
                15.328874                 0.023364
                16.228760                 0.023456
                14.971946                 0.023548
                16.070835                 0.023640
                15.223741                 0.023732
                14.799902                 0.023824
                15.272892                 0.023916
                14.434098                 0.024009
                15.989820                 0.024101
                14.938132                 0.024193
                14.853414                 0.024286
                15.081864                 0.024378
                14.065460                 0.024471
                14.108197                 0.024564
                13.388202                 0.024656
                14.070160                 0.024749
                15.487330                 0.024842
                13.668143                 0.024935
                15.188043                 0.025028
                11.788939                 0.025121
                15.462374                 0.025214
                12.933284                 0.025307
                12.999777                 0.025400
                13.703105                 0.025493
                12.823307                 0.025586
                15.020728                 0.025680
                13.879672                 0.025773
                14.222364                 0.025866
                15.986695                 0.025960
                14.700958                 0.026053
                16.237179                 0.026146
                13.914934                 0.026240
                13.468389                 0.026333
                13.702206                 0.026427
                12.625148                 0.026521
                12.486982                 0.026614
                12.535238                 0.026708
                12.933098                 0.026802
                13.286948                 0.026895
                13.377889                 0.026989
                12.203457                 0.027083
                13.346746                 0.027177
                14.670034                 0.027271
                14.365794                 0.027364
                14.390897                 0.027458
                12.865444                 0.027552
                14.717038                 0.027646
                13.052328                 0.027740
                13.383768                 0.027834
                13.446588                 0.027928
                11.511658                 0.028022
                12.327593                 0.028116
                11.819668                 0.028210
                12.356322                 0.028304
                12.812879                 0.028398
                10.952551                 0.028493
                13.474900                 0.028587
                12.370861                 0.028681
                13.311425                 0.028775
                13.696494                 0.028869
                13.555420                 0.028963
                14.420241                 0.029058
                12.049560                 0.029152
                12.950229                 0.029246
                12.024024                 0.029340
                11.131156                 0.029434
                12.617107                 0.029529
                10.710945                 0.029623
                11.821786                 0.029717
                12.431765                 0.029811
                13.220988                 0.029906
                12.977107                 0.030000
