                 6.885808                 0.000000
                 7.029291                 0.000001
                 7.264711                 0.000001
                 7.590415                 0.000002
                 8.009674                 0.000004
                 8.523792                 0.000005
                 9.129777                 0.000007
                 9.826952                 0.000009
                10.620418                 0.000012
                11.511536                 0.000015
                12.495761                 0.000018
                13.570336                 0.000021
                14.736991                 0.000025
                15.996899                 0.000029
                17.350389                 0.000033
                18.795915                 0.000038
                20.334878                 0.000043
                21.971093                 0.000048
                23.701571                 0.000053
                25.524049                 0.000059
                27.436774                 0.000065
                29.444059                 0.000072
                31.543775                 0.000078
                33.735050                 0.000085
                36.018217                 0.000092
                38.397456                 0.000100
                40.873901                 0.000108
                43.444058                 0.000116
                46.101763                 0.000124
                48.851611                 0.000133
                51.694678                 0.000142
                54.631960                 0.000151
                57.659612                 0.000161
                60.781374                 0.000171
                63.997297                 0.000181
                67.310945                 0.000192
                70.714437                 0.000202
                74.206404                 0.000214
                77.789986                 0.000225
                81.467689                 0.000237
                85.238500                 0.000249
                89.101062                 0.000261
                93.057013                 0.000273
                97.107365                 0.000286
               101.251800                 0.000299
               105.485154                 0.000313
               109.808056                 0.000326
               114.223622                 0.000340
               118.732986                 0.000355
               123.332303                 0.000369
               128.025192                 0.000384
               132.810303                 0.000399
               137.691312                 0.000415
               142.662399                 0.000431
               147.722162                 0.000447
               152.871072                 0.000463
               158.113774                 0.000480
               163.448361                 0.000497
               168.873389                 0.000514
               174.390871                 0.000531
               180.002323                 0.000549
               185.706310                 0.000567
               191.499924                 0.000586
               197.378809                 0.000604
               203.349880                 0.000623
               209.413671                 0.000643
               215.568816                 0.000662
               221.814257                 0.000682
               228.151500                 0.000702
               234.581977                 0.000722
               241.103035                 0.000743
               247.710714                 0.000764
               254.405185                 0.000785
               261.192086                 0.000807
               268.071379                 0.000829
               275.041181                 0.000851
               282.099573                 0.000873
               289.250336                 0.000896
               296.491112                 0.000919
               303.822323                 0.000942
               311.237992                 0.000966
               318.742846                 0.000990
               326.337832                 0.001014
               334.025638                 0.001039
               341.801149                 0.001063
               349.666427                 0.001088
               357.622007                 0.001114
               365.297972                 0.001139
               371.159761                 0.001165
               376.612833                 0.001191
               381.499074                 0.001218
               386.107656                 0.001244
               390.622417                 0.001271
               394.767652                 0.001299
               399.084391                 0.001326
               403.246852                 0.001354
               407.709450                 0.001382
               411.668930                 0.001411
               416.068203                 0.001439
               420.128296                 0.001468
               424.566487                 0.001498
               428.627874                 0.001527
               433.184879                 0.001557
               437.233280                 0.001587
               441.655325                 0.001617
               445.759683                 0.001648
               450.219804                 0.001679
               454.363731                 0.001710
               458.927019                 0.001742
               463.073946                 0.001774
               467.513769                 0.001806
               471.645805                 0.001838
               476.108146                 0.001871
               480.350556                 0.001903
               484.732132                 0.001937
               488.949732                 0.001970
               493.336898                 0.002004
               497.468643                 0.002038
               502.038263                 0.002072
               506.082681                 0.002107
               510.555925                 0.002142
               514.649898                 0.002177
               519.120044                 0.002212
               523.209164                 0.002248
               527.688534                 0.002284
               531.725355                 0.002320
               536.108206                 0.002356
               540.122611                 0.002393
               544.552315                 0.002430
               548.557600                 0.002467
               552.836786                 0.002505
               556.815385                 0.002543
               561.064462                 0.002581
               565.126897                 0.002619
               569.292206                 0.002658
               573.205013                 0.002697
               577.332193                 0.002736
               581.300495                 0.002775
               585.204286                 0.002815
               589.088988                 0.002855
               592.837615                 0.002895
               596.879544                 0.002936
               600.380763                 0.002977
               604.158457                 0.003018
               607.405388                 0.003059
               611.069438                 0.003101
               614.408307                 0.003143
               617.830498                 0.003185
               620.921786                 0.003227
               624.011715                 0.003270
               627.063171                 0.003313
               629.643707                 0.003356
               632.733969                 0.003399
               635.518975                 0.003443
               638.705179                 0.003487
               641.462737                 0.003531
               643.745315                 0.003576
               646.598977                 0.003620
               648.882453                 0.003665
               651.762365                 0.003711
               653.805498                 0.003756
               656.284401                 0.003802
               658.825638                 0.003848
               661.085895                 0.003894
               663.374292                 0.003941
               665.016300                 0.003988
               667.266483                 0.004035
               669.101393                 0.004082
               671.161834                 0.004130
               673.019926                 0.004178
               674.702858                 0.004226
               676.371561                 0.004274
               678.154185                 0.004323
               679.743608                 0.004372
               681.400060                 0.004421
               682.553069                 0.004470
               684.092402                 0.004520
               685.504486                 0.004570
               686.594839                 0.004620
               688.134765                 0.004670
               689.078366                 0.004721
               690.118243                 0.004772
               691.351031                 0.004823
               692.139208                 0.004874
               692.973604                 0.004926
               694.009906                 0.004978
               694.577147                 0.005030
               695.295826                 0.005082
               695.925766                 0.005135
               696.374788                 0.005188
               696.698010                 0.005241
               697.167208                 0.005294
               697.212395                 0.005348
               697.364676                 0.005401
               697.113096                 0.005455
               697.079289                 0.005510
               696.858274                 0.005564
               696.003490                 0.005619
               695.290686                 0.005674
               694.429457                 0.005729
               692.740020                 0.005785
               691.083552                 0.005841
               689.102521                 0.005897
               686.407843                 0.005953
               683.584500                 0.006009
               680.418989                 0.006066
               676.641572                 0.006123
               672.758443                 0.006180
               668.619451                 0.006238
               663.912200                 0.006295
               656.764727                 0.006353
               648.319133                 0.006411
               647.583459                 0.006470
               641.491175                 0.006528
               631.329497                 0.006587
               625.499633                 0.006646
               622.240321                 0.006705
               613.813969                 0.006765
               607.273918                 0.006825
               602.999595                 0.006885
               594.311099                 0.006945
               584.964193                 0.007005
               580.625216                 0.007066
               573.007943                 0.007127
               562.162899                 0.007188
               556.908023                 0.007249
               550.207892                 0.007311
               540.291797                 0.007372
               533.172617                 0.007434
               528.334980                 0.007497
               518.090305                 0.007559
               508.611508                 0.007622
               503.466167                 0.007685
               495.709504                 0.007748
               486.417980                 0.007811
               478.850788                 0.007875
               472.924024                 0.007938
               462.602402                 0.008002
               454.278276                 0.008066
               450.363431                 0.008131
               441.526760                 0.008196
               432.546837                 0.008260
               426.660754                 0.008325
               419.659659                 0.008391
               410.333546                 0.008456
               404.233236                 0.008522
               398.438201                 0.008588
               387.909442                 0.008654
               381.845887                 0.008720
               376.307909                 0.008787
               368.801532                 0.008853
               360.559724                 0.008920
               355.564788                 0.008988
               348.979146                 0.009055
               340.358065                 0.009123
               335.203242                 0.009190
               330.519066                 0.009258
               322.419465                 0.009327
               316.012645                 0.009395
               310.745798                 0.009464
               304.029836                 0.009532
               297.422656                 0.009601
               292.628841                 0.009671
               286.768222                 0.009740
               280.439129                 0.009810
               274.951043                 0.009879
               270.147490                 0.009949
               263.717085                 0.010020
               258.556550                 0.010090
               254.123493                 0.010161
               248.363569                 0.010231
               242.556244                 0.010302
               238.553127                 0.010374
               233.312475                 0.010445
               226.835496                 0.010516
               222.914236                 0.010588
               218.438809                 0.010660
               213.276752                 0.010732
               208.998913                 0.010805
               204.705963                 0.010877
               200.657238                 0.010950
               195.197311                 0.011023
               190.712839                 0.011096
               186.597338                 0.011169
               182.978344                 0.011243
               178.746055                 0.011316
               174.514095                 0.011390
               170.649241                 0.011464
               167.016417                 0.011538
               163.295063                 0.011613
               159.969574                 0.011687
               157.283567                 0.011762
               152.794607                 0.011837
               149.394416                 0.011912
               146.248851                 0.011987
               143.425019                 0.012063
               138.953209                 0.012138
               135.861710                 0.012214
               133.183740                 0.012290
               130.326755                 0.012366
               127.656625                 0.012443
               124.037845                 0.012519
               121.546745                 0.012596
               119.151694                 0.012673
               116.088430                 0.012750
               113.953045                 0.012827
               110.528501                 0.012904
               108.344141                 0.012982
               105.615016                 0.013060
               103.114244                 0.013137
               101.441760                 0.013215
                98.559720                 0.013294
                96.512145                 0.013372
                94.632610                 0.013451
                92.010575                 0.013529
                89.853169                 0.013608
                88.071447                 0.013687
                86.034631                 0.013766
                84.331754                 0.013846
                82.379951                 0.013925
                80.159061                 0.014005
                78.739855                 0.014085
                76.652010                 0.014165
                75.102402                 0.014245
                73.147304                 0.014325
                71.811708                 0.014405
                70.398313                 0.014486
                69.063434                 0.014567
                66.799816                 0.014648
                65.759287                 0.014729
                63.673953                 0.014810
                62.731101                 0.014891
                61.501654                 0.014973
                60.159244                 0.015054
                58.737013                 0.015136
                57.938997                 0.015218
                56.228374                 0.015300
                55.245570                 0.015382
                53.795956                 0.015465
                52.656956                 0.015547
                51.469026                 0.015630
                50.489660                 0.015713
                49.685543                 0.015796
                48.677791                 0.015879
                47.318445                 0.015962
                46.891283                 0.016045
                45.498911                 0.016129
                44.201607                 0.016213
                43.748227                 0.016296
                41.422424                 0.016380
                42.488339                 0.016464
                40.501195                 0.016548
                41.191272                 0.016633
                39.898970                 0.016717
                37.299241                 0.016802
                38.345856                 0.016886
                36.422243                 0.016971
                36.981347                 0.017056
                35.722036                 0.017141
                34.687848                 0.017227
                35.529310                 0.017312
                33.446425                 0.017397
                34.110931                 0.017483
                32.226590                 0.017569
                31.569342                 0.017654
                31.659745                 0.017740
                30.154664                 0.017827
                30.794995                 0.017913
                30.140123                 0.017999
                29.414412                 0.018085
                30.106347                 0.018172
                28.383614                 0.018259
                28.752096                 0.018345
                28.039827                 0.018432
                27.406832                 0.018519
                27.340804                 0.018607
                26.582319                 0.018694
                26.083439                 0.018781
                24.959971                 0.018869
                25.108415                 0.018956
                24.877322                 0.019044
                24.068218                 0.019132
                24.676006                 0.019220
                23.104230                 0.019308
                23.454423                 0.019396
                22.948779                 0.019484
                23.437827                 0.019572
                22.735588                 0.019661
                21.377738                 0.019749
                21.533446                 0.019838
                21.250795                 0.019927
                20.228270                 0.020015
                20.583132                 0.020104
                20.236708                 0.020193
                19.916687                 0.020282
                20.637730                 0.020372
                18.856137                 0.020461
                18.868573                 0.020550
                19.105002                 0.020640
                18.203283                 0.020729
                18.887030                 0.020819
                17.858584                 0.020909
                17.825657                 0.020999
                17.541459                 0.021089
                17.605171                 0.021179
                17.531271                 0.021269
                16.631703                 0.021359
                16.290480                 0.021449
                16.512950                 0.021540
                13.930703                 0.021630
                17.091573                 0.021721
                16.748456                 0.021811
                16.150492                 0.021902
                16.968926                 0.021993
                15.457388                 0.022084
                15.721368                 0.022175
                13.491725                 0.022266
                14.684294                 0.022357
                15.617490                 0.022448
                13.793053                 0.022539
                15.357478                 0.022631
                13.583881                 0.022722
                14.553841                 0.022813
                14.746645                 0.022905
                13.446555                 0.022997
                14.450574                 0.023088
                15.062790                 0.023180
                14.498862                 0.023272
                14.206108                 0.023364
                13.425658                 0.023456
                12.855297                 0.023548
                11.799305                 0.023640
                13.055076                 0.023732
                13.295438                 0.023824
                13.006217                 0.023916
                13.350589                 0.024009
                12.687583                 0.024101
                12.782415                 0.024193
                12.436775                 0.024286
                12.329873                 0.024378
                12.797569                 0.024471
                12.287443                 0.024564
                12.252588                 0.024656
                12.163075                 0.024749
                11.634910                 0.024842
                11.727821                 0.024935
                11.788955                 0.025028
                11.930566                 0.025121
                11.761939                 0.025214
                11.224224                 0.025307
                11.437323                 0.025400
                12.828253                 0.025493
                11.382415                 0.025586
                11.361984                 0.025680
                11.717265                 0.025773
                10.516965                 0.025866
                10.998780                 0.025960
                10.169502                 0.026053
                10.853511                 0.026146
                10.658670                 0.026240
                11.191649                 0.026333
                11.305058                 0.026427
                11.035824                 0.026521
                10.832211                 0.026614
                11.187019                 0.026708
                10.845121                 0.026802
                11.474912                 0.026895
                10.572076                 0.026989
                10.529063                 0.027083
                11.008320                 0.027177
                10.507415                 0.027271
                10.179367                 0.027364
                10.058835                 0.027458
                10.846695                 0.027552
                10.213182                 0.027646
                 9.985194                 0.027740
                11.012538                 0.027834
                10.089034                 0.027928
                11.120721                 0.028022
                10.737996                 0.028116
                10.881215                 0.028210
                10.410180                 0.028304
                10.131770                 0.028398
                11.131261                 0.028493
                10.034343                 0.028587
                10.826165                 0.028681
                10.221884                 0.028775
                 9.688774                 0.028869
                 9.894721                 0.028963
                 9.642106                 0.029058
                 9.962702                 0.029152
                 9.410778                 0.029246
                 9.903284                 0.029340
                10.578950                 0.029434
                 9.991083                 0.029529
                10.593911                 0.029623
                 9.238049                 0.029717
                10.606238                 0.029811
                 9.832854                 0.029906
                10.242821                 0.030000
