1.000E-01 0.500E+00 0.400E+00 8.076E+04  1.750E+05 3.000E+04 1.000E+02 1.000E+01 3.350E+02 1.000E-06 926
  649       0.9953160149697031       0.0078609416002986
  797       0.9054346329579523       0.0024658799946686
  798       0.9403082068086670       0.0226001590084941
  799       0.9751817806593808       0.0427344380223191
  946       0.8504269796543031       0.0172051868098704
  947       0.8853003986476300       0.0373393764166896
  948       0.9201739724983447       0.0574736554305151
  949       0.9550475463490589       0.0776079344443401
  950       0.9899209653423857       0.0977421240511589
 1094       0.7605457413240631       0.0118102339684203
 1095       0.7954191603173904       0.0319444235752395
 1096       0.8302927341681050       0.0520787025890646
 1097       0.8651661531614323       0.0722128921958838
 1098       0.9000397270121470       0.0923471712097093
 1099       0.9349133008628607       0.1124814502235343
 1100       0.9697867198561880       0.1326156398303531
 1242       0.6706645141696992       0.0064152617697966
 1243       0.7055379331630265       0.0265494513766154
 1244       0.7404115070137411       0.0466837303904408
 1245       0.7752849260070684       0.0668179199972601
 1246       0.8101584998577827       0.0869521990110851
 1247       0.8450319188511095       0.1070863886179043
 1248       0.8799054927018242       0.1272206676317298
 1249       0.9147790665525388       0.1473549466455548
 1250       0.9496524855458652       0.1674891362523736
 1251       0.9845260593965799       0.1876234152661991
 1390       0.5807832870153358       0.0010202895711733
 1391       0.6156567060086631       0.0211544791779925
 1392       0.6505302798593773       0.0412887581918175
 1393       0.6854036988527046       0.0614229477986363
 1394       0.7202772727034188       0.0815572268124618
 1395       0.7551506916967461       0.1016914164192810
 1396       0.7900242655474603       0.1218256954331061
 1397       0.8248976845407876       0.1419598850399253
 1398       0.8597712583915023       0.1620941640537508
 1399       0.8946448322422165       0.1822284430675758
 1400       0.9295182512355433       0.2023626326743946
 1401       0.9643918250862580       0.2224969116882201
 1402       0.9992652440795853       0.2426311012950393
 1539       0.5257754788542996       0.0157595069793683
 1540       0.5606490527050134       0.0358937859931938
 1541       0.5955224716983407       0.0560279756000130
 1542       0.6303960455490554       0.0761622546138381
 1543       0.6652694645423827       0.0962964442206569
 1544       0.7001430383930964       0.1164307232344823
 1545       0.7350164573864237       0.1365649128413016
 1546       0.7698900312371384       0.1566991918551266
 1547       0.8047634502304657       0.1768333814619458
 1548       0.8396370240811803       0.1969676604757713
 1549       0.8745105979318941       0.2171019394895963
 1550       0.9093840169252214       0.2372361290964151
 1551       0.9442575907759361       0.2573704081102406
 1552       0.9791310097692634       0.2775045977170598
 1687       0.4358942516999358       0.0103645347807451
 1688       0.4707677481219563       0.0304987690910674
 1689       0.5056412445439773       0.0506330034013893
 1690       0.5405148183946915       0.0707672824152148
 1691       0.5753882373880188       0.0909014720220340
 1692       0.6102618112387330       0.1110357510358591
 1693       0.6451352302320603       0.1311699406426778
 1694       0.6800088040827745       0.1513042196565033
 1695       0.7148822230761018       0.1714384092633225
 1696       0.7497557969268165       0.1915726882771476
 1697       0.7846292159201433       0.2117068778839668
 1698       0.8195027897708580       0.2318411568977923
 1699       0.8543763636215722       0.2519754359116173
 1700       0.8892497826148991       0.2721096255184361
 1701       0.9241233564656137       0.2922439045322616
 1702       0.9589967754589410       0.3123780941390808
 1703       0.9938703493096552       0.3325123731529058
 1835       0.3460130245455719       0.0049695625821218
 1836       0.3808865209675929       0.0251037968924437
 1837       0.4157600173896134       0.0452380312027660
 1838       0.4506335138116340       0.0653722655130884
 1839       0.4855070102336549       0.0855064998234103
 1840       0.5203805840843696       0.1056407788372358
 1841       0.5552540030776969       0.1257749684440550
 1842       0.5901275769284107       0.1459092474578800
 1843       0.6250009959217380       0.1660434370646988
 1844       0.6598745697724526       0.1861777160785243
 1845       0.6947479887657799       0.2063119056853435
 1846       0.7296215626164941       0.2264461846991686
 1847       0.7644949816098210       0.2465803743059878
 1848       0.7993685554605356       0.2667146533198133
 1849       0.8342421293112503       0.2868489323336383
 1850       0.8691155483045767       0.3069831219404571
 1851       0.9039891221552914       0.3271174009542825
 1852       0.9388625411486187       0.3472515905611018
 1853       0.9737361149993333       0.3673858695749268
 1984       0.2910052714614775       0.0197088634081672
 1985       0.3258787678834985       0.0398430977184892
 1986       0.3607522643055190       0.0599773320288111
 1987       0.3956257607275395       0.0801115663391334
 1988       0.4304992571495605       0.1002458006494558
 1989       0.4653727535715815       0.1203800349597777
 1990       0.5002463274222957       0.1405143139736031
 1991       0.5351197464156230       0.1606485035804224
 1992       0.5699933202663372       0.1807827825942474
 1993       0.6048667392596645       0.2009169722010662
 1994       0.6397403131103787       0.2210512512148917
 1995       0.6746137321037060       0.2411854408217109
 1996       0.7094873059544202       0.2613197198355359
 1997       0.7443607249477475       0.2814539094423552
 1998       0.7792342987984622       0.3015881884561806
 1999       0.8141078726491764       0.3217224674700057
 2000       0.8489812916425032       0.3418566570768244
 2001       0.8838548654932179       0.3619909360906499
 2002       0.9187282844865452       0.3821251256974691
 2003       0.9536018583372594       0.4022594047112942
 2004       0.9884752773305867       0.4223935943181134
 2132       0.2011240443071136       0.0143138912095435
 2133       0.2359975407291346       0.0344481255198659
 2134       0.2708710371511556       0.0545823598301882
 2135       0.3057445335731761       0.0747165941405101
 2136       0.3406180299951966       0.0948508284508320
 2137       0.3754915264172176       0.1149850627611544
 2138       0.4103650228392386       0.1351192970714767
 2139       0.4452385192612596       0.1552535313817986
 2140       0.4801120931119733       0.1753878103956241
 2141       0.5149855121053006       0.1955220000024434
 2142       0.5498590859560153       0.2156562790162684
 2143       0.5847325049493426       0.2357904686230872
 2144       0.6196060788000564       0.2559247476369126
 2145       0.6544794977933837       0.2760589372437319
 2146       0.6893530716440983       0.2961932162575569
 2147       0.7242264906374256       0.3163274058643761
 2148       0.7591000644881403       0.3364616848782016
 2149       0.7939736383388540       0.3565959638920266
 2150       0.8288470573321813       0.3767301534988454
 2151       0.8637206311828960       0.3968644325126709
 2152       0.8985940501762233       0.4169986221194901
 2153       0.9334676240269371       0.4371329011333152
 2154       0.9683410430202644       0.4572670907401344
 2280       0.1112428171527498       0.0089189190109198
 2281       0.1461163135747707       0.0290531533212421
 2282       0.1809898099967917       0.0491873876315641
 2283       0.2158633064188122       0.0693216219418864
 2284       0.2507368028408328       0.0894558562522088
 2285       0.2856102992628538       0.1095900905625307
 2286       0.3204837956848747       0.1297243248728526
 2287       0.3553572921068953       0.1498585591831749
 2288       0.3902307885289158       0.1699927934934973
 2289       0.4251042849509368       0.1901270278038192
 2290       0.4599778588016514       0.2102613068176447
 2291       0.4948512777949787       0.2303954964244639
 2292       0.5297248516456925       0.2505297754382889
 2293       0.5645982706390198       0.2706639650451077
 2294       0.5994718444897345       0.2907982440589332
 2295       0.6343452634830617       0.3109324336657524
 2296       0.6692188373337760       0.3310667126795774
 2297       0.7040922563271028       0.3512009022863967
 2298       0.7389658301778175       0.3713351813002221
 2299       0.7738394040285321       0.3914694603140472
 2300       0.8087128230218585       0.4116036499208660
 2301       0.8435863968725732       0.4317379289346914
 2302       0.8784598158659005       0.4518721185415107
 2303       0.9133333897166152       0.4720063975553357
 2304       0.9482068087099425       0.4921405871621549
 2305       0.9830803825606562       0.5122748661759804
 2428       0.0213615899983859       0.0035239468122965
 2429       0.0562350864204069       0.0236581811226189
 2430       0.0911085828424278       0.0437924154329408
 2431       0.1259820792644484       0.0639266497432631
 2432       0.1608555756864694       0.0840608840535850
 2433       0.1957290721084899       0.1041951183639074
 2434       0.2306025685305109       0.1243293526742297
 2435       0.2654760649525318       0.1444635869845516
 2436       0.3003495613745524       0.1645978212948735
 2437       0.3352230577965729       0.1847320556051959
 2438       0.3700965542185939       0.2048662899155183
 2439       0.4049700506406149       0.2250005242258402
 2440       0.4398436244913291       0.2451348032396656
 2441       0.4747170434846564       0.2652689928464849
 2442       0.5095906173353706       0.2854032718603099
 2443       0.5444640363286979       0.3055374614671287
 2444       0.5793376101794121       0.3256717404809542
 2445       0.6142110291727394       0.3458059300877734
 2446       0.6490846030234536       0.3659402091015984
 2447       0.6839580220167809       0.3860743987084176
 2448       0.7188315958674956       0.4062086777222431
 2449       0.7537051697182098       0.4263429567360681
 2450       0.7885785887115366       0.4464771463428869
 2451       0.8234521625622513       0.4666114253567124
 2452       0.8583255815555786       0.4867456149635316
 2453       0.8931991554062928       0.5068798939773567
 2454       0.9280725743996201       0.5270140835841759
 2455       0.9629461482503343       0.5471483625980014
 2456       0.9978195672436616       0.5672825522048202
 2578       0.0012273556880640       0.0383974432343170
 2579       0.0361008521100850       0.0585316775446394
 2580       0.0709743485321055       0.0786659118549613
 2581       0.1058478449541260       0.0988001461652837
 2582       0.1407213413761470       0.1189343804756056
 2583       0.1755948377981680       0.1390686147859279
 2584       0.2104683342201890       0.1592028490962503
 2585       0.2453418306422095       0.1793370834065722
 2586       0.2802153270642300       0.1994713177168941
 2587       0.3150888234862510       0.2196055520272164
 2588       0.3499623199082720       0.2397397863375388
 2589       0.3848358163302930       0.2598740206478607
 2590       0.4197093901810067       0.2800082996616862
 2591       0.4545828091743340       0.3001424892685054
 2592       0.4894563830250487       0.3202767682823304
 2593       0.5243298020183760       0.3404109578891492
 2594       0.5592033758690897       0.3605452369029747
 2595       0.5940767948624170       0.3806794265097939
 2596       0.6289503687131317       0.4008137055236189
 2597       0.6638237877064590       0.4209478951304382
 2598       0.6986973615571737       0.4410821741442637
 2599       0.7335709354078874       0.4612164531580887
 2600       0.7684443544012147       0.4813506427649075
 2601       0.8033179282519294       0.5014849217787329
 2602       0.8381913472452567       0.5216191113855522
 2603       0.8730649210959704       0.5417533903993772
 2604       0.9079383400892977       0.5618875800061964
 2605       0.9428119139400124       0.5820218590200219
 2606       0.9776853329333397       0.6021560486268407
 2729       0.0159666177997626       0.0934051739666604
 2730       0.0508401142217831       0.1135394082769823
 2731       0.0857136106438041       0.1336736425873046
 2732       0.1205871070658251       0.1538078768976265
 2733       0.1554606034878461       0.1739421112079489
 2734       0.1903340999098666       0.1940763455182712
 2735       0.2252075963318871       0.2142105798285932
 2736       0.2600810927539081       0.2343448141389151
 2737       0.2949545891759291       0.2544790484492374
 2738       0.3298280855979496       0.2746132827595598
 2739       0.3647015820199706       0.2947475170698817
 2740       0.3995751558706848       0.3148817960837071
 2741       0.4344485748640121       0.3350159856905264
 2742       0.4693221487147263       0.3551502647043514
 2743       0.5041955677080536       0.3752844543111702
 2744       0.5390691415587678       0.3954187333249957
 2745       0.5739425605520951       0.4155529229318149
 2746       0.6088161344028098       0.4356872019456399
 2747       0.6436895533961366       0.4558213915524592
 2748       0.6785631272468513       0.4759556705662846
 2749       0.7134367010975655       0.4960899495801097
 2750       0.7483101200908924       0.5162241391869284
 2751       0.7831836939416070       0.5363584182007539
 2752       0.8180571129349343       0.5564926078075731
 2753       0.8529306867856485       0.5766268868213982
 2754       0.8878041057789758       0.5967610764282174
 2755       0.9226776796296901       0.6168953554420429
 2756       0.9575510986230173       0.6370295450488617
 2757       0.9924246724737316       0.6571638240626871
 2880       0.0307058799114612       0.1484129046990030
 2881       0.0655793763334822       0.1685471390093254
 2882       0.1004528727555032       0.1886813733196473
 2883       0.1353263691775237       0.2088156076299696
 2884       0.1701998655995443       0.2289498419402920
 2885       0.2050733620215652       0.2490840762506139
 2886       0.2399468584435862       0.2692183105609358
 2887       0.2748203548656067       0.2893525448712582
 2888       0.3096938512876273       0.3094867791815805
 2889       0.3445673477096483       0.3296210134919024
 2890       0.3794409215603629       0.3497552925057279
 2891       0.4143143405536902       0.3698894821125471
 2892       0.4491879144044040       0.3900237611263722
 2893       0.4840613333977313       0.4101579507331909
 2894       0.5189349072484459       0.4302922297470164
 2895       0.5538083262417732       0.4504264193538356
 2896       0.5886819000924874       0.4705606983676607
 2897       0.6235553190858143       0.4906948879744799
 2898       0.6584288929365290       0.5108291669883054
 2899       0.6933024667872436       0.5309634460021304
 2900       0.7281758857805700       0.5510976356089492
 2901       0.7630494596312847       0.5712319146227747
 2902       0.7979228786246120       0.5913661042295939
 2903       0.8327964524753266       0.6115003832434189
 2904       0.8676698714686539       0.6316345728502382
 2905       0.9025434453193677       0.6517688518640636
 2906       0.9374168643126950       0.6719030414708824
 2907       0.9722904381634097       0.6920373204847079
 3030       0.0105716456011393       0.1832864011210238
 3031       0.0454451420231599       0.2034206354313461
 3032       0.0803186384451808       0.2235548697416680
 3033       0.1151921348672014       0.2436891040519904
 3034       0.1500656312892223       0.2638233383623128
 3035       0.1849391277112433       0.2839575726726347
 3036       0.2198126241332639       0.3040918069829566
 3037       0.2546861205552844       0.3242260412932789
 3038       0.2895596169773054       0.3443602756036013
 3039       0.3244331133993263       0.3644945099139232
 3040       0.3593066872500406       0.3846287889277487
 3041       0.3941801062433679       0.4047629785345679
 3042       0.4290536800940821       0.4248972575483929
 3043       0.4639270990874094       0.4450314471552117
 3044       0.4988006729381236       0.4651657261690372
 3045       0.5336740919314509       0.4852999157758564
 3046       0.5685476657821651       0.5054341947896814
 3047       0.6034210847754924       0.5255683843965007
 3048       0.6382946586262070       0.5457026634103261
 3049       0.6731682324769213       0.5658369424241512
 3050       0.7080416514702481       0.5859711320309700
 3051       0.7429152253209628       0.6061054110447954
 3052       0.7777886443142901       0.6262396006516147
 3053       0.8126622181650043       0.6463738796654397
 3054       0.8475356371583316       0.6665080692722589
 3055       0.8824092110090458       0.6866423482860844
 3056       0.9172826300023731       0.7067765378929032
 3057       0.9521562038530873       0.7269108169067287
 3058       0.9870296228464146       0.7470450065135474
 3181       0.0253109077128375       0.2382941318533669
 3182       0.0601844041348585       0.2584283661636888
 3183       0.0950579005568795       0.2785626004740112
 3184       0.1299313969789004       0.2986968347843335
 3185       0.1648048934009210       0.3188310690946554
 3186       0.1996783898229415       0.3389653034049773
 3187       0.2345518862449625       0.3590995377152997
 3188       0.2694253826669835       0.3792337720256220
 3189       0.3042988790890044       0.3993680063359439
 3190       0.3391724529397182       0.4195022853497694
 3191       0.3740458719330455       0.4396364749565886
 3192       0.4089194457837602       0.4597707539704137
 3193       0.4437928647770875       0.4799049435772325
 3194       0.4786664386278012       0.5000392225910579
 3195       0.5135398576211285       0.5201734121978772
 3196       0.5484134314718432       0.5403076912117022
 3197       0.5832868504651705       0.5604418808185214
 3198       0.6181604243158851       0.5805761598323469
 3199       0.6530339981665989       0.6007104388461719
 3200       0.6879074171599262       0.6208446284529907
 3201       0.7227809910106409       0.6409789074668162
 3202       0.7576544100039682       0.6611130970736354
 3203       0.7925279838546819       0.6812473760874604
 3204       0.8274014028480092       0.7013815656942797
 3205       0.8622749766987239       0.7215158447081051
 3206       0.8971483956920512       0.7416500343149239
 3207       0.9320219695427649       0.7617843133287494
 3208       0.9668953885360922       0.7819185029355682
 3331       0.0051766734025156       0.2731676282753877
 3332       0.0400501698245366       0.2933018625857096
 3333       0.0749236662465576       0.3134360968960319
 3334       0.1097971626685781       0.3335703312063543
 3335       0.1446706590905986       0.3537045655166762
 3336       0.1795441555126196       0.3738387998269981
 3337       0.2144176519346406       0.3939730341373204
 3338       0.2492911483566611       0.4141072684476428
 3339       0.2841646447786821       0.4342415027579647
 3340       0.3190382186293963       0.4543757817717902
 3341       0.3539116376227236       0.4745099713786094
 3342       0.3887852114734378       0.4946442503924344
 3343       0.4236586304667651       0.5147784399992532
 3344       0.4585322043174793       0.5349127190130787
 3345       0.4934056233108066       0.5550469086198979
 3346       0.5282791971615213       0.5751811876337229
 3347       0.5631526161548481       0.5953153772405422
 3348       0.5980261900055628       0.6154496562543676
 3349       0.6328997638562770       0.6355839352681927
 3350       0.6677731828496039       0.6557181248750115
 3351       0.7026467567003185       0.6758524038888369
 3352       0.7375201756936458       0.6959865934956562
 3353       0.7723937495443600       0.7161208725094812
 3354       0.8072671685376873       0.7362550621163004
 3355       0.8421407423884015       0.7563893411301259
 3356       0.8770141613817288       0.7765235307369447
 3357       0.9118877352324430       0.7966578097507702
 3358       0.9467611542257703       0.8167919993575889
 3359       0.9816347280764846       0.8369262783714144
 3482       0.0199159355142142       0.3281753590077303
 3483       0.0547894319362348       0.3483095933180527
 3484       0.0896629283582557       0.3684438276283750
 3485       0.1245364247802767       0.3885780619386969
 3486       0.1594099212022972       0.4087122962490188
 3487       0.1942834176243178       0.4288465305593412
 3488       0.2291569140463388       0.4489807648696635
 3489       0.2640304104683597       0.4691149991799854
 3490       0.2989039843190739       0.4892492781938109
 3491       0.3337774033124012       0.5093834678006302
 3492       0.3686509771631155       0.5295177468144552
 3493       0.4035243961564428       0.5496519364212740
 3494       0.4383979700071570       0.5697862154350994
 3495       0.4732713890004843       0.5899204050419187
 3496       0.5081449628511985       0.6100546840557437
 3497       0.5430183818445258       0.6301888736625629
 3498       0.5778919556952404       0.6503231526763884
 3499       0.6127655295459546       0.6704574316902134
 3500       0.6476389485392815       0.6905916212970322
 3501       0.6825125223899962       0.7107259003108577
 3502       0.7173859413833235       0.7308600899176769
 3503       0.7522595152340377       0.7509943689315020
 3504       0.7871329342273650       0.7711285585383212
 3505       0.8220065080780792       0.7912628375521467
 3506       0.8568799270714065       0.8113970271589654
 3507       0.8917535009221207       0.8315313061727909
 3508       0.9266269199154480       0.8516654957796097
 3509       0.9615004937661622       0.8717997747934352
 3510       0.9963739127594895       0.8919339644002540
 3633       0.0346551976259128       0.3831830897400734
 3634       0.0695286940479338       0.4033173240503958
 3635       0.1044021904699544       0.4234515583607177
 3636       0.1392756868919749       0.4435857926710396
 3637       0.1741491833139959       0.4637200269813619
 3638       0.2090226797360168       0.4838542612916843
 3639       0.2438961761580378       0.5039884956020062
 3640       0.2787697500087516       0.5241227746158317
 3641       0.3136431690020789       0.5442569642226509
 3642       0.3485167428527935       0.5643912432364759
 3643       0.3833901618461208       0.5845254328432947
 3644       0.4182637356968346       0.6046597118571202
 3645       0.4531371546901619       0.6247939014639394
 3646       0.4880107285408766       0.6449281804777645
 3647       0.5228841475342039       0.6650623700845837
 3648       0.5577577213849185       0.6851966490984092
 3649       0.5926312952356323       0.7053309281122342
 3650       0.6275047142289596       0.7254651177190530
 3651       0.6623782880796742       0.7455993967328784
 3652       0.6972517070730015       0.7657335863396977
 3653       0.7321252809237153       0.7858678653535227
 3654       0.7669986999170426       0.8060020549603419
 3655       0.8018722737677573       0.8261363339741674
 3656       0.8367456927610846       0.8462705235809862
 3657       0.8716192666117983       0.8664048025948117
 3658       0.9064926856051256       0.8865389922016305
 3659       0.9413662594558403       0.9066732712154559
 3660       0.9762396784491676       0.9268074608222747
 3783       0.0145209186120878       0.4180566635907879
 3784       0.0493944150341084       0.4381908979011102
 3785       0.0842679114561289       0.4583251322114321
 3786       0.1191414078781499       0.4784593665217540
 3787       0.1540149043001708       0.4985936008320764
 3788       0.1888884007221914       0.5187278351423987
 3789       0.2237618971442124       0.5388620694527206
 3790       0.2586354709949266       0.5589963484665461
 3791       0.2935088899882539       0.5791305380733653
 3792       0.3283824638389681       0.5992648170871904
 3793       0.3632558828322954       0.6193990066940092
 3794       0.3981294566830096       0.6395332857078346
 3795       0.4330028756763369       0.6596674753146539
 3796       0.4678764495270515       0.6798017543284789
 3797       0.5027498685203784       0.6999359439352981
 3798       0.5376234423710931       0.7200702229491236
 3799       0.5724970162218073       0.7402045019629486
 3800       0.6073704352151341       0.7603386915697674
 3801       0.6422440090658488       0.7804729705835929
 3802       0.6771174280591761       0.8006071601904121
 3803       0.7119910019098903       0.8207414392042371
 3804       0.7468644209032176       0.8408756288110564
 3805       0.7817379947539318       0.8610099078248818
 3806       0.8166114137472591       0.8811440974317006
 3807       0.8514849875979733       0.9012783764455261
 3808       0.8863584065913006       0.9214125660523449
 3809       0.9212319804420148       0.9415468450661704
 3810       0.9561053994353421       0.9616810346729892
 3811       0.9909789732860568       0.9818153136868146
 3934       0.0292601807237860       0.4730643943231310
 3935       0.0641336771458070       0.4931986286334529
 3936       0.0990071735678280       0.5133328629437748
 3937       0.1338806699898485       0.5334670972540971
 3938       0.1687541664118690       0.5536013315644195
 3939       0.2036276628338900       0.5737355658747414
 3940       0.2385012366846047       0.5938698448885669
 3941       0.2733746556779320       0.6140040344953861
 3942       0.3082482295286457       0.6341383135092111
 3943       0.3431216485219730       0.6542725031160299
 3944       0.3779952223726877       0.6744067821298554
 3945       0.4128686413660150       0.6945409717366746
 3946       0.4477422152167292       0.7146752507504996
 3947       0.4826156342100560       0.7348094403573189
 3948       0.5174892080607707       0.7549437193711444
 3949       0.5523627819114854       0.7750779983849694
 3950       0.5872362009048118       0.7952121879917882
 3951       0.6221097747555264       0.8153464670056136
 3952       0.6569831937488537       0.8354806566124329
 3953       0.6918567675995684       0.8556149356262579
 3954       0.7267301865928957       0.8757491252330771
 3955       0.7616037604436094       0.8958834042469026
 3956       0.7964771794369367       0.9160175938537214
 3957       0.8313507532876514       0.9361518728675469
 3958       0.8662241722809787       0.9562860624743657
 3959       0.9010977461316925       0.9764203414881911
 3960       0.9359711651250198       0.9965545310950099
 3961       0.9708447389757344       1.0166888101088354
 4084       0.0091259464134641       0.5079378907451517
 4085       0.0439994428354851       0.5280721250554736
 4086       0.0788729392575056       0.5482063593657955
 4087       0.1137464356795261       0.5683405936761179
 4088       0.1486199321015471       0.5884748279864402
 4089       0.1834934285235681       0.6086090622967621
 4090       0.2183670023742823       0.6287433413105876
 4091       0.2532404213676096       0.6488775309174069
 4092       0.2881139952183238       0.6690118099312319
 4093       0.3229874142116511       0.6891459995380507
 4094       0.3578609880623653       0.7092802785518761
 4095       0.3927344070556926       0.7294144681586954
 4096       0.4276079809064068       0.7495487471725204
 4097       0.4624813998997341       0.7696829367793396
 4098       0.4973549737504488       0.7898172157931651
 4099       0.5322285476011630       0.8099514948069901
 4100       0.5671019665944899       0.8300856844138089
 4101       0.6019755404452045       0.8502199634276344
 4102       0.6368489594385318       0.8703541530344536
 4103       0.6717225332892460       0.8904884320482787
 4104       0.7065959522825733       0.9106226216550979
 4105       0.7414695261332875       0.9307569006689234
 4106       0.7763429451266148       0.9508910902757421
 4107       0.8112165189773290       0.9710253692895676
 4108       0.8460899379706563       0.9911595588963864
 4109       0.8809635118213706       1.0112938379102119
 4110       0.9158369308146979       1.0314280275170307
 4111       0.9507105046654125       1.0515623065308561
 4112       0.9855839236587394       1.0716964961376749
 4235       0.0238652085251627       0.5629456214774944
 4236       0.0587387049471833       0.5830798557878163
 4237       0.0936122013692042       0.6032140900981386
 4238       0.1284856977912248       0.6233483244084610
 4239       0.1633591942132457       0.6434825587187829
 4240       0.1982327680639600       0.6636168377326084
 4241       0.2331061870572873       0.6837510273394276
 4242       0.2679797609080015       0.7038853063532526
 4243       0.3028531799013288       0.7240194959600714
 4244       0.3377267537520430       0.7441537749738969
 4245       0.3726001727453703       0.7642879645807161
 4246       0.4074737465960849       0.7844222435945412
 4247       0.4423471655894118       0.8045564332013604
 4248       0.4772207394401264       0.8246907122151859
 4249       0.5120943132908407       0.8448249912290109
 4250       0.5469677322841675       0.8649591808358297
 4251       0.5818413061348822       0.8850934598496552
 4252       0.6167147251282095       0.9052276494564744
 4253       0.6515882989789237       0.9253619284702994
 4254       0.6864617179722510       0.9454961180771186
 4255       0.7213352918229652       0.9656303970909441
 4256       0.7562087108162925       0.9857645866977629
 4257       0.7910822846670067       1.0058988657115884
 4258       0.8259557036603340       1.0260330553184072
 4259       0.8608292775110482       1.0461673343322326
 4260       0.8957026965043755       1.0663015239390514
 4261       0.9305762703550902       1.0864358029528769
 4262       0.9654496893484170       1.1065699925596957
 4385       0.0037309742148404       0.5978191178995151
 4386       0.0386044706368613       0.6179533522098370
 4387       0.0734779670588819       0.6380875865201594
 4388       0.1083514634809029       0.6582218208304818
 4389       0.1432249599029238       0.6783560551408037
 4390       0.1780985337536380       0.6984903341546291
 4391       0.2129719527469653       0.7186245237614484
 4392       0.2478455265976796       0.7387588027752734
 4393       0.2827189455910069       0.7588929923820922
 4394       0.3175925194417211       0.7790272713959177
 4395       0.3524659384350484       0.7991614610027369
 4396       0.3873395122857626       0.8192957400165619
 4397       0.4222129312790899       0.8394299296233811
 4398       0.4570865051298045       0.8595642086372066
 4399       0.4919600789805187       0.8796984876510316
 4400       0.5268334979738456       0.8998326772578504
 4401       0.5617070718245603       0.9199669562716759
 4402       0.5965804908178876       0.9401011458784951
 4403       0.6314540646686018       0.9602354248923202
 4404       0.6663274836619291       0.9803696144991394
 4405       0.7012010575126433       1.0005038935129649
 4406       0.7360744765059706       1.0206380831197837
 4407       0.7709480503566848       1.0407723621336091
 4408       0.8058214693500121       1.0609065517404279
 4409       0.8406950432007263       1.0810408307542534
 4410       0.8755684621940536       1.1011750203610722
 4411       0.9104420360447683       1.1213092993748977
 4412       0.9453154550380951       1.1414434889817164
 4413       0.9801890288888098       1.1615777679955419
 4536       0.0184702363265390       0.6528268486318578
 4537       0.0533437327485600       0.6729610829421802
 4538       0.0882172291705805       0.6930953172525025
 4539       0.1230907255926015       0.7132295515628244
 4540       0.1579642994433157       0.7333638305766499
 4541       0.1928377184366430       0.7534980201834691
 4542       0.2277112922873572       0.7736322991972941
 4543       0.2625847112806845       0.7937664888041129
 4544       0.2974582851313987       0.8139007678179384
 4545       0.3323317041247260       0.8340349574247576
 4546       0.3672052779754407       0.8541692364385827
 4547       0.4020786969687675       0.8743034260454019
 4548       0.4369522708194822       0.8944377050592274
 4549       0.4718258446701964       0.9145719840730524
 4550       0.5066992636635232       0.9347061736798712
 4551       0.5415728375142379       0.9548404526936967
 4552       0.5764462565075652       0.9749746423005159
 4553       0.6113198303582794       0.9951089213143409
 4554       0.6461932493516067       1.0152431109211602
 4555       0.6810668232023209       1.0353773899349856
 4556       0.7159402421956482       1.0555115795418044
 4557       0.7508138160463624       1.0756458585556299
 4558       0.7856872350396897       1.0957800481624487
 4559       0.8205608088904039       1.1159143271762741
 4560       0.8554342278837312       1.1360485167830929
 4561       0.8903078017344459       1.1561827957969184
 4562       0.9251812207277728       1.1763169854037372
 4563       0.9600547945784874       1.1964512644175627
 4564       0.9949282135718143       1.2165854540243815
 4687       0.0332094984382376       0.7078345793642011
 4688       0.0680829948602586       0.7279688136745235
 4689       0.1029564912822796       0.7481030479848454
 4690       0.1378300651329938       0.7682373269986709
 4691       0.1727034841263211       0.7883715166054901
 4692       0.2075770579770353       0.8085057956193151
 4693       0.2424504769703626       0.8286399852261339
 4694       0.2773240508210768       0.8487742642399594
 4695       0.3121974698144041       0.8689084538467786
 4696       0.3470710436651183       0.8890427328606036
 4697       0.3819444626584456       0.9091769224674229
 4698       0.4168180365091603       0.9293112014812484
 4699       0.4516916103598745       0.9494454804950734
 4700       0.4865650293532013       0.9695796701018922
 4701       0.5214386032039160       0.9897139491157176
 4702       0.5563120221972433       1.0098481387225369
 4703       0.5911855960479575       1.0299824177363619
 4704       0.6260590150412848       1.0501166073431811
 4705       0.6609325888919990       1.0702508863570066
 4706       0.6958060078853263       1.0903850759638254
 4707       0.7306795817360405       1.1105193549776509
 4708       0.7655530007293678       1.1306535445844696
 4709       0.8004265745800820       1.1507878235982951
 4710       0.8352999935734093       1.1709220132051139
 4711       0.8701735674241240       1.1910562922189394
 4712       0.9050469864174508       1.2111904818257582
 4713       0.9399205602681655       1.2313247608395836
 4714       0.9747939792614924       1.2514589504464024
 4837       0.0130752641279157       0.7427080757862219
 4838       0.0479487605499362       0.7628423100965442
 4839       0.0828222569719572       0.7829765444068661
 4840       0.1176958308226714       0.8031108234206916
 4841       0.1525692498159987       0.8232450130275109
 4842       0.1874428236667129       0.8433792920413359
 4843       0.2223162426600402       0.8635134816481547
 4844       0.2571898165107545       0.8836477606619801
 4845       0.2920632355040818       0.9037819502687994
 4846       0.3269368093547964       0.9239162292826244
 4847       0.3618102283481233       0.9440504188894436
 4848       0.3966838021988379       0.9641846979032691
 4849       0.4315573760495521       0.9843189769170941
 4850       0.4664307950428790       1.0044531665239129
 4851       0.5013043688935936       1.0245874455377384
 4852       0.5361777878869209       1.0447216351445576
 4853       0.5710513617376352       1.0648559141583827
 4854       0.6059247807309625       1.0849901037652019
 4855       0.6407983545816767       1.1051243827790274
 4856       0.6756717735750040       1.1252585723858461
 4857       0.7105453474257182       1.1453928513996716
 4858       0.7454187664190455       1.1655270410064904
 4859       0.7802923402697597       1.1856613200203159
 4860       0.8151657592630870       1.2057955096271347
 4861       0.8500393331138016       1.2259297886409601
 4862       0.8849127521071285       1.2460639782477789
 4863       0.9197863259578432       1.2661982572616044
 4864       0.9546597449511700       1.2863324468684232
 4865       0.9895333188018847       1.3064667258822487
 4988       0.0278145262396139       0.7977158065185650
 4989       0.0626880226616349       0.8178500408288869
 4990       0.0975615965123495       0.8379843198427124
 4991       0.1324350155056768       0.8581185094495316
 4992       0.1673085893563906       0.8782527884633566
 4993       0.2021820083497179       0.8983869780701754
 4994       0.2370555822004325       0.9185212570840009
 4995       0.2719290011937598       0.9386554466908201
 4996       0.3068025750444741       0.9587897257046452
 4997       0.3416759940378009       0.9789239153114644
 4998       0.3765495678885156       0.9990581943252899
 4999       0.4114231417392302       1.0191924733391149
 5000       0.4462965607325566       1.0393266629459337
 5001       0.4811701345832713       1.0594609419597592
 5002       0.5160435535765986       1.0795951315665784
 5003       0.5509171274273132       1.0997294105804034
 5004       0.5857905464206405       1.1198636001872226
 5005       0.6206641202713543       1.1399978792010481
 5006       0.6555375392646816       1.1601320688078669
 5007       0.6904111131153963       1.1802663478216924
 5008       0.7252845321087236       1.2004005374285112
 5009       0.7601581059594373       1.2205348164423366
 5010       0.7950315249527646       1.2406690060491554
 5011       0.8299050988034793       1.2608032850629809
 5012       0.8647785177968066       1.2809374746697997
 5013       0.8996520916475212       1.3010717536836252
 5014       0.9345255106408477       1.3212059432904439
 5015       0.9693990844915623       1.3413402223042694
 5138       0.0076802919292920       0.8325893029405858
 5139       0.0425537883513130       0.8527235372509077
 5140       0.0774273622020272       0.8728578162647331
 5141       0.1123007811953545       0.8929920058715524
 5142       0.1471743550460687       0.9131262848853774
 5143       0.1820477740393960       0.9332604744921962
 5144       0.2169213478901102       0.9533947535060217
 5145       0.2517947668834375       0.9735289431128409
 5146       0.2866683407341517       0.9936632221266659
 5147       0.3215417597274790       1.0137974117334851
 5148       0.3564153335781937       1.0339316907473106
 5149       0.3912889074289079       1.0540659697611356
 5150       0.4261623264222347       1.0742001593679544
 5151       0.4610359002729494       1.0943344383817799
 5152       0.4959093192662767       1.1144686279885991
 5153       0.5307828931169909       1.1346029070024242
 5154       0.5656563121103182       1.1547370966092434
 5155       0.6005298859610324       1.1748713756230689
 5156       0.6354033049543597       1.1950055652298877
 5157       0.6702768788050739       1.2151398442437131
 5158       0.7051502977984012       1.2352740338505319
 5159       0.7400238716491154       1.2554083128643574
 5160       0.7748972906424427       1.2755425024711762
 5161       0.8097708644931574       1.2956767814850016
 5162       0.8446442834864842       1.3158109710918204
 5163       0.8795178573371989       1.3359452501056459
 5164       0.9143912763305257       1.3560794397124647
 5165       0.9492648501812404       1.3762137187262902
 5166       0.9841384240319546       1.3963479977401156
 5289       0.0224195540409911       0.8875970336729284
 5290       0.0572931278917048       0.9077313126867539
 5291       0.0921665468850321       0.9278655022935731
 5292       0.1270401207357468       0.9479997813073981
 5293       0.1619135397290741       0.9681339709142169
 5294       0.1967871135797878       0.9882682499280424
 5295       0.2316605325731151       1.0084024395348616
 5296       0.2665341064238298       1.0285367185486867
 5297       0.3014075254171571       1.0486709081555059
 5298       0.3362810992678718       1.0688051871693314
 5299       0.3711546731185855       1.0889394661831564
 5300       0.4060280921119128       1.1090736557899752
 5301       0.4409016659626275       1.1292079348038007
 5302       0.4757750849559548       1.1493421244106199
 5303       0.5106486588066685       1.1694764034244449
 5304       0.5455220777999958       1.1896105930312642
 5305       0.5803956516507105       1.2097448720450896
 5306       0.6152690706440378       1.2298790616519084
 5307       0.6501426444947516       1.2500133406657339
 5308       0.6850160634880789       1.2701475302725527
 5309       0.7198896373387935       1.2902818092863781
 5310       0.7547630563321208       1.3104159988931969
 5311       0.7896366301828355       1.3305502779070224
 5312       0.8245100491761619       1.3506844675138412
 5313       0.8593836230268765       1.3708187465276667
 5314       0.8942570420202038       1.3909529361344855
 5315       0.9291306158709185       1.4110872151483109
 5316       0.9640041897216323       1.4312214941621364
 5317       0.9988776087149596       1.4513556837689552
 5439       0.0022853197306687       0.9224705300949492
 5440       0.0371588935813829       0.9426048091087746
 5441       0.0720323125747102       0.9627389987155939
 5442       0.1069058864254244       0.9828732777294189
 5443       0.1417793054187517       1.0030074673362377
 5444       0.1766528792694659       1.0231417463500632
 5445       0.2115262982627932       1.0432759359568824
 5446       0.2463998721135074       1.0634102149707074
 5447       0.2812732911068347       1.0835444045775267
 5448       0.3161468649575494       1.1036786835913521
 5449       0.3510204388082636       1.1238129626051772
 5450       0.3858938578015905       1.1439471522119959
 5451       0.4207674316523051       1.1640814312258214
 5452       0.4556408506456324       1.1842156208326406
 5453       0.4905144244963466       1.2043498998464657
 5454       0.5253878434896739       1.2244840894532849
 5455       0.5602614173403881       1.2446183684671104
 5456       0.5951348363337154       1.2647525580739292
 5457       0.6300084101844297       1.2848868370877546
 5458       0.6648818291777570       1.3050210266945734
 5459       0.6997554030284712       1.3251553057083989
 5460       0.7346288220217985       1.3452894953152177
 5461       0.7695023958725131       1.3654237743290432
 5462       0.8043758148658400       1.3855579639358619
 5463       0.8392493887165546       1.4056922429496874
 5464       0.8741228077098815       1.4258264325565062
 5465       0.9089963815605961       1.4459607115703317
 5466       0.9438699554113104       1.4660949905841572
 5467       0.9787433744046377       1.4862291801909759
 5590       0.0170246592710606       0.9774783055307954
 5591       0.0518980782643879       0.9976124951376146
 5592       0.0867716521151021       1.0177467741514397
 5593       0.1216450711084294       1.0378809637582584
 5594       0.1565186449591436       1.0580152427720839
 5595       0.1913920639524709       1.0781494323789031
 5596       0.2262656378031855       1.0982837113927282
 5597       0.2611390567965124       1.1184179009995474
 5598       0.2960126306472270       1.1385521800133729
 5599       0.3308862044979413       1.1586864590271979
 5600       0.3657596234912681       1.1788206486340167
 5601       0.4006331973419828       1.1989549276478422
 5602       0.4355066163353101       1.2190891172546614
 5603       0.4703801901860243       1.2392233962684864
 5604       0.5052536091793516       1.2593575858753057
 5605       0.5401271830300658       1.2794918648891311
 5606       0.5750006020233931       1.2996260544959499
 5607       0.6098741758741073       1.3197603335097754
 5608       0.6447475948674346       1.3398945231165942
 5609       0.6796211687181488       1.3600288021304197
 5610       0.7144945877114761       1.3801629917372384
 5611       0.7493681615621908       1.4002972707510639
 5612       0.7842415805555176       1.4204314603578827
 5613       0.8191151544062323       1.4405657393717082
 5614       0.8539885733995591       1.4606999289785270
 5615       0.8888621472502738       1.4808342079923524
 5741       0.0317638439540660       1.0324859915596356
 5742       0.0666374178047802       1.0526202705734606
 5743       0.1015108367981075       1.0727544601802794
 5744       0.1363844106488217       1.0928887391941049
 5745       0.1712578296421490       1.1130229288009241
 5746       0.2061314034928632       1.1331572078147492
 5747       0.2410048224861905       1.1532913974215684
 5748       0.2758783963369051       1.1734256764353939
 5749       0.3107519701876194       1.1935599554492189
 5750       0.3456253891809462       1.2136941450560377
 5751       0.3804989630316609       1.2338284240698631
 5752       0.4153723820249882       1.2539626136766824
 5753       0.4502459558757024       1.2740968926905074
 5754       0.4851193748690297       1.2942310822973266
 5755       0.5199929487197439       1.3143653613111521
 5756       0.5548663677130712       1.3344995509179709
 5757       0.5897399415637854       1.3546338299317964
 5758       0.6246133605571127       1.3747680195386152
 5759       0.6594869344078269       1.3949022985524406
 5760       0.6943603534011542       1.4150364881592594
 5761       0.7292339272518689       1.4351707671730849
 5762       0.7641073462451957       1.4553049567799037
 5763       0.7989809200959104       1.4754392357937292
 5764       0.8338543390892372       1.4955734254005479
 5891       0.0116295649402405       1.0673595654103498
 5892       0.0465031387909547       1.0874938444241748
 5893       0.0813765577842820       1.1076280340309936
 5894       0.1162501316349962       1.1277623130448191
 5895       0.1511235506283235       1.1478965026516383
 5896       0.1859971244790382       1.1680307816654634
 5897       0.2208705434723650       1.1881649712722826
 5898       0.2557441173230797       1.2082992502861081
 5899       0.2906176911737939       1.2284335292999331
 5900       0.3254911101671207       1.2485677189067519
 5901       0.3603646840178354       1.2687019979205774
 5902       0.3952381030111627       1.2888361875273966
 5903       0.4301116768618769       1.3089704665412216
 5904       0.4649850958552042       1.3291046561480409
 5905       0.4998586697059184       1.3492389351618663
 5906       0.5347320886992457       1.3693731247686851
 5907       0.5696056625499599       1.3895074037825106
 5908       0.6044790815432872       1.4096415933893294
 5909       0.6393526553940014       1.4297758724031548
 5910       0.6742260743873287       1.4499100620099736
 5911       0.7090996482380434       1.4700443410237991
 5912       0.7439730672313702       1.4901785306306179
 6042       0.0263689491841355       1.1223672634175021
 6043       0.0612423681774628       1.1425014530243209
 6044       0.0961159420281774       1.1626357320381464
 6045       0.1309893610215047       1.1827699216449656
 6046       0.1658629348722189       1.2029042006587907
 6047       0.2007363538655458       1.2230383902656099
 6048       0.2356099277162604       1.2431726692794354
 6049       0.2704835015669751       1.2633069482932604
 6050       0.3053569205603015       1.2834411379000792
 6051       0.3402304944110162       1.3035754169139047
 6052       0.3751039134043435       1.3237096065207239
 6053       0.4099774872550581       1.3438438855345489
 6054       0.4448509062483854       1.3639780751413682
 6055       0.4797244800990992       1.3841123541551936
 6056       0.5145978990924265       1.4042465437620124
 6057       0.5494714729431411       1.4243808227758379
 6058       0.5843448919364684       1.4445150123826567
 6059       0.6192184657871822       1.4646492913964821
 6060       0.6540918847805095       1.4847834810033009
 6192       0.0062346701703104       1.1572408372682164
 6193       0.0411080891636377       1.1773750268750351
 6194       0.0759816630143519       1.1975093058888606
 6195       0.1108550820076792       1.2176434954956799
 6196       0.1457286558583935       1.2377777745095049
 6197       0.1806020748517208       1.2579119641163241
 6198       0.2154756487024354       1.2780462431301496
 6199       0.2503492225531496       1.2981805221439746
 6200       0.2852226415464765       1.3183147117507934
 6201       0.3200962153971911       1.3384489907646189
 6202       0.3549696343905184       1.3585831803714381
 6203       0.3898432082412326       1.3787174593852631
 6204       0.4247166272345599       1.3988516489920824
 6205       0.4595902010852742       1.4189859280059078
 6206       0.4944636200786015       1.4391201176127266
 6207       0.5293371939293157       1.4592543966265521
 6208       0.5642106129226430       1.4793885862333709
 6209       0.5990841867733572       1.4995228652471964
 6343       0.0209738995568189       1.2122484458683624
 6344       0.0558474734075327       1.2323827248821879
 6345       0.0907208924008600       1.2525169144890071
 6346       0.1255944662515747       1.2726511935028322
 6347       0.1604678852449020       1.2927853831096514
 6348       0.1953414590956166       1.3129196621234769
 6349       0.2302150329463304       1.3330539411373019
 6350       0.2650884519396577       1.3531881307441207
 6351       0.2999620257903723       1.3733224097579462
 6352       0.3348354447836996       1.3934565993647654
 6353       0.3697090186344134       1.4135908783785904
 6354       0.4045824376277407       1.4337250679854097
 6355       0.4394560114784554       1.4538593469992351
 6356       0.4743294304717827       1.4739935366060539
 6357       0.5092030043224964       1.4941278156198794
 6493       0.0008396205429935       1.2471220197190767
 6494       0.0357131943937077       1.2672562987329021
 6495       0.0705866133870350       1.2873904883397214
 6496       0.1054601872377492       1.3075247673535464
 6497       0.1403336062310765       1.3276589569603656
 6498       0.1752071800817911       1.3477932359741911
 6499       0.2100807539325054       1.3679275149880161
 6500       0.2449541729258322       1.3880617045948349
 6501       0.2798277467765469       1.4081959836086604
 6502       0.3147011657698742       1.4283301732154796
 6503       0.3495747396205884       1.4484644522293046
 6504       0.3844481586139157       1.4685986418361239
 6505       0.4193217324646299       1.4887329208499493
 6644       0.0155790047868885       1.3021297177262294
 6645       0.0504524237802157       1.3222639073330487
 6646       0.0853259976309304       1.3423981863468737
 6647       0.1201994166242573       1.3625323759536929
 6648       0.1550729904749719       1.3826666549675184
 6649       0.1899465643256861       1.4028009339813434
 6650       0.2248199833190130       1.4229351235881622
 6651       0.2596935571697276       1.4430694026019877
 6652       0.2945669761630549       1.4632035922088069
 6653       0.3294405500137692       1.4833378712226319
 6795       0.0303181447663907       1.3571374811837631
 6796       0.0651917186171049       1.3772717601975881
 6797       0.1000651376104322       1.3974059498044074
 6798       0.1349387114611469       1.4175402288182328
 6799       0.1698122853118611       1.4376745078320579
 6800       0.2046857043051880       1.4578086974388766
 6801       0.2395592781559026       1.4779429764527021
 6802       0.2744326971492299       1.4980771660595213
 6945       0.0101839551595715       1.3920109001770902
 6946       0.0450575290102861       1.4121451791909152
 6947       0.0799309480036130       1.4322793687977344
 6948       0.1148045218543277       1.4524136478115599
 6949       0.1496780957050419       1.4725479268253849
 6950       0.1845515146983687       1.4926821164322037
 7096       0.0249232499964607       1.4470187530416296
 7097       0.0597966689897875       1.4671529426484489
 7098       0.0946702428405022       1.4872872216622743
 7246       0.0047890603896419       1.4818921720349569
