1.000E-01 0.500E+00 0.400E+00 8.076E+04  1.750E+05 3.000E+04 1.000E+02 1.000E+01 3.350E+02 1.000E-06 927
 8729       0.9839315557080202       0.0131930999622549
 8730       0.9977041953427870       0.0510330595479958
 8879       0.9460916801373318       0.0269657090179976
 8880       0.9598643197720986       0.0648056686037384
 8881       0.9736369594068659       0.1026456281894792
 8882       0.9874095990416332       0.1404855877752198
 9028       0.8944789969017712       0.0028984196460482
 9029       0.9082516365365385       0.0407383792317890
 9030       0.9220242761713053       0.0785783388175298
 9031       0.9357969158060726       0.1164182984032707
 9032       0.9495695554408399       0.1542582579890113
 9033       0.9633421950756067       0.1920982175747521
 9034       0.9771148347103735       0.2299381771604929
 9035       0.9908874743451408       0.2677781367462335
 9178       0.8566391213310829       0.0166710287017908
 9179       0.8704117609658502       0.0545109882875319
 9180       0.8841844006006170       0.0923509478732725
 9181       0.8979570402353843       0.1301909074590135
 9182       0.9117296798701515       0.1680308670447541
 9183       0.9255023195049183       0.2058708266304947
 9184       0.9392749591396852       0.2437107862162358
 9185       0.9530475987744524       0.2815507458019764
 9186       0.9668202384092197       0.3193907053877170
 9187       0.9805928780439865       0.3572306649734580
 9188       0.9943655176787534       0.3950706245591986
 9328       0.8187990777302896       0.0304436989155823
 9329       0.8325717173650569       0.0682836585013231
 9330       0.8463443569998237       0.1061236180870639
 9331       0.8601169966345910       0.1439635776728048
 9332       0.8738896362693582       0.1818035372585454
 9333       0.8876622759041251       0.2196434968442862
 9334       0.9014349155388919       0.2574834564300270
 9335       0.9152075551736591       0.2953234160157676
 9336       0.9289801948084264       0.3331633756015084
 9337       0.9427528344431932       0.3710033351872493
 9338       0.9565254740779601       0.4088432947729901
 9339       0.9702981137127273       0.4466832543587307
 9340       0.9840707839265188       0.4845232979595240
 9341       0.9978433929822614       0.5223631735302123
 9477       0.7671865625248344       0.0063763483855845
 9478       0.7809592021596012       0.0442163079713251
 9479       0.7947318417943690       0.0820562675570660
 9480       0.8085044814291358       0.1198962271428068
 9481       0.8222771210639026       0.1577361867285476
 9482       0.8360497606986703       0.1955761463142882
 9483       0.8498224003334371       0.2334161059000290
 9484       0.8635950399682040       0.2712560654857699
 9485       0.8773676796029708       0.3090960250715105
 9486       0.8911403192377385       0.3469359846572513
 9487       0.9049129588725053       0.3847759442429921
 9488       0.9186855985072722       0.4226159038287329
 9489       0.9324582381420390       0.4604558634144735
 9490       0.9462309083558305       0.4982959070152668
 9491       0.9600035174115735       0.5361357825859552
 9492       0.9737761876253650       0.5739758261867485
 9493       0.9875487966811072       0.6118157017574366
 9627       0.7293465189240411       0.0201490185993758
 9628       0.7431191585588079       0.0579889781851164
 9629       0.7568917981935757       0.0958289377708572
 9630       0.7706644378283425       0.1336688973565980
 9631       0.7844370774631093       0.1715088569423389
 9632       0.7982097170978770       0.2093488165280795
 9633       0.8119823567326439       0.2471887761138203
 9634       0.8257549963674107       0.2850287356995611
 9635       0.8395276360021775       0.3228686952853017
 9636       0.8533002756369452       0.3607086548710425
 9637       0.8670729152717120       0.3985486144567834
 9638       0.8808455549064789       0.4363885740425242
 9639       0.8946181945412457       0.4742285336282648
 9640       0.9083908647550372       0.5120685772290581
 9641       0.9221634738107802       0.5499084527997464
 9642       0.9359361440245717       0.5877484964005397
 9643       0.9497087530803139       0.6255883719712279
 9644       0.9634814232941054       0.6634284155720211
 9645       0.9772540323498484       0.7012682911427093
 9646       0.9910267025636399       0.7391083347435026
 9777       0.6915066433533532       0.0339216276551186
 9778       0.7052792829881200       0.0717615872408592
 9779       0.7190519226228873       0.1096015468266001
 9780       0.7328245622576541       0.1474415064123409
 9781       0.7465972018924214       0.1852814659980817
 9782       0.7603698415271887       0.2231214255838223
 9783       0.7741424811619555       0.2609613851695631
 9784       0.7879151207967223       0.2988013447553040
 9785       0.8016877604314896       0.3366413043410446
 9786       0.8154604000662569       0.3744812639267854
 9787       0.8292330397010237       0.4123212235125262
 9788       0.8430056793357905       0.4501611830982670
 9789       0.8567783189705578       0.4880011426840076
 9790       0.8705509891843493       0.5258411862848009
 9791       0.8843235982400919       0.5636810618554893
 9792       0.8980962684538834       0.6015211054562826
 9793       0.9118688775096260       0.6393609810269707
 9794       0.9256415477234174       0.6772010246277640
 9795       0.9394141567791601       0.7150409001984521
 9796       0.9531868269929515       0.7528809437992454
 9797       0.9669594360486942       0.7907208193699338
 9798       0.9807321062624856       0.8285608629707271
 9799       0.9945047764762771       0.8664009065715204
 9926       0.6398939601177926       0.0098543382831691
 9927       0.6536665997525599       0.0476942978689099
 9928       0.6674392393873267       0.0855342574546505
 9929       0.6812118790220940       0.1233742170403913
 9930       0.6949845186568608       0.1612141766261321
 9931       0.7087571582916281       0.1990541362118730
 9932       0.7225297979263954       0.2368940957976136
 9933       0.7363024375611622       0.2747340553833544
 9934       0.7500750771959290       0.3125740149690952
 9935       0.7638477168306963       0.3504139745548358
 9936       0.7776203564654636       0.3882539341405766
 9937       0.7913929961002304       0.4260938937263175
 9938       0.8051656357349972       0.4639338533120583
 9939       0.8189382753697645       0.5017738128977989
 9940       0.8327109455835560       0.5396138564985922
 9941       0.8464835546392986       0.5774537320692805
 9942       0.8602562248530901       0.6152937756700738
 9943       0.8740288339088327       0.6531336512407619
 9944       0.8878015041226242       0.6909736948415552
 9945       0.9015741131783668       0.7288135704122434
 9946       0.9153467833921582       0.7666536140130367
 9947       0.9291193924479009       0.8044934895837250
 9948       0.9428920626616923       0.8423335331845183
 9949       0.9566647328754838       0.8801735767853116
 9950       0.9704373419312264       0.9180134523560000
 9951       0.9842100121450179       0.9558534959567933
 9952       0.9979826212007605       0.9936933715274812
10076       0.6020539165169994       0.0236270084969603
10077       0.6158265561517666       0.0614669680827011
10078       0.6295991957865334       0.0993069276684417
10079       0.6433718354213007       0.1371468872541826
10080       0.6571444750560675       0.1749868468399234
10081       0.6709171146908348       0.2128268064256642
10082       0.6846897543256021       0.2506667660114048
10083       0.6984623939603689       0.2885067255971456
10084       0.7122350335951357       0.3263466851828865
10085       0.7260076732299030       0.3641866447686271
10086       0.7397803128646703       0.4020266043543679
10087       0.7535529524994371       0.4398665639401087
10088       0.7673255921342039       0.4777065235258495
10089       0.7810982317689712       0.5155464831115901
10090       0.7948709019827627       0.5533865267123834
10091       0.8086435110385053       0.5912264022830718
10092       0.8224161812522968       0.6290664458838651
10093       0.8361887903080394       0.6669063214545532
10094       0.8499614605218309       0.7047463650553465
10095       0.8637340695775735       0.7425862406260346
10096       0.8775067397913650       0.7804262842268279
10097       0.8912793488471076       0.8182661597975163
10098       0.9050520190608990       0.8561062033983096
10099       0.9188246892746905       0.8939462469991029
10100       0.9325972983304331       0.9317861225697912
10101       0.9463699685442246       0.9696261661705845
10102       0.9601425775999672       1.0074660417412726
10103       0.9739152478137587       1.0453060853420659
10104       0.9876878568695013       1.0831459609127543
10226       0.5642140409463110       0.0373996175527032
10227       0.5779866805810783       0.0752395771384440
10228       0.5917593202158451       0.1130795367241846
10229       0.6055319598506124       0.1509194963099254
10230       0.6193045994853792       0.1887594558956662
10231       0.6330772391201465       0.2265994154814071
10232       0.6468498787549137       0.2644393750671477
10233       0.6606225183896806       0.3022793346528885
10234       0.6743951580244474       0.3401192942386293
10235       0.6881677976592147       0.3779592538243699
10236       0.7019404372939819       0.4157992134101107
10237       0.7157130769287487       0.4536391729958515
10238       0.7294857165635156       0.4914791325815924
10239       0.7432583561982828       0.5293190921673330
10240       0.7570310264120743       0.5671591357681263
10241       0.7708036354678169       0.6049990113388146
10242       0.7845763056816084       0.6428390549396079
10243       0.7983489147373510       0.6806789305102960
10244       0.8121215849511425       0.7185189741110893
10245       0.8258941940068851       0.7563588496817775
10246       0.8396668642206766       0.7941988932825708
10247       0.8534394732764192       0.8320387688532591
10248       0.8672121434902107       0.8698788124540524
10249       0.8809848137040022       0.9077188560548457
10250       0.8947574227597448       0.9455587316255341
10251       0.9085300929735363       0.9833987752263273
10252       0.9223027020292789       1.0212386507970153
10253       0.9360753722430704       1.0590786943978086
10254       0.9498479812988130       1.0969185699684969
10255       0.9636206515126045       1.1347586135692902
10256       0.9773932605683471       1.1725984891399786
10257       0.9911659307821385       1.2104385327407718
10375       0.5126013577107509       0.0133323281807536
10376       0.5263739973455177       0.0511722877664944
10377       0.5401466369802850       0.0890122473522352
10378       0.5539192766150518       0.1268522069379758
10379       0.5676919162498191       0.1646921665237167
10380       0.5814645558845859       0.2025321261094575
10381       0.5952371955193532       0.2403720856951983
10382       0.6090098351541204       0.2782120452809389
10383       0.6227824747888873       0.3160520048666797
10384       0.6365551144236541       0.3538919644524205
10385       0.6503277540584214       0.3917319240381612
10386       0.6641003936931886       0.4295718836239020
10387       0.6778730333279555       0.4674118432096428
10388       0.6916456729627223       0.5052518027953836
10389       0.7054183125974895       0.5430917623811242
10390       0.7191909828112810       0.5809318059819175
10391       0.7329635918670236       0.6187716815526059
10392       0.7467362620808151       0.6566117251533992
10393       0.7605088711365577       0.6944516007240873
10394       0.7742815413503492       0.7322916443248806
10395       0.7880541504060918       0.7701315198955687
10396       0.8018268206198833       0.8079715634963620
10397       0.8155994296756259       0.8458114390670504
10398       0.8293720998894174       0.8836514826678437
10399       0.8431447701032089       0.9214915262686370
10400       0.8569173791589515       0.9593314018393253
10401       0.8706900493727430       0.9971714454401186
10402       0.8844626584284856       1.0350113210108067
10403       0.8982353286422771       1.0728513646116000
10404       0.9120079376980197       1.1106912401822884
10405       0.9257806079118112       1.1485312837830817
10406       0.9395532169675538       1.1863711593537700
10407       0.9533258871813453       1.2242112029545633
10408       0.9670984962370879       1.2620510785252512
10409       0.9808711664508794       1.2998911221260445
10410       0.9946437755066220       1.3377309976967329
10525       0.4747614821400625       0.0271049372364964
10526       0.4885341217748294       0.0649448968222373
10527       0.5023067614095966       0.1027848564079781
10528       0.5160794010443635       0.1406248159937187
10529       0.5298520406791307       0.1784647755794595
10530       0.5436246803138975       0.2163047351652003
10531       0.5573973199486648       0.2541446947509411
10532       0.5711699595834321       0.2919846543366817
10533       0.5849425992181989       0.3298246139224226
10534       0.5987152388529657       0.3676645735081634
10535       0.6124878784877330       0.4055045330939040
10536       0.6262605181225003       0.4433444926796448
10537       0.6400331577572671       0.4811844522653856
10538       0.6538057973920339       0.5190244118511265
10539       0.6675784370268012       0.5568643714368671
10540       0.6813511072405927       0.5947044150376604
10541       0.6951237162963353       0.6325442906083487
10542       0.7088963865101268       0.6703843342091420
10543       0.7226689955658694       0.7082242097798301
10544       0.7364416657796609       0.7460642533806234
10545       0.7502142748354035       0.7839041289513116
10546       0.7639869450491950       0.8217441725521049
10547       0.7777595541049376       0.8595840481227932
10548       0.7915322243187290       0.8974240917235865
10549       0.8053048945325205       0.9352641353243798
10550       0.8190775035882631       0.9731040108950681
10551       0.8328501738020546       1.0109440544958614
10552       0.8466227828577972       1.0487839300665494
10553       0.8603954530715887       1.0866239736673426
10554       0.8741680621273313       1.1244638492380310
10555       0.8879407323411228       1.1623038928388243
10556       0.9017133413968654       1.2001437684095126
10557       0.9154860116106569       1.2379838120103059
10558       0.9292586206663995       1.2758236875809938
10559       0.9430312908801910       1.3136637311817871
10560       0.9568038999359336       1.3515036067524755
10561       0.9705765701497251       1.3893436503532688
10562       0.9843491792054677       1.4271835259239571
10563       0.9981218494192592       1.4650235695247504
10674       0.4231487683254778       0.0030375638494946
10675       0.4369214385392692       0.0408776074502879
10676       0.4506940781740361       0.0787175670360285
10677       0.4644667178088033       0.1165575266217695
10678       0.4782393574435702       0.1543974862075101
10679       0.4920119970783374       0.1922374457932507
10680       0.5057846367131043       0.2300774053789918
10681       0.5195572763478715       0.2679173649647324
10682       0.5333299159826388       0.3057573245504730
10683       0.5471025556174056       0.3435972841362140
10684       0.5608751952521724       0.3814372437219546
10685       0.5746478348869397       0.4192772033076952
10686       0.5884204745217070       0.4571171628934363
10687       0.6021931141564738       0.4949571224791769
10688       0.6159657537912406       0.5327970820649179
10689       0.6297383934260079       0.5706370416506585
10690       0.6435110636397994       0.6084770852514518
10691       0.6572836726955420       0.6463169608221402
10692       0.6710563429093335       0.6841570044229335
10693       0.6848289519650761       0.7219968799936214
10694       0.6986016221788676       0.7598369235944147
10695       0.7123742312346102       0.7976767991651030
10696       0.7261469014484017       0.8355168427658963
10697       0.7399195105041443       0.8733567183365847
10698       0.7536921807179358       0.9111967619373780
10699       0.7674648509317272       0.9490368055381713
10700       0.7812374599874699       0.9868766811088596
10701       0.7950101302012613       1.0247167247096529
10702       0.8087827392570039       1.0625566002803408
10703       0.8225554094707954       1.1003966438811341
10704       0.8363280185265380       1.1382365194518225
10705       0.8501006887403295       1.1760765630526158
10706       0.8638732977960721       1.2139164386233041
10707       0.8776459680098636       1.2517564822240974
10708       0.8914185770656062       1.2895963577947853
10709       0.9051912472793977       1.3274364013955786
10710       0.9189638563351403       1.3652762769662670
10711       0.9327365265489318       1.4031163205670603
10712       0.9465091356046744       1.4409561961377486
10713       0.9602818058184659       1.4787962397385419
10824       0.3853088927547899       0.0168101729052372
10825       0.3990815629685813       0.0546502165060305
10826       0.4128542026033482       0.0924901760917713
10827       0.4266268422381154       0.1303301356775122
10828       0.4403994818728822       0.1681700952632528
10829       0.4541721215076495       0.2060100548489936
10830       0.4679447611424163       0.2438500144347344
10831       0.4817174007771836       0.2816899740204752
10832       0.4954900404119509       0.3195299336062158
10833       0.5092626800467177       0.3573698931919567
10834       0.5230353196814845       0.3952098527776975
10835       0.5368079593162518       0.4330498123634381
10836       0.5505805989510191       0.4708897719491789
10837       0.5643532385857859       0.5087297315349197
10838       0.5781258782205527       0.5465696911206606
10839       0.5918985178553200       0.5844096507064012
10840       0.6056711880691115       0.6222496943071945
10841       0.6194437971248541       0.6600895698778828
10842       0.6332164673386456       0.6979296134786761
10843       0.6469890763943882       0.7357694890493642
10844       0.6607617466081797       0.7736095326501575
10845       0.6745343556639223       0.8114494082208457
10846       0.6883070258777138       0.8492894518216390
10847       0.7020796349334564       0.8871293273923273
10848       0.7158523051472478       0.9249693709931206
10849       0.7296249753610393       0.9628094145939139
10850       0.7433975844167819       1.0006492901646022
10851       0.7571702546305734       1.0384893337653955
10852       0.7709428636863160       1.0763292093360834
10853       0.7847155339001075       1.1141692529368767
10854       0.7984881429558501       1.1520091285075651
10855       0.8122608131696416       1.1898491721083584
10856       0.8260334222253842       1.2276890476790467
10857       0.8398060924391757       1.2655290912798400
10858       0.8535787014949183       1.3033689668505279
10859       0.8673513717087098       1.3412090104513212
10860       0.8811239807644524       1.3790488860220096
10861       0.8948966509782439       1.4168889296228029
10862       0.9086692600339865       1.4547288051934912
10863       0.9224419302477780       1.4925688487942845
10974       0.3474688491539966       0.0305828431190287
10975       0.3612415193677880       0.0684228867198220
10976       0.3750141590025549       0.1062628463055628
10977       0.3887867986373221       0.1441028058913036
10978       0.4025594382720890       0.1819427654770442
10979       0.4163320779068562       0.2197827250627851
10980       0.4301047175416230       0.2576226846485259
10981       0.4438773571763903       0.2954626442342667
10982       0.4576499968111576       0.3333026038200073
10983       0.4714226364459244       0.3711425634057481
10984       0.4851952760806912       0.4089825229914890
10985       0.4989679157154585       0.4468224825772296
10986       0.5127405553502258       0.4846624421629704
10987       0.5265131949849926       0.5225024017487112
10988       0.5402858346197594       0.5603423613344520
10989       0.5540584742545267       0.5981823209201926
10990       0.5678311444683182       0.6360223645209859
10991       0.5816037535240608       0.6738622400916743
10992       0.5953764237378523       0.7117022836924676
10993       0.6091490327935949       0.7495421592631557
10994       0.6229217030073864       0.7873822028639490
10995       0.6366943120631290       0.8252220784346371
10996       0.6504669822769205       0.8630621220354304
10997       0.6642395913326631       0.9009019976061188
10998       0.6780122615464546       0.9387420412069121
10999       0.6917849317602460       0.9765820848077054
11000       0.7055575408159886       1.0144219603783937
11001       0.7193302110297801       1.0522620039791870
11002       0.7331028200855227       1.0901018795498749
11003       0.7468754902993142       1.1279419231506682
11004       0.7606480993550568       1.1657817987213566
11005       0.7744207695688483       1.2036218423221499
11006       0.7881933786245909       1.2414617178928382
11007       0.8019660488383824       1.2793017614936315
11008       0.8157386578941250       1.3171416370643194
11009       0.8295113281079165       1.3549816806651127
11010       0.8432839371636591       1.3928215562358011
11011       0.8570566073774506       1.4306615998365944
11012       0.8708292164331932       1.4685014754072827
11123       0.2958563339485414       0.0065154925890307
11124       0.3096289735833082       0.0443554521747713
11125       0.3234016437970997       0.0821954957755646
11126       0.3371742834318665       0.1200354553613054
11127       0.3509469230666338       0.1578754149470463
11128       0.3647195627014006       0.1957153745327869
11129       0.3784922023361679       0.2335553341185277
11130       0.3922648419709347       0.2713952937042685
11131       0.4060374816057020       0.3092352532900093
11132       0.4198101212404692       0.3470752128757499
11133       0.4335827608752361       0.3849151724614908
11134       0.4473554005100029       0.4227551320472316
11135       0.4611280401447702       0.4605950916329722
11136       0.4749006797795374       0.4984350512187130
11137       0.4886733194143043       0.5362750108044538
11138       0.5024459590490711       0.5741149703901947
11139       0.5162185986838383       0.6119549299759353
11140       0.5299912688976298       0.6497949735767286
11141       0.5437638779533724       0.6876348491474169
11142       0.5575365481671639       0.7254748927482102
11143       0.5713091572229065       0.7633147683188983
11144       0.5850818274366980       0.8011548119196916
11145       0.5988544364924406       0.8389946874903798
11146       0.6126271067062321       0.8768347310911730
11147       0.6263997157619747       0.9146746066618614
11148       0.6401723859757662       0.9525146502626547
11149       0.6539450561895577       0.9903546938634480
11150       0.6677176652453003       1.0281945694341363
11151       0.6814903354590918       1.0660346130349296
11152       0.6952629445148344       1.1038744886056175
11153       0.7090356147286259       1.1417145322064108
11154       0.7228082237843685       1.1795544077770992
11155       0.7365808939981600       1.2173944513778925
11156       0.7503535030539026       1.2552343269485808
11157       0.7641261732676941       1.2930743705493741
11158       0.7778987823234367       1.3309142461200620
11159       0.7916714525372281       1.3687542897208553
11160       0.8054440615929708       1.4065941652915437
11161       0.8192167318067622       1.4444342088923370
11162       0.8329893408625049       1.4822740844630253
11273       0.2580164583778530       0.0202881016447736
11274       0.2717890980126199       0.0581280612305142
11275       0.2855617682264113       0.0959681048313075
11276       0.2993344078611782       0.1338080644170483
11277       0.3131070474959454       0.1716480240027891
11278       0.3268796871307122       0.2094879835885297
11279       0.3406523267654795       0.2473279431742705
11280       0.3544249664002463       0.2851679027600114
11281       0.3681976060350136       0.3230078623457522
11282       0.3819702456697809       0.3608478219314928
11283       0.3957428853045477       0.3986877815172336
11284       0.4095155249393145       0.4365277411029744
11285       0.4232881645740818       0.4743677006887150
11286       0.4370608042088491       0.5122076602744559
11287       0.4508334438436159       0.5500476198601967
11288       0.4646060834783827       0.5878875794459375
11289       0.4783787231131500       0.6257275390316781
11290       0.4921513933269415       0.6635675826324714
11291       0.5059240023826841       0.7014074582031598
11292       0.5196966725964756       0.7392475018039530
11293       0.5334692816522182       0.7770873773746412
11294       0.5472419518660097       0.8149274209754345
11295       0.5610145609217523       0.8527672965461226
11296       0.5747872311355438       0.8906073401469159
11297       0.5885598401912864       0.9284472157176042
11298       0.6023325104050778       0.9662872593183975
11299       0.6161051806188693       1.0041273029191911
11300       0.6298777896746119       1.0419671784898794
11301       0.6436504598884034       1.0798072220906727
11302       0.6574230689441460       1.1176470976613606
11303       0.6711957391579375       1.1554871412621539
11304       0.6849683482136801       1.1933270168328423
11305       0.6987410184274716       1.2311670604336356
11306       0.7125136274832142       1.2690069360043239
11307       0.7262862976970057       1.3068469796051172
11308       0.7400589067527483       1.3446868551758051
11309       0.7538315769665398       1.3825268987765984
11310       0.7676041860222824       1.4203667743472868
11311       0.7813768562360739       1.4582068179480800
11312       0.7951494652918165       1.4960466935187684
11423       0.2201764147770597       0.0340607718585648
11424       0.2339490544118266       0.0719007314443054
11425       0.2477217246256180       0.1097407750450987
11426       0.2614943642603849       0.1475807346308395
11427       0.2752670038951521       0.1854206942165804
11428       0.2890396435299190       0.2232606538023210
11429       0.3028122831646862       0.2611006133880618
11430       0.3165849227994531       0.2989405729738026
11431       0.3303575624342203       0.3367805325595434
11432       0.3441302020689876       0.3746204921452840
11433       0.3579028417037544       0.4124604517310249
11434       0.3716754813385212       0.4503004113167657
11435       0.3854481209732885       0.4881403709025063
11436       0.3992207606080558       0.5259803304882471
11437       0.4129934002428226       0.5638202900739879
11438       0.4267660398775894       0.6016602496597288
11439       0.4405386795123567       0.6395002092454694
11440       0.4543113497261482       0.6773402528462626
11441       0.4680839587818908       0.7151801284169510
11442       0.4818566289956823       0.7530201720177443
11443       0.4956292380514249       0.7908600475884324
11444       0.5094019082652164       0.8287000911892257
11445       0.5231745173209590       0.8665399667599138
11446       0.5369471875347505       0.9043800103607071
11447       0.5507197965904931       0.9422198859313955
11448       0.5644924668042846       0.9800599295321888
11449       0.5782651370180760       1.0178999731329821
11450       0.5920377460738186       1.0557398487036704
11451       0.6058104162876101       1.0935798923044637
11452       0.6195830253433527       1.1314197678751516
11453       0.6333556955571442       1.1692598114759449
11454       0.6471283046128868       1.2070996870466333
11455       0.6609009748266783       1.2449397306474266
11456       0.6746735838824209       1.2827796062181149
11457       0.6884462540962124       1.3206196498189082
11458       0.7022188631519550       1.3584595253895961
11459       0.7159915333657465       1.3962995689903894
11460       0.7297641424214891       1.4341394445610778
11461       0.7435368126352806       1.4719794881618711
11572       0.1685637315414992       0.0099934824866157
11573       0.1823363711762664       0.0478334420723563
11574       0.1961090108110333       0.0856734016580969
11575       0.2098816810248247       0.1235134452588902
11576       0.2236543206595916       0.1613534048446310
11577       0.2374269602943588       0.1991933644303718
11578       0.2511995999291257       0.2370333240161124
11579       0.2649722395638929       0.2748732836018533
11580       0.2787448791986598       0.3127132431875941
11581       0.2925175188334270       0.3505532027733349
11582       0.3062901584681943       0.3883931623590755
11583       0.3200627981029611       0.4262331219448163
11584       0.3338354377377279       0.4640730815305572
11585       0.3476080773724952       0.5019130411162978
11586       0.3613807170072625       0.5397530007020386
11587       0.3751533566420293       0.5775929602877794
11588       0.3889259962767961       0.6154329198735202
11589       0.4026986359115634       0.6532728794592608
11590       0.4164713061253549       0.6911129230600541
11591       0.4302439151810975       0.7289527986307425
11592       0.4440165853948890       0.7667928422315358
11593       0.4577891944506316       0.8046327178022239
11594       0.4715618646644231       0.8424727614030172
11595       0.4853344737201657       0.8803126369737053
11596       0.4991071439339572       0.9181526805744986
11597       0.5128797529896998       0.9559925561451870
11598       0.5266524232034913       0.9938325997459803
11599       0.5404250934172827       1.0316726433467736
11600       0.5541977024730254       1.0695125189174619
11601       0.5679703726868168       1.1073525625182552
11602       0.5817429817425595       1.1451924380889431
11603       0.5955156519563509       1.1830324816897364
11604       0.6092882610120935       1.2208723572604248
11605       0.6230609312258850       1.2587124008612181
11606       0.6368335402816276       1.2965522764319064
11607       0.6506062104954191       1.3343923200326997
11608       0.6643788195511617       1.3722321956033876
11609       0.6781514897649532       1.4100722392041809
11610       0.6919240988206958       1.4479121147748693
11611       0.7056967690344873       1.4857521583756625
11722       0.1307236879407059       0.0237661527004069
11723       0.1444963275754731       0.0616061122861475
11724       0.1582689672102400       0.0994460718718881
11725       0.1720416374240314       0.1372861154726814
11726       0.1858142770587983       0.1751260750584223
11727       0.1995869166935655       0.2129660346441631
11728       0.2133595563283324       0.2508059942299037
11729       0.2271321959630996       0.2886459538156445
11730       0.2409048355978665       0.3264859134013853
11731       0.2546774752326337       0.3643258729871262
11732       0.2684501148674010       0.4021658325728668
11733       0.2822227545021678       0.4400057921586076
11734       0.2959953941369347       0.4778457517443484
11735       0.3097680337717019       0.5156857113300890
11736       0.3235406734064692       0.5535256709158298
11737       0.3373133130412360       0.5913656305015706
11738       0.3510859526760028       0.6292055900873115
11739       0.3648585923107701       0.6670455496730521
11740       0.3786312625245616       0.7048855932738454
11741       0.3924038715803042       0.7427254688445337
11742       0.4061765417940957       0.7805655124453270
11743       0.4199491508498383       0.8184053880160151
11744       0.4337218210636298       0.8562454316168084
11745       0.4474944301193724       0.8940853071874966
11746       0.4612671003331639       0.9319253507882899
11747       0.4750397093889065       0.9697652263589782
11748       0.4888123796026980       1.0076052699597717
11749       0.5025850498164894       1.0454453135605650
11750       0.5163576588722321       1.0832851891312534
11751       0.5301303290860235       1.1211252327320467
11752       0.5439029381417662       1.1589651083027346
11753       0.5576756083555576       1.1968051519035279
11754       0.5714482174113003       1.2346450274742162
11755       0.5852208876250917       1.2724850710750095
11756       0.5989934966808343       1.3103249466456979
11757       0.6127661668946258       1.3481649902464912
11758       0.6265387759503684       1.3860048658171791
11759       0.6403114461641599       1.4238449094179724
11760       0.6540840552199025       1.4616847849886607
11761       0.6678567254336940       1.4995248285894540
11872       0.0928839804001229       0.0375387005981012
11873       0.1066566200348902       0.0753786601838418
11874       0.1204292596696570       0.1132186197695824
11875       0.1342019298834485       0.1510586633703757
11876       0.1479745695182153       0.1888986229561165
11877       0.1617472091529826       0.2267385825418573
11878       0.1755198487877494       0.2645785421275979
11879       0.1892924884225167       0.3024185017133387
11880       0.2030651280572835       0.3402584612990796
11881       0.2168377676920508       0.3780984208848204
11882       0.2306104073268180       0.4159383804705610
11883       0.2443830469615849       0.4537783400563018
11884       0.2581556865963517       0.4916182996420426
11885       0.2719283262311190       0.5294582592277832
11886       0.2857009658658862       0.5672982188135240
11887       0.2994736055006531       0.6051381783992649
11888       0.3132462451354199       0.6429781379850057
11889       0.3270188847701871       0.6808180975707463
11890       0.3407915549839786       0.7186581411715396
11891       0.3545641640397212       0.7564980167422279
11892       0.3683368342535127       0.7943380603430212
11893       0.3821094433092553       0.8321779359137094
11894       0.3958821135230468       0.8700179795145027
11895       0.4096547225787894       0.9078578550851908
11896       0.4234273927925809       0.9456978986859841
11897       0.4372000018483235       0.9835377742566724
11898       0.4509726720621150       1.0213778178574660
11899       0.4647453422759065       1.0592178614582592
11900       0.4785179513316491       1.0970577370289476
11901       0.4922906215454406       1.1348977806297409
11902       0.5060632306011832       1.1727376562004288
11903       0.5198359008149747       1.2105776998012221
11904       0.5336085098707173       1.2484175753719104
11905       0.5473811800845088       1.2862576189727037
11906       0.5611537891402514       1.3240974945433921
11907       0.5749264593540429       1.3619375381441854
11908       0.5886990684097855       1.3997774137148733
11909       0.6024717386235769       1.4376174573156666
11910       0.6162443476793196       1.4754573328863549
12021       0.0412712971645623       0.0134714112261516
12022       0.0550439367993296       0.0513113708118926
12023       0.0688165764340969       0.0891513303976332
12024       0.0825892160688637       0.1269912899833738
12025       0.0963618862826552       0.1648313335841671
12026       0.1101345259174220       0.2026712931699080
12027       0.1239071655521893       0.2405112527556488
12028       0.1376798051869561       0.2783512123413894
12029       0.1514524448217234       0.3161911719271302
12030       0.1652250844564902       0.3540311315128710
12031       0.1789977240912575       0.3918710910986118
12032       0.1927703637260247       0.4297110506843524
12033       0.2065430033607916       0.4675510102700933
12034       0.2203156429955584       0.5053909698558341
12035       0.2340882826303257       0.5432309294415747
12036       0.2478609222650929       0.5810708890273155
12037       0.2616335618998598       0.6189108486130563
12038       0.2754062015346266       0.6567508081987972
12039       0.2891788411693939       0.6945907677845378
12040       0.3029515113831853       0.7324308113853311
12041       0.3167241204389279       0.7702706869560194
12042       0.3304967906527194       0.8081107305568127
12043       0.3442693997084620       0.8459506061275008
12044       0.3580420699222535       0.8837906497282941
12045       0.3718146789779961       0.9216305252989823
12046       0.3855873491917876       0.9594705688997756
12047       0.3993599582475302       0.9973104444704639
12048       0.4131326284613217       1.0351504880712570
12049       0.4269052986751132       1.0729905316720503
12050       0.4406779077308558       1.1108304072427386
12051       0.4544505779446473       1.1486704508435319
12052       0.4682231870003899       1.1865103264142198
12053       0.4819958572141814       1.2243503700150131
12054       0.4957684662699240       1.2621902455857015
12055       0.5095411364837155       1.3000302891864948
12056       0.5233137455394581       1.3378701647571831
12057       0.5370864157532496       1.3757102083579764
12058       0.5508590248089922       1.4135500839286643
12059       0.5646316950227837       1.4513901275294576
12060       0.5784043040785263       1.4892300031001460
12171       0.0034312535637691       0.0272440814399428
12172       0.0172038931985363       0.0650840410256839
12173       0.0309765328333036       0.1029240006114245
12174       0.0447491724680704       0.1407639601971651
12175       0.0585218426818619       0.1786040037979584
12176       0.0722944823166287       0.2164439633836992
12177       0.0860671219513960       0.2542839229694400
12178       0.0998397615861628       0.2921238825551806
12179       0.1136124012209301       0.3299638421409214
12180       0.1273850408556969       0.3678038017266623
12181       0.1411576804904642       0.4056437613124031
12182       0.1549303201252314       0.4434837208981437
12183       0.1687029597599983       0.4813236804838845
12184       0.1824755993947651       0.5191636400696253
12185       0.1962482390295324       0.5570035996553659
12186       0.2100208786642996       0.5948435592411068
12187       0.2237935182990665       0.6326835188268476
12188       0.2375661579338333       0.6705234784125884
12189       0.2513387975686006       0.7083634379983290
12190       0.2651114677823920       0.7462034815991223
12191       0.2788840768381347       0.7840433571698107
12192       0.2926567470519261       0.8218834007706040
12193       0.3064293561076687       0.8597232763412921
12194       0.3202020263214602       0.8975633199420854
12195       0.3339746353772028       0.9354031955127735
12196       0.3477473055909943       0.9732432391135668
12197       0.3615199146467369       1.0110831146842552
12198       0.3752925848605284       1.0489231582850485
12199       0.3890652550743199       1.0867632018858417
12200       0.4028378641300625       1.1246030774565301
12201       0.4166105343438540       1.1624431210573234
12202       0.4303831433995966       1.2002829966280113
12203       0.4441558136133881       1.2381230402288046
12204       0.4579284226691307       1.2759629157994929
12205       0.4717010928829222       1.3138029594002862
12206       0.4854737019386648       1.3516428349709746
12207       0.4992463721524563       1.3894828785717679
12208       0.5130189812081989       1.4273227541424558
12209       0.5267916514219904       1.4651627977432491
12324       0.0069091288672771       0.1545366304109563
12325       0.0206817990810686       0.1923766740117496
12326       0.0344544387158354       0.2302166335974904
12327       0.0482270783506027       0.2680565931832313
12328       0.0619997179853695       0.3058965527689719
12329       0.0757723576201368       0.3437365123547127
12330       0.0895449972549036       0.3815764719404535
12331       0.1033176368896709       0.4194164315261943
12332       0.1170902765244382       0.4572563911119349
12333       0.1308629161592050       0.4950963506976758
12334       0.1446355557939718       0.5329363102834166
12335       0.1584081954287391       0.5707762698691572
12336       0.1721808350635063       0.6086162294548980
12337       0.1859534746982732       0.6464561890406388
12338       0.1997261143330400       0.6842961486263797
12339       0.2134987539678073       0.7221361082121203
12340       0.2272714241815987       0.7599761518129136
12341       0.2410440332373414       0.7978160273836019
12342       0.2548167034511328       0.8356560709843952
12343       0.2685893125068755       0.8734959465550833
12344       0.2823619827206669       0.9113359901558766
12345       0.2961345917764096       0.9491758657265648
12346       0.3099072619902010       0.9870159093273581
12347       0.3236798710459436       1.0248557848980466
12348       0.3374525412597351       1.0626958284988399
12349       0.3512252114735266       1.1005358720996332
12350       0.3649978205292692       1.1383757476703216
12351       0.3787704907430607       1.1762157912711149
12352       0.3925430997988033       1.2140556668418028
12353       0.4063157700125948       1.2518957104425961
12354       0.4200883790683374       1.2897355860132844
12355       0.4338610492821289       1.3275756296140777
12356       0.4476336583378715       1.3654155051847661
12357       0.4614063285516630       1.4032555487855594
12358       0.4751789376074056       1.4410954243562473
12359       0.4889516078211971       1.4789354679570406
12477       0.0103870347498094       0.2818292633970227
12478       0.0241596743845762       0.3196692229827633
12479       0.0379323140193435       0.3575091825685042
12480       0.0517049536541103       0.3953491421542450
12481       0.0654775932888776       0.4331891017399858
12482       0.0792502329236449       0.4710290613257264
12483       0.0930228725584117       0.5088690209114672
12484       0.1067955121931785       0.5467089804972081
12485       0.1205681518279458       0.5845489400829487
12486       0.1343407914627130       0.6223888996686895
12487       0.1481134310974799       0.6602288592544303
12488       0.1618860707322467       0.6980688188401711
12489       0.1756587103670140       0.7359087784259117
12490       0.1894313805808054       0.7737488220267050
12491       0.2032039896365481       0.8115886975973934
12492       0.2169766598503395       0.8494287411981867
12493       0.2307492689060822       0.8872686167688748
12494       0.2445219391198736       0.9251086603696681
12495       0.2582945481756163       0.9629485359403562
12496       0.2720672183894077       1.0007885795411493
12497       0.2858398274451504       1.0386284551118377
12498       0.2996124976589418       1.0764684987126310
12499       0.3133851678727333       1.1143085423134242
12500       0.3271577769284759       1.1521484178841126
12501       0.3409304471422674       1.1899884614849059
12502       0.3547030561980100       1.2278283370555938
12503       0.3684757264118015       1.2656683806563871
12504       0.3822483354675441       1.3035082562270754
12505       0.3960210056813356       1.3413482998278687
12506       0.4097936147370782       1.3791881753985571
12507       0.4235662849508697       1.4170282189993504
12508       0.4373388940066123       1.4548680945700383
12509       0.4511115642204038       1.4927081381708316
12629       0.0000926064787601       0.3712817304661984
12630       0.0138652461135269       0.4091216900519392
12631       0.0276378857482946       0.4469616496376800
12632       0.0414105253830614       0.4848016092234206
12633       0.0551831650178283       0.5226415688091615
12634       0.0689558046525951       0.5604815283949023
12635       0.0827284442873628       0.5983214879806429
12636       0.0965010839221296       0.6361614475663837
12637       0.1102737235568965       0.6740014071521245
12638       0.1240463631916633       0.7118413667378654
12639       0.1378190028264310       0.7496813263236060
12640       0.1515916730402225       0.7875213699243993
12641       0.1653642820959647       0.8253612454950876
12642       0.1791369523097561       0.8632012890958809
12643       0.1929095613654992       0.9010411646665690
12644       0.2066822315792907       0.9388812082673623
12645       0.2204548406350328       0.9767210838380505
12646       0.2342275108488243       1.0145611274388435
12647       0.2480001199045674       1.0524010030095319
12648       0.2617727901183589       1.0902410466103252
12649       0.2755454603321503       1.1280810902111185
12650       0.2893180693878925       1.1659209657818068
12651       0.3030907396016840       1.2037610093826001
12652       0.3168633486574270       1.2416008849532880
12653       0.3306360188712185       1.2794409285540813
12654       0.3444086279269607       1.3172808041247697
12655       0.3581812981407522       1.3551208477255630
12656       0.3719539071964952       1.3929607232962513
12657       0.3857265774102867       1.4308007668970446
12658       0.3994991864660289       1.4686406424677325
12782       0.0035704817822682       0.4985742794372119
12783       0.0173431214170350       0.5364142390229527
12784       0.0311157610518018       0.5742541986086935
12785       0.0448884006865695       0.6120941581944341
12786       0.0586610403213363       0.6499341177801750
12787       0.0724336799561032       0.6877740773659158
12788       0.0862063195908700       0.7256140369516566
12789       0.0999789592256377       0.7634539965373972
12790       0.1137516294394292       0.8012940401381905
12791       0.1275242384951714       0.8391339157088789
12792       0.1412969087089628       0.8769739593096721
12793       0.1550695177647059       0.9148138348803603
12794       0.1688421879784974       0.9526538784811536
12795       0.1826147970342396       0.9904937540518417
12796       0.1963874672480310       1.0283337976526350
12797       0.2101600763037741       1.0661736732233233
12798       0.2239327465175656       1.1040137168241166
12799       0.2377054167313570       1.1418537604249099
12800       0.2514780257870992       1.1796936359955983
12801       0.2652506960008907       1.2175336795963916
12802       0.2790233050566338       1.2553735551670795
12803       0.2927959752704252       1.2932135987678728
12804       0.3065685843261674       1.3310534743385611
12805       0.3203412545399589       1.3688935179393544
12806       0.3341138635957019       1.4067333935100428
12807       0.3478865338094934       1.4445734371108361
12808       0.3616591428652356       1.4824133126815240
12935       0.0070483570857762       0.6258668284082254
12936       0.0208209967205431       0.6637067879939662
12937       0.0345936363553099       0.7015467475797070
12938       0.0483662759900767       0.7393867071654479
12939       0.0621389156248444       0.7772266667511885
12940       0.0759115858386359       0.8150667103519817
12941       0.0896841948943781       0.8529065859226701
12942       0.1034568651081695       0.8907466295234634
12943       0.1172294741639126       0.9285865050941515
12944       0.1310021443777041       0.9664265486949448
12945       0.1447747534334463       1.0042664242656332
12946       0.1585474236472377       1.0421064678664265
12947       0.1723200327029808       1.0799463434371148
12948       0.1860927029167723       1.1177863870379081
12949       0.1998653731305637       1.1556264306387014
12950       0.2136379821863059       1.1934663062093898
12951       0.2274106524000974       1.2313063498101831
12952       0.2411832614558405       1.2691462253808710
12953       0.2549559316696319       1.3069862689816643
12954       0.2687285407253741       1.3448261445523526
12955       0.2825012109391656       1.3826661881531459
12956       0.2962738199949086       1.4205060637238343
12957       0.3100464902087001       1.4583461073246275
12958       0.3238190992644423       1.4961859828953155
13088       0.0105262323892834       0.7531593773792393
13089       0.0242988720240511       0.7909993369649799
13090       0.0380715422378426       0.8288393805657732
13091       0.0518441512935848       0.8666792561364616
13092       0.0656168215073762       0.9045192997372549
13093       0.0793894305631193       0.9423591753079430
13094       0.0931621007769108       0.9801992189087363
13095       0.1069347098326530       1.0180390944794242
13096       0.1207073800464444       1.0558791380802175
13097       0.1344799891021875       1.0937190136509058
13098       0.1482526593159790       1.1315590572516991
13099       0.1620253295297704       1.1693991008524924
13100       0.1757979385855126       1.2072389764231808
13101       0.1895706087993041       1.2450790200239741
13102       0.2033432178550472       1.2829188955946620
13103       0.2171158880688386       1.3207589391954553
13104       0.2308884971245808       1.3585988147661436
13105       0.2446611673383723       1.3964388583669369
13106       0.2584337763941154       1.4342787339376253
13107       0.2722064466079068       1.4721187775384186
13240       0.0002318346972592       0.8426119284634674
13241       0.0140044437530018       0.8804518040341558
13242       0.0277771139667933       0.9182918476349491
13243       0.0415497230225359       0.9561317232056372
13244       0.0553223932363274       0.9939717668064305
13245       0.0690950022920700       1.0318116423771184
13246       0.0828676725058615       1.0696516859779117
13247       0.0966402815616041       1.1074915615486001
13248       0.1104129517753956       1.1453316051493934
13249       0.1241856219891870       1.1831716487501867
13250       0.1379582310449297       1.2210115243208750
13251       0.1517309012587211       1.2588515679216683
13252       0.1655035103144638       1.2966914434923562
13253       0.1792761805282552       1.3345314870931495
13254       0.1930487895839978       1.3723713626638379
13255       0.2068214597977893       1.4102114062646312
13256       0.2205940688535319       1.4480512818353195
13257       0.2343667390673234       1.4858913254361128
13393       0.0037096794217426       0.9699043934194285
13394       0.0174823496355341       1.0077444370202220
13395       0.0312549586912767       1.0455843125909099
13396       0.0450276289050682       1.0834243561917032
13397       0.0588002379608108       1.1212642317623915
13398       0.0725729081746023       1.1591042753631848
13399       0.0863455783883937       1.1969443189639781
13400       0.1001181874441364       1.2347841945346665
13401       0.1138908576579278       1.2726242381354598
13402       0.1276634667136705       1.3104641137061477
13403       0.1414361369274619       1.3483041573069410
13404       0.1552087459832046       1.3861440328776293
13405       0.1689814161969960       1.4239840764784226
13406       0.1827540252527386       1.4618239520491110
13407       0.1965266954665301       1.4996639956499043
13546       0.0071875853042749       1.0971970264054947
13547       0.0209601943600175       1.1350369019761830
13548       0.0347328645738090       1.1728769455769763
13549       0.0485055347876004       1.2107169891777696
13550       0.0622781438433431       1.2485568647484580
13551       0.0760508140571345       1.2863969083492512
13552       0.0898234231128772       1.3242367839199392
13553       0.1035960933266686       1.3620768275207324
13554       0.1173687023824113       1.3999167030914208
13555       0.1311413725962027       1.4377567466922141
13556       0.1449139816519454       1.4755966222629024
13699       0.0106654911868072       1.2244896593915611
13700       0.0244381002425498       1.2623295349622490
13701       0.0382107704563412       1.3001695785630423
13702       0.0519833795120839       1.3380094541337302
13703       0.0657560497258753       1.3758494977345235
13704       0.0795286587816180       1.4136893733052123
13705       0.0933013289954094       1.4515294169060056
13706       0.1070739380511521       1.4893692924766935
13851       0.0003710629157583       1.3139421264607369
13852       0.0141436719715009       1.3517820020314248
13853       0.0279163421852924       1.3896220456322181
13854       0.0416889512410350       1.4274619212029065
13855       0.0554616214548265       1.4653019648036998
14004       0.0038489076402417       1.4412345914166975
14005       0.0176215778540332       1.4790746350174908
