                 0.000000                 0.000660
                 0.025424                 0.000655
                 0.050847                 0.000656
                 0.076271                 0.000661
                 0.101695                 0.000671
                 0.127119                 0.000682
                 0.152542                 0.000692
                 0.177966                 0.000697
                 0.203390                 0.000696
                 0.228814                 0.000706
                 0.254237                 0.000856
                 0.279661                 0.001998
                 0.305085                 0.006365
                 0.330508                 0.016205
                 0.355932                 0.032129
                 0.381356                 0.053619
                 0.406780                 0.079249
                 0.432203                 0.106984
                 0.457627                 0.134566
                 0.483051                 0.159652
                 0.508475                 0.180012
                 0.533898                 0.193734
                 0.559322                 0.199398
                 0.584746                 0.196174
                 0.610169                 0.183949
                 0.635593                 0.163458
                 0.661017                 0.136494
                 0.686441                 0.106477
                 0.711864                 0.079141
                 0.737288                 0.062203
                 0.762712                 0.062202
                 0.788136                 0.079137
                 0.813559                 0.106473
                 0.838983                 0.136488
                 0.864407                 0.163451
                 0.889831                 0.183942
                 0.915254                 0.196168
                 0.940678                 0.199393
                 0.966102                 0.193729
                 0.991525                 0.180008
                 1.016949                 0.159649
                 1.042373                 0.134563
                 1.067797                 0.106982
                 1.093220                 0.079249
                 1.118644                 0.053620
                 1.144068                 0.032129
                 1.169491                 0.016205
                 1.194915                 0.006365
                 1.220339                 0.001998
                 1.245763                 0.000855
                 1.271186                 0.000705
                 1.296610                 0.000696
                 1.322034                 0.000697
                 1.347458                 0.000692
                 1.372881                 0.000682
                 1.398305                 0.000671
                 1.423729                 0.000661
                 1.449153                 0.000656
                 1.474576                 0.000655
                 1.500000                 0.000660
