                 3.096790                 0.000010
                11.391433                 0.000039
                25.205392                 0.000089
                44.523233                 0.000158
                69.322249                 0.000246
                99.574352                 0.000354
               135.245273                 0.000482
               176.294524                 0.000628
               222.674440                 0.000794
               274.231668                 0.000979
               322.775473                 0.001182
               334.340196                 0.001404
               343.712434                 0.001645
               353.044255                 0.001903
               362.373727                 0.002180
               371.662116                 0.002474
               380.857990                 0.002785
               389.880479                 0.003113
               398.641903                 0.003458
               407.068854                 0.003820
               414.985431                 0.004197
               422.022601                 0.004590
               428.218616                 0.004998
               433.049689                 0.005421
               437.607843                 0.005858
               442.483228                 0.006309
               447.278950                 0.006774
               451.174345                 0.007252
               454.217849                 0.007742
               457.002452                 0.008244
               458.066878                 0.008758
               458.813016                 0.009283
               457.545509                 0.009819
               455.005964                 0.010365
               450.865531                 0.010920
               443.923013                 0.011484
               427.815629                 0.012057
               409.049898                 0.012638
               392.450354                 0.013225
               377.529191                 0.013820
               367.332283                 0.014420
               359.093652                 0.015026
               353.024321                 0.015637
               340.804814                 0.016252
               337.367270                 0.016871
               332.395952                 0.017493
               329.220248                 0.018118
               325.270640                 0.018744
               322.294647                 0.019372
               318.228376                 0.020000
