                 3.489944                 0.000010
                13.761540                 0.000039
                30.809660                 0.000089
                54.687399                 0.000158
                85.419142                 0.000246
               122.804070                 0.000354
               166.892835                 0.000482
               217.666464                 0.000628
               275.112244                 0.000794
               339.228693                 0.000979
               406.459855                 0.001182
               421.042401                 0.001404
               434.306600                 0.001645
               448.586306                 0.001903
               463.489229                 0.002180
               479.163873                 0.002474
               496.122681                 0.002785
               512.840472                 0.003113
               526.844701                 0.003458
               540.989902                 0.003820
               554.791200                 0.004197
               569.603174                 0.004590
               583.580402                 0.004998
               594.587277                 0.005421
               602.280181                 0.005858
               609.895494                 0.006309
               614.423925                 0.006774
               615.102067                 0.007252
               607.439006                 0.007742
               586.513806                 0.008244
               545.729222                 0.008758
               523.093604                 0.009283
               503.653723                 0.009819
               493.223524                 0.010365
               485.281930                 0.010920
               479.352593                 0.011484
               474.900332                 0.012057
               471.711985                 0.012638
               469.636063                 0.013225
               468.774601                 0.013820
               467.638870                 0.014420
               465.643950                 0.015026
               463.091112                 0.015637
               460.448746                 0.016252
               459.687044                 0.016871
               458.342129                 0.017493
               456.134046                 0.018118
               454.608937                 0.018744
               453.267717                 0.019372
               451.354367                 0.020000
