                 4.585689                 0.000010
                13.732675                 0.000039
                28.969188                 0.000089
                50.277503                 0.000157
                77.632171                 0.000246
               111.000552                 0.000353
               150.342402                 0.000481
               195.611766                 0.000627
               246.754394                 0.000792
               303.709576                 0.000977
               357.796351                 0.001180
               391.607113                 0.001401
               424.044584                 0.001641
               457.116270                 0.001899
               489.809751                 0.002175
               521.775594                 0.002469
               552.847041                 0.002779
               580.911644                 0.003107
               604.916362                 0.003451
               624.843655                 0.003812
               640.077577                 0.004188
               651.786680                 0.004581
               661.300569                 0.004988
               668.791064                 0.005410
               673.775961                 0.005846
               675.884837                 0.006297
               675.543575                 0.006761
               672.452452                 0.007237
               666.763051                 0.007727
               658.811109                 0.008229
               648.898790                 0.008742
               637.125061                 0.009266
               624.051743                 0.009801
               609.920122                 0.010346
               594.735493                 0.010900
               579.067910                 0.011463
               562.812863                 0.012035
               545.940435                 0.012615
               528.960648                 0.013202
               511.867562                 0.013795
               494.624308                 0.014395
               477.274338                 0.015000
               459.954271                 0.015610
               442.961530                 0.016225
               426.311199                 0.016843
               409.851380                 0.017464
               393.642877                 0.018088
               377.098257                 0.018713
               359.743121                 0.019340
               342.807215                 0.019968
