                 6.885808                 0.000000
                 7.029291                 0.000001
                 7.264711                 0.000001
                 7.590415                 0.000002
                 8.009674                 0.000004
                 8.523792                 0.000005
                 9.129777                 0.000007
                 9.826952                 0.000009
                10.620418                 0.000012
                11.511536                 0.000015
                12.495761                 0.000018
                13.570336                 0.000021
                14.736991                 0.000025
                15.996899                 0.000029
                17.350389                 0.000033
                18.795915                 0.000038
                20.334878                 0.000043
                21.971093                 0.000048
                23.701571                 0.000053
                25.524049                 0.000059
                27.436774                 0.000065
                29.444059                 0.000072
                31.543775                 0.000078
                33.735050                 0.000085
                36.018217                 0.000092
                38.397456                 0.000100
                40.873901                 0.000108
                43.444058                 0.000116
                46.101763                 0.000124
                48.851611                 0.000133
                51.694678                 0.000142
                54.631960                 0.000151
                57.659612                 0.000161
                60.781374                 0.000171
                63.997297                 0.000181
                67.310945                 0.000192
                70.714437                 0.000202
                74.206404                 0.000214
                77.789986                 0.000225
                81.467689                 0.000237
                85.238500                 0.000249
                89.101062                 0.000261
                93.057013                 0.000273
                97.107365                 0.000286
               101.251800                 0.000299
               105.485154                 0.000313
               109.808056                 0.000326
               114.223622                 0.000340
               118.732986                 0.000355
               123.332303                 0.000369
               128.025192                 0.000384
               132.810303                 0.000399
               137.691312                 0.000415
               142.662399                 0.000431
               147.722162                 0.000447
               152.871072                 0.000463
               158.113774                 0.000480
               163.448361                 0.000497
               168.873389                 0.000514
               174.390871                 0.000531
               180.002323                 0.000549
               185.706310                 0.000567
               191.499924                 0.000586
               197.378809                 0.000604
               203.349880                 0.000623
               209.413671                 0.000643
               215.568816                 0.000662
               221.814257                 0.000682
               228.151500                 0.000702
               234.581977                 0.000722
               241.103035                 0.000743
               247.710714                 0.000764
               254.405185                 0.000785
               261.192086                 0.000807
               268.071379                 0.000829
               275.041181                 0.000851
               282.099573                 0.000873
               289.250336                 0.000896
               296.491112                 0.000919
               303.822323                 0.000942
               311.237992                 0.000966
               318.742846                 0.000990
               326.337832                 0.001014
               334.025638                 0.001039
               341.801149                 0.001063
               349.666427                 0.001088
               357.622007                 0.001114
               365.299047                 0.001139
               371.158685                 0.001165
               376.624022                 0.001191
               381.537188                 0.001218
               386.145150                 0.001244
               390.678035                 0.001271
               394.855948                 0.001299
               399.132520                 0.001326
               403.342587                 0.001354
               407.746790                 0.001382
               411.764307                 0.001411
               416.224713                 0.001439
               420.298665                 0.001468
               424.764385                 0.001498
               428.840803                 0.001527
               433.379253                 0.001557
               437.494075                 0.001587
               442.018537                 0.001617
               446.114866                 0.001648
               450.607579                 0.001679
               454.759810                 0.001710
               459.332189                 0.001742
               463.536265                 0.001774
               467.934675                 0.001806
               472.131043                 0.001838
               476.630131                 0.001871
               480.846877                 0.001903
               485.352478                 0.001937
               489.556511                 0.001970
               493.918853                 0.002004
               498.143994                 0.002038
               502.636984                 0.002072
               506.860674                 0.002107
               511.314385                 0.002142
               515.441943                 0.002177
               519.831888                 0.002212
               524.018759                 0.002248
               528.575035                 0.002284
               532.657355                 0.002320
               537.023712                 0.002356
               541.131531                 0.002393
               545.523338                 0.002430
               549.609133                 0.002467
               553.980729                 0.002505
               557.947427                 0.002543
               562.229870                 0.002581
               566.320464                 0.002619
               570.546584                 0.002658
               574.603326                 0.002697
               578.663636                 0.002736
               582.773336                 0.002775
               586.745027                 0.002815
               590.677498                 0.002855
               594.365797                 0.002895
               598.110479                 0.002936
               601.793122                 0.002977
               605.462037                 0.003018
               608.864763                 0.003059
               612.345200                 0.003101
               615.649531                 0.003143
               618.951237                 0.003185
               622.199512                 0.003227
               625.198409                 0.003270
               628.354160                 0.003313
               631.226612                 0.003356
               634.259338                 0.003399
               637.069378                 0.003443
               639.694271                 0.003487
               642.551607                 0.003531
               644.959818                 0.003576
               647.760278                 0.003620
               650.166603                 0.003665
               652.771182                 0.003711
               655.196645                 0.003756
               657.313544                 0.003802
               659.762742                 0.003848
               661.780492                 0.003894
               664.135296                 0.003941
               666.150104                 0.003988
               668.054006                 0.004035
               670.114280                 0.004082
               671.822968                 0.004130
               673.705514                 0.004178
               675.423790                 0.004226
               677.039333                 0.004274
               678.888772                 0.004323
               680.250478                 0.004372
               681.754507                 0.004421
               683.292686                 0.004470
               684.499701                 0.004520
               685.855884                 0.004570
               687.086992                 0.004620
               688.040986                 0.004670
               689.230645                 0.004721
               690.189918                 0.004772
               690.991972                 0.004823
               691.861068                 0.004874
               692.562030                 0.004926
               693.110929                 0.004978
               693.677221                 0.005030
               694.099620                 0.005082
               694.273759                 0.005135
               694.402435                 0.005188
               694.438614                 0.005241
               694.136211                 0.005294
               693.701516                 0.005348
               693.084642                 0.005401
               691.986407                 0.005455
               690.345090                 0.005510
               688.361513                 0.005564
               685.510433                 0.005619
               682.022368                 0.005674
               677.969616                 0.005729
               673.173479                 0.005785
               667.632779                 0.005841
               661.706761                 0.005897
               655.027329                 0.005953
               647.854798                 0.006009
               640.354023                 0.006066
               632.389158                 0.006123
               624.033244                 0.006180
               615.499147                 0.006238
               606.637278                 0.006295
               597.668185                 0.006353
               588.371764                 0.006411
               579.089802                 0.006470
               569.706421                 0.006528
               560.066340                 0.006587
               550.504184                 0.006646
               540.918021                 0.006705
               531.196060                 0.006765
               521.502420                 0.006825
               511.866715                 0.006885
               502.224168                 0.006945
               492.572387                 0.007005
               483.018329                 0.007066
               473.570488                 0.007127
               464.115490                 0.007188
               454.701617                 0.007249
               445.378188                 0.007311
               436.280041                 0.007372
               427.158701                 0.007434
               418.226550                 0.007497
               409.427156                 0.007559
               400.719725                 0.007622
               392.164021                 0.007685
               383.705990                 0.007748
               375.503782                 0.007811
               367.343907                 0.007875
               359.363470                 0.007938
               351.573976                 0.008002
               343.900946                 0.008066
               336.361915                 0.008131
               328.887950                 0.008196
               321.494594                 0.008260
               314.307584                 0.008325
               307.292276                 0.008391
               300.358086                 0.008456
               293.598192                 0.008522
               287.068114                 0.008588
               280.584767                 0.008654
               274.333186                 0.008720
               268.119396                 0.008787
               262.227036                 0.008853
               256.285953                 0.008920
               250.612561                 0.008988
               245.013270                 0.009055
               239.601115                 0.009123
               234.261257                 0.009190
               229.118783                 0.009258
               224.067369                 0.009327
               219.198057                 0.009395
               214.348858                 0.009464
               209.739197                 0.009532
               205.124569                 0.009601
               200.670762                 0.009671
               196.405460                 0.009740
               192.173911                 0.009810
               188.087916                 0.009879
               184.073474                 0.009949
               180.230624                 0.010020
               176.431855                 0.010090
               172.832723                 0.010161
               169.201026                 0.010231
               165.807958                 0.010302
               162.419768                 0.010374
               159.158603                 0.010445
               155.945174                 0.010516
               152.882070                 0.010588
               149.864451                 0.010660
               146.848933                 0.010732
               144.021090                 0.010805
               141.181349                 0.010877
               138.442995                 0.010950
               135.701506                 0.011023
               133.051544                 0.011096
               130.426724                 0.011169
               127.877928                 0.011243
               125.318584                 0.011316
               122.887972                 0.011390
               120.472098                 0.011464
               118.010790                 0.011538
               115.701065                 0.011613
               113.380366                 0.011687
               111.145363                 0.011762
               108.870683                 0.011837
               106.680365                 0.011912
               104.514701                 0.011987
               102.369730                 0.012063
               100.284269                 0.012138
                98.175309                 0.012214
                96.159497                 0.012290
                94.111015                 0.012366
                92.104548                 0.012443
                90.189120                 0.012519
                88.254779                 0.012596
                86.328157                 0.012673
                84.484476                 0.012750
                82.603339                 0.012827
                80.802869                 0.012904
                79.057679                 0.012982
                77.282060                 0.013060
                75.554378                 0.013137
                73.917381                 0.013215
                72.268309                 0.013294
                70.696320                 0.013372
                69.093274                 0.013451
                67.568284                 0.013529
                66.081857                 0.013608
                64.602204                 0.013687
                63.182626                 0.013766
                61.807233                 0.013846
                60.442485                 0.013925
                59.092546                 0.014005
                57.844089                 0.014085
                56.610687                 0.014165
                55.384257                 0.014245
                54.216856                 0.014325
                53.013294                 0.014405
                51.949854                 0.014486
                50.839349                 0.014567
                49.776059                 0.014648
                48.737406                 0.014729
                47.781744                 0.014810
                46.846285                 0.014891
                45.927624                 0.014973
                45.015852                 0.015054
                44.189091                 0.015136
                43.374562                 0.015218
                42.551163                 0.015300
                41.753653                 0.015382
                40.900703                 0.015465
                40.116316                 0.015547
                39.376221                 0.015630
                38.632934                 0.015713
                38.010285                 0.015796
                37.364602                 0.015879
                36.771429                 0.015962
                36.175651                 0.016045
                35.628660                 0.016129
                35.074477                 0.016213
                34.509043                 0.016296
                33.931871                 0.016380
                33.366953                 0.016464
                32.740443                 0.016548
                32.146073                 0.016633
                31.510181                 0.016717
                30.917454                 0.016802
                30.395797                 0.016886
                29.937731                 0.016971
                29.615313                 0.017056
                29.386867                 0.017141
                29.157521                 0.017227
                28.924450                 0.017312
                28.753820                 0.017397
                28.539085                 0.017483
                28.323924                 0.017569
                28.021853                 0.017654
                27.860129                 0.017740
                27.732601                 0.017827
                27.503293                 0.017913
                27.212810                 0.017999
                27.011510                 0.018085
                26.747590                 0.018172
                26.537475                 0.018259
                26.324497                 0.018345
                26.180244                 0.018432
                26.061847                 0.018519
                25.942292                 0.018607
                25.768474                 0.018694
                25.584377                 0.018781
                25.333460                 0.018869
                25.157400                 0.018956
                24.945336                 0.019044
                24.742345                 0.019132
                24.603017                 0.019220
                24.392411                 0.019308
                24.195545                 0.019396
                24.007107                 0.019484
                23.886293                 0.019572
                23.558714                 0.019661
                23.492314                 0.019749
                23.280121                 0.019838
                23.220430                 0.019927
                23.114867                 0.020015
                23.040844                 0.020104
                22.919348                 0.020193
                22.740464                 0.020282
                22.587233                 0.020372
                22.446188                 0.020461
                22.323023                 0.020550
                22.286414                 0.020640
                22.276111                 0.020729
                22.152808                 0.020819
                22.056716                 0.020909
                21.989756                 0.020999
                21.886168                 0.021089
                21.795412                 0.021179
                21.690851                 0.021269
                21.642188                 0.021359
                21.558440                 0.021449
                21.558003                 0.021540
                21.457697                 0.021630
                21.394040                 0.021721
                21.328587                 0.021811
                21.255218                 0.021902
                21.176852                 0.021993
                21.146152                 0.022084
                21.084090                 0.022175
                21.046609                 0.022266
                20.964488                 0.022357
                20.875788                 0.022448
                20.841863                 0.022539
                20.753527                 0.022631
                20.716759                 0.022722
                20.618269                 0.022813
                20.594938                 0.022905
                20.458655                 0.022997
                20.368401                 0.023088
                20.258241                 0.023180
                20.106742                 0.023272
                19.988409                 0.023364
                19.791636                 0.023456
                19.612575                 0.023548
                19.492975                 0.023640
                19.366989                 0.023732
                19.302241                 0.023824
                19.177044                 0.023916
                19.086531                 0.024009
                18.951122                 0.024101
                18.883856                 0.024193
                18.824335                 0.024286
                18.810962                 0.024378
                18.739823                 0.024471
                18.754393                 0.024564
                18.742514                 0.024656
                18.784790                 0.024749
                18.793406                 0.024842
                18.783373                 0.024935
                18.659122                 0.025028
                18.623748                 0.025121
                18.671321                 0.025214
                18.623452                 0.025307
                18.657538                 0.025400
                18.627348                 0.025493
                18.660217                 0.025586
                18.633036                 0.025680
                18.558288                 0.025773
                18.505550                 0.025866
                18.372272                 0.025960
                18.313423                 0.026053
                18.223780                 0.026146
                18.243319                 0.026240
                18.238563                 0.026333
                18.236912                 0.026427
                18.189476                 0.026521
                18.121445                 0.026614
                18.153461                 0.026708
                18.115046                 0.026802
                18.165706                 0.026895
                18.096453                 0.026989
                18.140193                 0.027083
                18.104617                 0.027177
                18.135248                 0.027271
                18.159773                 0.027364
                18.097489                 0.027458
                18.133615                 0.027552
                18.091055                 0.027646
                18.039155                 0.027740
                18.012717                 0.027834
                17.973690                 0.027928
                17.928990                 0.028022
                17.865895                 0.028116
                17.883890                 0.028210
                17.778923                 0.028304
                17.769155                 0.028398
                17.736829                 0.028493
                17.705493                 0.028587
                17.697457                 0.028681
                17.652667                 0.028775
                17.509185                 0.028869
                17.322354                 0.028963
                16.967003                 0.029058
                16.682272                 0.029152
                16.524941                 0.029246
                16.450329                 0.029340
                16.511230                 0.029434
                16.460536                 0.029529
                16.253529                 0.029623
                16.088081                 0.029717
                15.843822                 0.029811
                15.912850                 0.029906
                15.731908                 0.030000
