                 0.368184                 0.010000
                23.516563                 0.020000
               267.251975                 0.030000
              1496.976035                 0.040000
              5688.165190                 0.050000
             16903.880696                 0.060000
             42385.910865                 0.070000
             92591.765686                 0.080000
            168996.887087                 0.090000
            272506.144683                 0.100000
            406145.392879                 0.110000
            573064.996983                 0.120000
            776519.289187                 0.130000
           1019741.615499                 0.140000
           1305440.284161                 0.150000
           1635197.982823                 0.160000
           2011125.182475                 0.170000
           2435175.202037                 0.180000
           2909001.482406                 0.190000
           3433982.347244                 0.200000
           4011171.205194                 0.210000
           4641286.354685                 0.220000
           5324748.076029                 0.230000
           6061624.030617                 0.240000
           6851663.863351                 0.250000
           7694222.873406                 0.260000
           8588328.960695                 0.270000
           9532386.526154                 0.280000
          10523742.098223                 0.290000
          11558997.291624                 0.300000
          12635149.763118                 0.310000
          13749199.069975                 0.320000
          14898327.445107                 0.330000
          16080288.424708                 0.340000
          17293407.979486                 0.350000
          18536431.748624                 0.360000
          19808572.817422                 0.370000
          21109309.162506                 0.380000
          22438410.111587                 0.390000
          23795873.311026                 0.400000
          25181904.823850                 0.410000
          26596816.241765                 0.420000
          28041070.398256                 0.430000
          29515242.291126                 0.440000
          31020006.697084                 0.450000
          32556134.391991                 0.460000
          34124493.148471                 0.470000
          35726050.160267                 0.480000
          37361865.837128                 0.490000
          39033102.427443                 0.500000
