 0    0.000000000000e+000  0.000000000000e+000
 1    7.710588761256e-006  1.193403527141e-001
 2    3.084187846980e-005  4.748281836510e-001
 3    6.939244485693e-005  1.068882822990e+000
 4    1.233599032275e-004  1.898891210556e+000
 5    1.927409466589e-004  2.967124938965e+000
 6    2.775312459562e-004  4.270925045013e+000
 7    3.777256351896e-004  5.812383174896e+000
 8    4.933179006912e-004  7.588826656342e+000
 9    6.243009120226e-004  9.602136611938e+000
 10    7.706665783189e-004  1.184965801239e+001
 11    9.324058773927e-004  1.433303356171e+001
 12    1.109508797526e-003  1.704965591431e+001
 13    1.301964512095e-003  1.934109687805e+001
 14    1.509761088528e-003  2.025758934021e+001
 15    1.732885721140e-003  2.087749862671e+001
 16    1.971324672922e-003  2.142864990234e+001
 17    2.225063042715e-003  2.196475410461e+001
 18    2.494085580111e-003  2.249458312988e+001
 19    2.778375288472e-003  2.302150917053e+001
 20    3.077914938331e-003  2.354534149170e+001
 21    3.392685670406e-003  2.406405830383e+001
 22    3.722668392584e-003  2.457894515991e+001
 23    4.067842848599e-003  2.508448791504e+001
 24    4.428187385201e-003  2.558455657959e+001
 25    4.803679883480e-003  2.607016181946e+001
 26    5.194297526032e-003  2.654834747314e+001
 27    5.600015632808e-003  2.700665855408e+001
 28    6.020809523761e-003  2.745571517944e+001
 29    6.456653121859e-003  2.787969970703e+001
 30    6.907519884408e-003  2.829299736023e+001
 31    7.373381406069e-003  2.867652130127e+001
 32    7.854209281504e-003  2.904834747314e+001
 33    8.349974639714e-003  2.938679122925e+001
 34    8.860645815730e-003  2.971294403076e+001
 35    9.386191144586e-003  3.000309562683e+001
 36    9.926578961313e-003  3.028081321716e+001
 37    1.048177480698e-002  3.052114486694e+001
 38    1.105174608529e-002  3.074917984009e+001
 39    1.163645647466e-002  3.093973159790e+001
 40    1.223587058485e-002  3.111826324463e+001
 41    1.284995116293e-002  3.126049804688e+001
 42    1.347866002470e-002  3.139098167419e+001
 43    1.412195898592e-002  3.148755645752e+001
 44    1.477980799973e-002  3.157251930237e+001
 45    1.545216608793e-002  3.162702369690e+001
 46    1.613899320364e-002  3.166983985901e+001
 47    1.684024371207e-002  3.168650817871e+001
 48    1.755587942898e-002  3.169116401672e+001
 49    1.828585192561e-002  3.167459869385e+001
 50    1.903011649847e-002  3.164546012878e+001
 51    1.978863030672e-002  3.160037803650e+001
 52    2.056134305894e-002  3.154199790955e+001
 53    2.134821005166e-002  3.147301483154e+001
 54    2.214918099344e-002  3.138995742798e+001
 55    2.296420745552e-002  3.130142021179e+001
 56    2.379323728383e-002  3.119811820984e+001
 57    2.463622018695e-002  3.109399032593e+001
 58    2.549310587347e-002  3.097464942932e+001
 59    2.636384032667e-002  3.085843658447e+001
 60    2.724836952984e-002  3.072694206238e+001
 61    2.814663760364e-002  3.060167503357e+001
 62    2.905859239399e-002  3.046155166626e+001
 63    2.998417615891e-002  3.032978820801e+001
 64    3.092332929373e-002  3.018415641785e+001
 65    3.187599778175e-002  3.004801940918e+001
 66    3.284212201834e-002  2.989958190918e+001
 67    3.382163867354e-002  2.976081657410e+001
 68    3.481449186802e-002  2.961185073853e+001
 69    3.582062199712e-002  2.947188186646e+001
 70    3.683995828032e-002  2.932425117493e+001
 71    3.787244483829e-002  2.918424987793e+001
 72    3.891801834106e-002  2.903941535950e+001
 73    3.997661173344e-002  2.890035820007e+001
 74    4.104815796018e-002  2.875940132141e+001
 75    4.213259741664e-002  2.862211990356e+001
 76    4.322985559702e-002  2.848578643799e+001
 77    4.433986917138e-002  2.835100364685e+001
 78    4.546257108450e-002  2.821973228455e+001
 79    4.659788683057e-002  2.808808517456e+001
 80    4.774575307965e-002  2.796206855774e+001
 81    4.890609160066e-002  2.783412170410e+001
 82    5.007883533835e-002  2.771334457397e+001
 83    5.126391351223e-002  2.758959388733e+001
 84    5.246124789119e-002  2.747389793396e+001
 85    5.367076769471e-002  2.735475349426e+001
 86    5.489239841700e-002  2.724388885498e+001
 87    5.612606555223e-002  2.712966728210e+001
 88    5.737169086933e-002  2.702333831787e+001
 89    5.862919613719e-002  2.691424560547e+001
 90    5.989850685000e-002  2.681216049194e+001
 91    6.117954850197e-002  2.670828247070e+001
 92    6.247223168612e-002  2.661018371582e+001
 93    6.377648562193e-002  2.651148223877e+001
 94    6.509222835302e-002  2.641716766357e+001
 95    6.641937047243e-002  2.632347679138e+001
 96    6.775784492493e-002  2.623281478882e+001
 97    6.910755485296e-002  2.614385604858e+001
 98    7.046842575073e-002  2.605677986145e+001
 99    7.184036821127e-002  2.597217941284e+001
 100    7.322330772877e-002  2.588867759705e+001
 101    7.461713999510e-002  2.580799674988e+001
 102    7.602179795504e-002  2.572808647156e+001
 103    7.743719220161e-002  2.565085601807e+001
 104    7.886322587729e-002  2.557456207275e+001
 105    8.029981702566e-002  2.550031280518e+001
 106    8.174686878920e-002  2.542763328552e+001
 107    8.320430666208e-002  2.535593605042e+001
 108    8.467203378677e-002  2.528681755066e+001
 109    8.614996075630e-002  2.521731185913e+001
 110    8.763799071312e-002  2.515162658691e+001
 111    8.913603425026e-002  2.508403778076e+001
 112    9.064400196075e-002  2.502157020569e+001
 113    9.216180443764e-002  2.495573043823e+001
 114    9.368933737278e-002  2.489617156982e+001
 115    9.522651135921e-002  2.483201599121e+001
 116    9.677323698997e-002  2.477497100830e+001
 117    9.832940995693e-002  2.471252250671e+001
 118    9.989494085312e-002  2.465753555298e+001
 119    1.014697328210e-001  2.459689140320e+001
 120    1.030536890030e-001  2.454346275330e+001
 121    1.046467050910e-001  2.448475456238e+001
 122    1.062486842275e-001  2.443238639832e+001
 123    1.078595370054e-001  2.437575531006e+001
 124    1.094791591167e-001  2.432397651672e+001
 125    1.111074388027e-001  2.426952934265e+001
 126    1.127442941070e-001  2.421793937683e+001
 127    1.143896132708e-001  2.416571998596e+001
 128    1.160432994366e-001  2.411401748657e+001
 129    1.177052482963e-001  2.406398010254e+001
 130    1.193753555417e-001  2.401198005676e+001
 131    1.210535243154e-001  2.396397399902e+001
 132    1.227396428585e-001  2.391161727905e+001
 133    1.244336143136e-001  2.386538314819e+001
 134    1.261353343725e-001  2.381274223328e+001
 135    1.278446912766e-001  2.376791954041e+001
 136    1.295615881681e-001  2.371516799927e+001
 137    1.312859058380e-001  2.367131996155e+001
 138    1.330175399780e-001  2.361872100830e+001
 139    1.347564011812e-001  2.357536125183e+001
 140    1.365023702383e-001  2.352321624756e+001
 141    1.382553428411e-001  2.347985839844e+001
 142    1.400152146816e-001  2.342847251892e+001
 143    1.417818516493e-001  2.338466072083e+001
 144    1.435551792383e-001  2.333430290222e+001
 145    1.453350633383e-001  2.328965377808e+001
 146    1.471214145422e-001  2.324051475525e+001
 147    1.489140987396e-001  2.319475746155e+001
 148    1.507130265236e-001  2.314692115784e+001
 149    1.525180786848e-001  2.309991455078e+001
 150    1.543291360140e-001  2.305333900452e+001
 151    1.561461091042e-001  2.300508117676e+001
 152    1.579688638449e-001  2.295959854126e+001
 153    1.597972959280e-001  2.291022872925e+001
 154    1.616312861443e-001  2.286555290222e+001
 155    1.634707301855e-001  2.281532669067e+001
 156    1.653155237436e-001  2.277107810974e+001
 157    1.671655327082e-001  2.272033882141e+001
 158    1.690206527710e-001  2.267607879639e+001
 159    1.708807647228e-001  2.262521934509e+001
 160    1.727457493544e-001  2.258049774170e+001
 161    1.746155172586e-001  2.252990531921e+001
 162    1.764899194241e-001  2.248430442810e+001
 163    1.783688664436e-001  2.243432807922e+001
 164    1.802522242069e-001  2.238750076294e+001
 165    1.821398884058e-001  2.233839797974e+001
 166    1.840317398310e-001  2.229011344910e+001
 167    1.859276592731e-001  2.224202728271e+001
 168    1.878275275230e-001  2.219218635559e+001
 169    1.897312402725e-001  2.214512252808e+001
 170    1.916386634111e-001  2.209377098083e+001
 171    1.935496777296e-001  2.204759788513e+001
 172    1.954641938210e-001  2.199492835999e+001
 173    1.973820626736e-001  2.194938659668e+001
 174    1.993031799793e-001  2.189570236206e+001
 175    2.012274265289e-001  2.185043525696e+001
 176    2.031546682119e-001  2.179613304138e+001
 177    2.050848156214e-001  2.175072288513e+001
 178    2.070177197456e-001  2.169623374939e+001
 179    2.089532911777e-001  2.165024948120e+001
 180    2.108913809061e-001  2.159600448608e+001
 181    2.128318846226e-001  2.154904747009e+001
 182    2.147746980190e-001  2.149542236328e+001
 183    2.167196720839e-001  2.144717597961e+001
 184    2.186666876078e-001  2.139444732666e+001
 185    2.206156551838e-001  2.134470558167e+001
 186    2.225664258003e-001  2.129303169250e+001
 187    2.245188802481e-001  2.124172973633e+001
 188    2.264729291201e-001  2.119112205505e+001
 189    2.284284085035e-001  2.113833808899e+001
 190    2.303852289915e-001  2.108866882324e+001
 191    2.323432564735e-001  2.103461647034e+001
 192    2.343023717403e-001  2.098563957214e+001
 193    2.362624555826e-001  2.093064308167e+001
 194    2.382233887911e-001  2.088201522827e+001
 195    2.401850521564e-001  2.082647132874e+001
 196    2.421473115683e-001  2.077780532837e+001
 197    2.441100627184e-001  2.072213554382e+001
 198    2.460731714964e-001  2.067304039001e+001
 199    2.480365186930e-001  2.061764526367e+001
 200    2.500000000000e-001  2.056777954102e+001
