     0.000000    -0.010000     0.000020
     0.052632    -0.010000     0.000019
     0.105263    -0.010000     0.000011
     0.157895    -0.010000     0.000003
     0.210526    -0.010000     0.000000
     0.263158    -0.010000     0.000000
     0.315789    -0.010000     0.000000
     0.368421    -0.010000     0.000000
     0.421053    -0.010000     0.000000
     0.473684    -0.010000     0.000000
     0.526316    -0.010000     0.000000
     0.578947    -0.010000     0.000000
     0.631579    -0.010000     0.000000
     0.684211    -0.010000     0.000000
     0.736842    -0.010000     0.000000
     0.789474    -0.010000     0.000000
     0.842105    -0.010000     0.000003
     0.894737    -0.010000     0.000011
     0.947368    -0.010000     0.000019
     1.000000    -0.010000     0.000020
     0.000138     0.041866     0.000036
     0.052650     0.041765     0.000034
     0.105319     0.041823     0.000022
     0.157897     0.041783     0.000008
     0.210536     0.041784     0.000001
     0.263153     0.041778     0.000000
     0.315797     0.041774     0.000000
     0.368424     0.041771     0.000000
     0.421064     0.041767     0.000000
     0.473684     0.041764     0.000000
     0.526316     0.041763     0.000000
     0.578936     0.041767     0.000000
     0.631576     0.041771     0.000000
     0.684203     0.041774     0.000000
     0.736847     0.041777     0.000000
     0.789464     0.041784     0.000001
     0.842103     0.041783     0.000008
     0.894681     0.041823     0.000022
     0.947350     0.041765     0.000034
     0.999863     0.041866     0.000036
     0.000513     0.094007     0.000054
     0.052833     0.093877     0.000052
     0.105484     0.093786     0.000036
     0.157992     0.093787     0.000014
     0.210674     0.093714     0.000003
     0.263208     0.093671     0.000000
     0.315877     0.093635     0.000000
     0.368428     0.093619     0.000000
     0.421094     0.093617     0.000000
     0.473663     0.093625     0.000000
     0.526337     0.093625     0.000000
     0.578906     0.093617     0.000000
     0.631573     0.093619     0.000000
     0.684123     0.093635     0.000000
     0.736792     0.093671     0.000000
     0.789327     0.093713     0.000003
     0.842009     0.093786     0.000014
     0.894517     0.093786     0.000036
     0.947167     0.093876     0.000052
     0.999487     0.094006     0.000054
     0.000425     0.146043     0.000071
     0.053100     0.145743     0.000070
     0.105472     0.145666     0.000047
     0.158113     0.145538     0.000020
     0.210655     0.145487     0.000006
     0.263286     0.145472     0.000001
     0.315900     0.145438     0.000001
     0.368498     0.145435     0.000001
     0.421124     0.145404     0.000000
     0.473687     0.145385     0.000000
     0.526313     0.145385     0.000000
     0.578876     0.145404     0.000000
     0.631501     0.145435     0.000001
     0.684100     0.145439     0.000001
     0.736713     0.145472     0.000001
     0.789345     0.145487     0.000006
     0.841887     0.145538     0.000021
     0.894528     0.145666     0.000048
     0.946902     0.145743     0.000070
     0.999577     0.146043     0.000071
     0.000978     0.197834     0.000089
     0.053121     0.197892     0.000089
     0.105827     0.197718     0.000063
     0.158220     0.197588     0.000029
     0.210918     0.197486     0.000010
     0.263353     0.197338     0.000005
     0.316036     0.197313     0.000004
     0.368488     0.197254     0.000004
     0.421184     0.197279     0.000003
     0.473656     0.197288     0.000001
     0.526345     0.197288     0.000001
     0.578816     0.197280     0.000003
     0.631513     0.197254     0.000004
     0.683965     0.197312     0.000004
     0.736648     0.197338     0.000005
     0.789083     0.197485     0.000010
     0.841782     0.197587     0.000029
     0.894175     0.197716     0.000063
     0.946878     0.197890     0.000089
     0.999019     0.197834     0.000090
     0.000569     0.250380     0.000108
     0.053359     0.249745     0.000108
     0.105760     0.249538     0.000082
     0.158373     0.249313     0.000050
     0.210963     0.249222     0.000030
     0.263496     0.249200     0.000021
     0.316132     0.249151     0.000017
     0.368597     0.249138     0.000013
     0.421237     0.249093     0.000011
     0.473652     0.249054     0.000010
     0.526348     0.249054     0.000010
     0.578764     0.249093     0.000011
     0.631402     0.249138     0.000013
     0.683868     0.249152     0.000017
     0.736503     0.249198     0.000021
     0.789037     0.249222     0.000030
     0.841626     0.249312     0.000050
     0.894240     0.249539     0.000082
     0.946642     0.249749     0.000108
     0.999433     0.250382     0.000109
     0.001804     0.301675     0.000156
     0.053655     0.301828     0.000157
     0.106291     0.301679     0.000122
     0.158602     0.301339     0.000087
     0.211251     0.301294     0.000074
     0.263591     0.301016     0.000064
     0.316261     0.301065     0.000053
     0.368530     0.300932     0.000041
     0.421364     0.301023     0.000035
     0.473626     0.301007     0.000032
     0.526375     0.301006     0.000032
     0.578636     0.301025     0.000035
     0.631472     0.300932     0.000041
     0.683739     0.301064     0.000053
     0.736412     0.301016     0.000064
     0.788748     0.301292     0.000075
     0.841402     0.301336     0.000088
     0.893708     0.301677     0.000123
     0.946343     0.301824     0.000157
     0.998194     0.301674     0.000156
     0.000789     0.355023     0.000353
     0.053743     0.353964     0.000386
     0.106203     0.353450     0.000307
     0.158833     0.353033     0.000211
     0.211505     0.353043     0.000173
     0.263779     0.352925     0.000151
     0.316562     0.353095     0.000127
     0.368682     0.352844     0.000109
     0.421387     0.352866     0.000093
     0.473516     0.352787     0.000084
     0.526485     0.352788     0.000084
     0.578614     0.352865     0.000093
     0.631319     0.352845     0.000109
     0.683438     0.353096     0.000128
     0.736220     0.352923     0.000151
     0.788496     0.353042     0.000174
     0.841163     0.353029     0.000213
     0.893798     0.353457     0.000308
     0.946259     0.353969     0.000388
     0.999211     0.355025     0.000354
     0.003132     0.405534     0.000821
     0.054602     0.405577     0.000985
     0.107735     0.405744     0.000917
     0.159118     0.404931     0.000685
     0.211858     0.405411     0.000505
     0.263627     0.404681     0.000387
     0.316537     0.404997     0.000303
     0.368762     0.404741     0.000248
     0.421545     0.404994     0.000217
     0.473831     0.404751     0.000208
     0.526171     0.404749     0.000208
     0.578456     0.404996     0.000217
     0.631239     0.404741     0.000248
     0.683465     0.404995     0.000304
     0.736378     0.404681     0.000389
     0.788138     0.405412     0.000508
     0.840884     0.404927     0.000688
     0.892264     0.405738     0.000919
     0.945397     0.405570     0.000987
     0.996870     0.405536     0.000823
     0.001614     0.460311     0.001398
     0.053903     0.457411     0.001778
     0.107744     0.457539     0.001856
     0.159565     0.457485     0.001598
     0.212733     0.457183     0.001238
     0.264712     0.457220     0.000949
     0.316765     0.456865     0.000724
     0.369064     0.456844     0.000565
     0.421179     0.456521     0.000474
     0.473944     0.456930     0.000433
     0.526060     0.456931     0.000433
     0.578822     0.456518     0.000474
     0.630939     0.456847     0.000567
     0.683236     0.456866     0.000728
     0.735278     0.457224     0.000955
     0.787269     0.457185     0.001244
     0.840428     0.457476     0.001602
     0.892262     0.457548     0.001857
     0.946100     0.457419     0.001778
     0.998369     0.460315     0.001398
     0.009995     0.511601     0.001836
     0.057811     0.509400     0.002422
     0.107384     0.509498     0.002704
     0.160264     0.509084     0.002575
     0.211762     0.508982     0.002213
     0.264770     0.509468     0.001811
     0.316943     0.509086     0.001457
     0.369738     0.509162     0.001178
     0.421646     0.509013     0.000972
     0.473608     0.508730     0.000851
     0.526395     0.508731     0.000852
     0.578353     0.509018     0.000974
     0.630260     0.509159     0.001182
     0.683058     0.509098     0.001462
     0.735236     0.509466     0.001817
     0.788241     0.508985     0.002218
     0.839731     0.509074     0.002578
     0.892610     0.509485     0.002705
     0.942153     0.509416     0.002421
     0.989985     0.511628     0.001833
     0.015742     0.570825     0.001833
     0.068094     0.567913     0.002616
     0.115768     0.563891     0.003083
     0.166054     0.562696     0.003165
     0.215263     0.562514     0.003005
     0.266050     0.561490     0.002698
     0.317812     0.561279     0.002356
     0.369419     0.561051     0.002034
     0.422287     0.561584     0.001774
     0.474249     0.561279     0.001625
     0.525744     0.561280     0.001626
     0.577721     0.561588     0.001777
     0.630578     0.561051     0.002037
     0.682192     0.561279     0.002359
     0.733939     0.561495     0.002701
     0.784715     0.562540     0.003008
     0.833874     0.562689     0.003168
     0.884174     0.563904     0.003085
     0.931922     0.567929     0.002615
     0.984272     0.570808     0.001830
     0.013351     0.616215     0.001438
     0.066284     0.618179     0.002214
     0.118417     0.619592     0.002799
     0.168391     0.617202     0.003132
     0.220238     0.617558     0.003282
     0.270349     0.615562     0.003283
     0.320612     0.615105     0.003155
     0.371146     0.614204     0.002967
     0.421688     0.613345     0.002810
     0.474310     0.614225     0.002744
     0.525688     0.614205     0.002745
     0.578313     0.613354     0.002811
     0.628839     0.614206     0.002967
     0.679371     0.615129     0.003154
     0.729600     0.615574     0.003282
     0.779749     0.617605     0.003284
     0.831588     0.617237     0.003135
     0.881596     0.619471     0.002802
     0.933731     0.618143     0.002215
     0.986657     0.616248     0.001436
     0.014958     0.674496     0.000889
     0.066534     0.672068     0.001510
     0.120327     0.671275     0.002121
     0.172084     0.670669     0.002660
     0.220855     0.669714     0.003087
     0.273583     0.669740     0.003433
     0.323369     0.669046     0.003656
     0.374908     0.668934     0.003800
     0.423909     0.667911     0.003882
     0.473755     0.666584     0.003907
     0.526248     0.666583     0.003906
     0.576055     0.667932     0.003880
     0.625082     0.668942     0.003795
     0.676587     0.669075     0.003650
     0.726436     0.669737     0.003428
     0.779141     0.669708     0.003086
     0.828018     0.670667     0.002663
     0.879663     0.671278     0.002125
     0.933349     0.672085     0.001513
     0.984969     0.674485     0.000891
     0.015452     0.721285     0.000633
     0.067854     0.721954     0.001094
     0.118325     0.722973     0.001631
     0.171005     0.725736     0.002198
     0.223709     0.724501     0.002790
     0.274477     0.722458     0.003357
     0.325157     0.723224     0.003879
     0.375773     0.722498     0.004310
     0.426134     0.723711     0.004583
     0.476508     0.721179     0.004695
     0.523464     0.721201     0.004694
     0.573857     0.723721     0.004579
     0.624216     0.722506     0.004304
     0.674858     0.723221     0.003871
     0.725546     0.722450     0.003351
     0.776302     0.724480     0.002788
     0.828980     0.725748     0.002200
     0.881681     0.723059     0.001635
     0.932185     0.721955     0.001099
     0.984568     0.721251     0.000637
     0.015421     0.778723     0.000636
     0.067812     0.778010     0.001097
     0.118255     0.776920     0.001632
     0.171000     0.774306     0.002199
     0.223760     0.775505     0.002790
     0.274450     0.777521     0.003354
     0.325127     0.776814     0.003876
     0.375798     0.777497     0.004310
     0.426118     0.776298     0.004585
     0.476577     0.778777     0.004698
     0.523401     0.778762     0.004696
     0.573873     0.776298     0.004581
     0.624210     0.777491     0.004305
     0.674872     0.776802     0.003871
     0.725567     0.777520     0.003350
     0.776228     0.775523     0.002788
     0.829001     0.774310     0.002200
     0.881740     0.776910     0.001635
     0.932181     0.778029     0.001099
     0.984555     0.778746     0.000637
     0.015074     0.825528     0.000894
     0.066697     0.827933     0.001516
     0.120335     0.828681     0.002126
     0.171942     0.829251     0.002663
     0.220889     0.830305     0.003085
     0.273525     0.830313     0.003425
     0.323429     0.830912     0.003650
     0.374904     0.831078     0.003799
     0.423970     0.832043     0.003886
     0.473751     0.833431     0.003913
     0.526253     0.833435     0.003912
     0.576022     0.832026     0.003884
     0.625088     0.831078     0.003797
     0.676570     0.830898     0.003649
     0.726460     0.830315     0.003425
     0.779116     0.830306     0.003084
     0.828049     0.829261     0.002662
     0.879664     0.828740     0.002125
     0.933336     0.827945     0.001514
     0.984964     0.825520     0.000892
     0.013319     0.883705     0.001439
     0.066259     0.881848     0.002220
     0.118435     0.880607     0.002806
     0.168384     0.882757     0.003136
     0.220195     0.882376     0.003281
     0.270408     0.884423     0.003278
     0.320634     0.884870     0.003151
     0.371171     0.885798     0.002966
     0.421699     0.886650     0.002814
     0.474284     0.885791     0.002751
     0.525717     0.885785     0.002751
     0.578304     0.886660     0.002815
     0.628824     0.885782     0.002968
     0.679365     0.884871     0.003153
     0.729574     0.884421     0.003280
     0.779795     0.882387     0.003281
     0.831587     0.882774     0.003134
     0.881569     0.880554     0.002801
     0.933748     0.881840     0.002216
     0.986680     0.883732     0.001437
     0.015731     0.929199     0.001832
     0.068040     0.932056     0.002619
     0.115803     0.936070     0.003088
     0.166148     0.937319     0.003169
     0.215298     0.937435     0.003006
     0.266063     0.938504     0.002699
     0.317811     0.938714     0.002356
     0.369421     0.938947     0.002036
     0.422281     0.938425     0.001777
     0.474260     0.938720     0.001629
     0.525742     0.938723     0.001630
     0.577723     0.938420     0.001779
     0.630587     0.938949     0.002038
     0.682184     0.938718     0.002358
     0.733944     0.938509     0.002700
     0.784697     0.937444     0.003006
     0.833874     0.937316     0.003167
     0.884195     0.936090     0.003084
     0.931938     0.932066     0.002616
     0.984266     0.929195     0.001830
     0.010019     0.988384     0.001834
     0.057866     0.990597     0.002422
     0.107404     0.990523     0.002706
     0.160271     0.990923     0.002579
     0.211755     0.991015     0.002217
     0.264758     0.990524     0.001816
     0.316945     0.990905     0.001460
     0.369733     0.990839     0.001181
     0.421650     0.990985     0.000974
     0.473601     0.991273     0.000852
     0.526399     0.991269     0.000853
     0.578349     0.990984     0.000975
     0.630265     0.990838     0.001182
     0.683057     0.990908     0.001462
     0.735239     0.990525     0.001817
     0.788247     0.991016     0.002217
     0.839725     0.990925     0.002577
     0.892604     0.990512     0.002704
     0.942151     0.990589     0.002420
     0.989989     0.988385     0.001833
     0.001626     1.039676     0.001398
     0.053895     1.042570     0.001778
     0.107730     1.042436     0.001857
     0.159572     1.042531     0.001602
     0.212731     1.042807     0.001244
     0.264725     1.042772     0.000955
     0.316759     1.043131     0.000727
     0.369063     1.043153     0.000567
     0.421174     1.043484     0.000474
     0.473948     1.043069     0.000432
     0.526055     1.043071     0.000432
     0.578826     1.043483     0.000474
     0.630938     1.043153     0.000567
     0.683239     1.043133     0.000728
     0.735276     1.042775     0.000955
     0.787268     1.042812     0.001244
     0.840428     1.042528     0.001602
     0.892265     1.042445     0.001857
     0.946098     1.042579     0.001778
     0.998371     1.039682     0.001398
     0.003138     1.094472     0.000823
     0.054612     1.094439     0.000986
     0.107743     1.094272     0.000919
     0.159118     1.095069     0.000688
     0.211867     1.094587     0.000509
     0.263616     1.095316     0.000390
     0.316536     1.095006     0.000304
     0.368755     1.095257     0.000248
     0.421547     1.095001     0.000217
     0.473824     1.095251     0.000208
     0.526174     1.095250     0.000208
     0.578453     1.095004     0.000217
     0.631242     1.095258     0.000248
     0.683464     1.095007     0.000304
     0.736382     1.095316     0.000390
     0.788136     1.094589     0.000508
     0.840882     1.095071     0.000688
     0.892261     1.094264     0.000919
     0.945393     1.094433     0.000986
     0.996867     1.094467     0.000822
     0.000782     1.144964     0.000354
     0.053736     1.146021     0.000388
     0.106198     1.146532     0.000309
     0.158841     1.146975     0.000213
     0.211499     1.146957     0.000174
     0.263782     1.147077     0.000152
     0.316559     1.146900     0.000128
     0.368685     1.147153     0.000109
     0.421383     1.147136     0.000093
     0.473519     1.147211     0.000084
     0.526482     1.147211     0.000084
     0.578616     1.147136     0.000093
     0.631317     1.147154     0.000109
     0.683440     1.146902     0.000128
     0.736218     1.147077     0.000152
     0.788498     1.146959     0.000174
     0.841162     1.146972     0.000213
     0.893799     1.146539     0.000308
     0.946259     1.146028     0.000387
     0.999212     1.144971     0.000354
     0.001816     1.198333     0.000156
     0.053664     1.198181     0.000157
     0.106296     1.198327     0.000123
     0.158593     1.198661     0.000088
     0.211257     1.198710     0.000075
     0.263585     1.198982     0.000065
     0.316265     1.198936     0.000053
     0.368522     1.199067     0.000041
     0.421367     1.198974     0.000035
     0.473621     1.198993     0.000032
     0.526377     1.198993     0.000032
     0.578633     1.198975     0.000035
     0.631475     1.199067     0.000041
     0.683736     1.198937     0.000053
     0.736413     1.198983     0.000065
     0.788746     1.198708     0.000075
     0.841404     1.198662     0.000088
     0.893706     1.198325     0.000123
     0.946341     1.198177     0.000157
     0.998191     1.198328     0.000156
     0.000561     1.249607     0.000109
     0.053354     1.250244     0.000109
     0.105759     1.250460     0.000082
     0.158377     1.250689     0.000050
     0.210961     1.250777     0.000030
     0.263500     1.250803     0.000021
     0.316129     1.250848     0.000017
     0.368601     1.250861     0.000014
     0.421234     1.250907     0.000011
     0.473654     1.250945     0.000010
     0.526346     1.250945     0.000010
     0.578766     1.250907     0.000011
     0.631400     1.250861     0.000013
     0.683870     1.250848     0.000017
     0.736501     1.250802     0.000021
     0.789038     1.250779     0.000030
     0.841624     1.250688     0.000050
     0.894241     1.250461     0.000082
     0.946642     1.250249     0.000108
     0.999434     1.249614     0.000109
     0.000987     1.302172     0.000090
     0.053123     1.302113     0.000090
     0.105826     1.302284     0.000064
     0.158217     1.302412     0.000029
     0.210918     1.302516     0.000010
     0.263350     1.302661     0.000005
     0.316038     1.302688     0.000004
     0.368484     1.302745     0.000004
     0.421186     1.302719     0.000003
     0.473653     1.302712     0.000001
     0.526346     1.302711     0.000001
     0.578814     1.302720     0.000003
     0.631515     1.302746     0.000004
     0.683962     1.302689     0.000004
     0.736649     1.302662     0.000005
     0.789082     1.302515     0.000010
     0.841783     1.302412     0.000029
     0.894174     1.302283     0.000063
     0.946877     1.302111     0.000090
     0.999017     1.302168     0.000090
     0.000420     1.353952     0.000072
     0.053098     1.354255     0.000070
     0.105472     1.354333     0.000048
     0.158114     1.354463     0.000021
     0.210654     1.354512     0.000006
     0.263288     1.354528     0.000001
     0.315898     1.354561     0.000001
     0.368501     1.354565     0.000001
     0.421122     1.354596     0.000000
     0.473688     1.354614     0.000000
     0.526312     1.354614     0.000000
     0.578877     1.354596     0.000000
     0.631499     1.354565     0.000001
     0.684101     1.354561     0.000001
     0.736712     1.354528     0.000001
     0.789345     1.354513     0.000006
     0.841886     1.354462     0.000021
     0.894528     1.354334     0.000048
     0.946901     1.354256     0.000070
     0.999577     1.353954     0.000071
     0.000516     1.405997     0.000054
     0.052832     1.406125     0.000053
     0.105483     1.406214     0.000036
     0.157990     1.406214     0.000015
     0.210674     1.406287     0.000003
     0.263207     1.406328     0.000000
     0.315878     1.406365     0.000000
     0.368426     1.406381     0.000000
     0.421095     1.406383     0.000000
     0.473662     1.406375     0.000000
     0.526337     1.406375     0.000000
     0.578905     1.406383     0.000000
     0.631573     1.406381     0.000000
     0.684122     1.406365     0.000000
     0.736792     1.406328     0.000000
     0.789326     1.406287     0.000003
     0.842009     1.406214     0.000015
     0.894517     1.406214     0.000036
     0.947168     1.406124     0.000052
     0.999486     1.405995     0.000054
     0.000136     1.458133     0.000036
     0.052651     1.458236     0.000035
     0.105319     1.458177     0.000022
     0.157898     1.458217     0.000008
     0.210536     1.458216     0.000001
     0.263153     1.458222     0.000000
     0.315797     1.458226     0.000000
     0.368424     1.458229     0.000000
     0.421064     1.458233     0.000000
     0.473684     1.458236     0.000000
     0.526316     1.458236     0.000000
     0.578936     1.458233     0.000000
     0.631576     1.458229     0.000000
     0.684203     1.458226     0.000000
     0.736847     1.458223     0.000000
     0.789464     1.458216     0.000001
     0.842102     1.458217     0.000008
     0.894681     1.458177     0.000022
     0.947350     1.458235     0.000034
     0.999863     1.458133     0.000036
     0.000000     1.510000     0.000020
     0.052632     1.510000     0.000019
     0.105263     1.510000     0.000011
     0.157895     1.510000     0.000003
     0.210526     1.510000     0.000000
     0.263158     1.510000     0.000000
     0.315789     1.510000     0.000000
     0.368421     1.510000     0.000000
     0.421053     1.510000     0.000000
     0.473684     1.510000     0.000000
     0.526316     1.510000     0.000000
     0.578947     1.510000     0.000000
     0.631579     1.510000     0.000000
     0.684211     1.510000     0.000000
     0.736842     1.510000     0.000000
     0.789474     1.510000     0.000000
     0.842105     1.510000     0.000003
     0.894737     1.510000     0.000011
     0.947368     1.510000     0.000019
     1.000000     1.510000     0.000020
