     0.000000    -0.010000     0.000163
     0.052632    -0.010000     0.000151
     0.105263    -0.010000     0.000091
     0.157895    -0.010000     0.000023
     0.210526    -0.010000     0.000001
     0.263158    -0.010000     0.000000
     0.315789    -0.010000     0.000000
     0.368421    -0.010000     0.000000
     0.421053    -0.010000     0.000000
     0.473684    -0.010000     0.000000
     0.526316    -0.010000     0.000000
     0.578947    -0.010000     0.000000
     0.631579    -0.010000     0.000000
     0.684211    -0.010000     0.000000
     0.736842    -0.010000     0.000000
     0.789474    -0.010000     0.000001
     0.842105    -0.010000     0.000023
     0.894737    -0.010000     0.000091
     0.947368    -0.010000     0.000151
     1.000000    -0.010000     0.000163
     0.000138     0.041866     0.000295
     0.052650     0.041765     0.000280
     0.105319     0.041823     0.000182
     0.157897     0.041783     0.000069
     0.210536     0.041784     0.000011
     0.263153     0.041778     0.000000
     0.315797     0.041774     0.000000
     0.368424     0.041771     0.000000
     0.421064     0.041767     0.000000
     0.473684     0.041764     0.000000
     0.526316     0.041763     0.000000
     0.578936     0.041767     0.000000
     0.631576     0.041771     0.000000
     0.684203     0.041774     0.000000
     0.736847     0.041777     0.000000
     0.789464     0.041784     0.000011
     0.842103     0.041783     0.000069
     0.894681     0.041823     0.000181
     0.947350     0.041765     0.000280
     0.999863     0.041866     0.000295
     0.000513     0.094007     0.000439
     0.052833     0.093877     0.000426
     0.105484     0.093786     0.000292
     0.157992     0.093787     0.000118
     0.210674     0.093714     0.000026
     0.263208     0.093671     0.000003
     0.315877     0.093635     0.000000
     0.368428     0.093619     0.000000
     0.421094     0.093617     0.000000
     0.473663     0.093625     0.000000
     0.526337     0.093625     0.000000
     0.578906     0.093617     0.000000
     0.631573     0.093619     0.000000
     0.684123     0.093635     0.000000
     0.736792     0.093671     0.000003
     0.789327     0.093713     0.000026
     0.842009     0.093786     0.000118
     0.894517     0.093786     0.000292
     0.947167     0.093876     0.000426
     0.999487     0.094006     0.000440
     0.000425     0.146043     0.000580
     0.053100     0.145743     0.000567
     0.105472     0.145666     0.000387
     0.158113     0.145538     0.000167
     0.210655     0.145487     0.000045
     0.263286     0.145472     0.000010
     0.315900     0.145438     0.000007
     0.368498     0.145435     0.000004
     0.421124     0.145404     0.000001
     0.473687     0.145385     0.000000
     0.526313     0.145385     0.000000
     0.578876     0.145404     0.000001
     0.631501     0.145435     0.000004
     0.684100     0.145439     0.000007
     0.736713     0.145472     0.000010
     0.789345     0.145487     0.000045
     0.841887     0.145538     0.000168
     0.894528     0.145666     0.000388
     0.946902     0.145743     0.000568
     0.999577     0.146043     0.000581
     0.000978     0.197834     0.000729
     0.053121     0.197892     0.000725
     0.105827     0.197718     0.000513
     0.158220     0.197588     0.000235
     0.210918     0.197486     0.000083
     0.263353     0.197338     0.000042
     0.316036     0.197313     0.000036
     0.368488     0.197254     0.000034
     0.421184     0.197279     0.000022
     0.473656     0.197288     0.000008
     0.526345     0.197288     0.000008
     0.578816     0.197280     0.000022
     0.631513     0.197254     0.000034
     0.683965     0.197312     0.000036
     0.736648     0.197338     0.000043
     0.789083     0.197485     0.000084
     0.841782     0.197587     0.000237
     0.894175     0.197716     0.000515
     0.946878     0.197890     0.000727
     0.999019     0.197834     0.000730
     0.000569     0.250380     0.000882
     0.053359     0.249745     0.000878
     0.105760     0.249538     0.000665
     0.158373     0.249313     0.000405
     0.210963     0.249222     0.000241
     0.263496     0.249200     0.000169
     0.316132     0.249151     0.000139
     0.368597     0.249138     0.000110
     0.421237     0.249093     0.000093
     0.473652     0.249054     0.000080
     0.526348     0.249054     0.000080
     0.578764     0.249093     0.000092
     0.631402     0.249138     0.000110
     0.683868     0.249152     0.000140
     0.736503     0.249198     0.000170
     0.789037     0.249222     0.000243
     0.841626     0.249312     0.000407
     0.894240     0.249539     0.000667
     0.946642     0.249749     0.000881
     0.999433     0.250382     0.000884
     0.001804     0.301675     0.001266
     0.053655     0.301828     0.001274
     0.106291     0.301679     0.000995
     0.158602     0.301339     0.000712
     0.211251     0.301294     0.000605
     0.263591     0.301016     0.000523
     0.316261     0.301065     0.000432
     0.368530     0.300932     0.000333
     0.421364     0.301023     0.000284
     0.473626     0.301007     0.000261
     0.526375     0.301006     0.000260
     0.578636     0.301025     0.000284
     0.631472     0.300932     0.000334
     0.683739     0.301064     0.000433
     0.736412     0.301016     0.000526
     0.788748     0.301292     0.000608
     0.841402     0.301336     0.000715
     0.893708     0.301677     0.000999
     0.946343     0.301824     0.001279
     0.998194     0.301674     0.001271
     0.000789     0.355023     0.002858
     0.053743     0.353964     0.003123
     0.106203     0.353450     0.002488
     0.158833     0.353033     0.001718
     0.211505     0.353043     0.001403
     0.263779     0.352925     0.001225
     0.316562     0.353095     0.001038
     0.368682     0.352844     0.000884
     0.421387     0.352866     0.000757
     0.473516     0.352787     0.000685
     0.526485     0.352788     0.000685
     0.578614     0.352865     0.000758
     0.631319     0.352845     0.000886
     0.683438     0.353096     0.001042
     0.736220     0.352923     0.001231
     0.788496     0.353042     0.001412
     0.841163     0.353029     0.001727
     0.893798     0.353457     0.002499
     0.946259     0.353969     0.003135
     0.999211     0.355025     0.002868
     0.003132     0.405534     0.006573
     0.054602     0.405577     0.007851
     0.107735     0.405744     0.007318
     0.159118     0.404931     0.005496
     0.211858     0.405411     0.004069
     0.263627     0.404681     0.003130
     0.316537     0.404997     0.002453
     0.368762     0.404741     0.002010
     0.421545     0.404994     0.001763
     0.473831     0.404751     0.001692
     0.526171     0.404749     0.001693
     0.578456     0.404996     0.001765
     0.631239     0.404741     0.002016
     0.683465     0.404995     0.002464
     0.736378     0.404681     0.003150
     0.788138     0.405412     0.004095
     0.840884     0.404927     0.005520
     0.892264     0.405738     0.007336
     0.945397     0.405570     0.007864
     0.996870     0.405536     0.006584
     0.001614     0.460311     0.011034
     0.053903     0.457411     0.013909
     0.107744     0.457539     0.014489
     0.159565     0.457485     0.012552
     0.212733     0.457183     0.009809
     0.264712     0.457220     0.007573
     0.316765     0.456865     0.005808
     0.369064     0.456844     0.004553
     0.421179     0.456521     0.003822
     0.473944     0.456930     0.003494
     0.526060     0.456931     0.003496
     0.578822     0.456518     0.003828
     0.630939     0.456847     0.004567
     0.683236     0.456866     0.005835
     0.735278     0.457224     0.007613
     0.787269     0.457185     0.009851
     0.840428     0.457476     0.012582
     0.892262     0.457548     0.014502
     0.946100     0.457419     0.013909
     0.998369     0.460315     0.011032
     0.009995     0.511601     0.014342
     0.057811     0.509400     0.018670
     0.107384     0.509498     0.020706
     0.160264     0.509084     0.019777
     0.211762     0.508982     0.017136
     0.264770     0.509468     0.014158
     0.316943     0.509086     0.011481
     0.369738     0.509162     0.009349
     0.421646     0.509013     0.007751
     0.473608     0.508730     0.006805
     0.526395     0.508731     0.006810
     0.578353     0.509018     0.007768
     0.630260     0.509159     0.009375
     0.683058     0.509098     0.011520
     0.735236     0.509466     0.014203
     0.788241     0.508985     0.017173
     0.839731     0.509074     0.019801
     0.892610     0.509485     0.020712
     0.942153     0.509416     0.018658
     0.989985     0.511628     0.014321
     0.015742     0.570825     0.014321
     0.068094     0.567913     0.020072
     0.115768     0.563891     0.023412
     0.166054     0.562696     0.023991
     0.215263     0.562514     0.022856
     0.266050     0.561490     0.020665
     0.317812     0.561279     0.018183
     0.369419     0.561051     0.015817
     0.422287     0.561584     0.013877
     0.474249     0.561279     0.012755
     0.525744     0.561280     0.012763
     0.577721     0.561588     0.013898
     0.630578     0.561051     0.015842
     0.682192     0.561279     0.018206
     0.733939     0.561495     0.020689
     0.784715     0.562540     0.022880
     0.833874     0.562689     0.024014
     0.884174     0.563904     0.023422
     0.931922     0.567929     0.020065
     0.984272     0.570808     0.014295
     0.013351     0.616215     0.011335
     0.066284     0.618179     0.017148
     0.118417     0.619592     0.021392
     0.168391     0.617202     0.023759
     0.220238     0.617558     0.024816
     0.270349     0.615562     0.024821
     0.320612     0.615105     0.023922
     0.371146     0.614204     0.022586
     0.421688     0.613345     0.021469
     0.474310     0.614225     0.020997
     0.525688     0.614205     0.021001
     0.578313     0.613354     0.021477
     0.628839     0.614206     0.022586
     0.679371     0.615129     0.023912
     0.729600     0.615574     0.024815
     0.779749     0.617605     0.024825
     0.831588     0.617237     0.023780
     0.881596     0.619471     0.021410
     0.933731     0.618143     0.017153
     0.986657     0.616248     0.011323
     0.014958     0.674496     0.007101
     0.066534     0.672068     0.011883
     0.120327     0.671275     0.016456
     0.172084     0.670669     0.020394
     0.220855     0.669714     0.023437
     0.273583     0.669740     0.025868
     0.323369     0.669046     0.027418
     0.374908     0.668934     0.028403
     0.423909     0.667911     0.028967
     0.473755     0.666584     0.029139
     0.526248     0.666583     0.029134
     0.576055     0.667932     0.028952
     0.625082     0.668942     0.028374
     0.676587     0.669075     0.027377
     0.726436     0.669737     0.025835
     0.779141     0.669708     0.023433
     0.828018     0.670667     0.020413
     0.879663     0.671278     0.016486
     0.933349     0.672085     0.011911
     0.984969     0.674485     0.007120
     0.015452     0.721285     0.005092
     0.067854     0.721954     0.008697
     0.118325     0.722973     0.012798
     0.171005     0.725736     0.017025
     0.223709     0.724501     0.021329
     0.274477     0.722458     0.025342
     0.325157     0.723224     0.028948
     0.375773     0.722498     0.031869
     0.426134     0.723711     0.033693
     0.476508     0.721179     0.034436
     0.523464     0.721201     0.034425
     0.573857     0.723721     0.033664
     0.624216     0.722506     0.031826
     0.674858     0.723221     0.028895
     0.725546     0.722450     0.025296
     0.776302     0.724480     0.021312
     0.828980     0.725748     0.017042
     0.881681     0.723059     0.012834
     0.932185     0.721955     0.008736
     0.984568     0.721251     0.005121
     0.015421     0.778723     0.005114
     0.067812     0.778010     0.008720
     0.118255     0.776920     0.012813
     0.171000     0.774306     0.017034
     0.223760     0.775505     0.021327
     0.274450     0.777521     0.025315
     0.325127     0.776814     0.028925
     0.375798     0.777497     0.031869
     0.426118     0.776298     0.033704
     0.476577     0.778777     0.034453
     0.523401     0.778762     0.034443
     0.573873     0.776298     0.033676
     0.624210     0.777491     0.031833
     0.674872     0.776802     0.028890
     0.725567     0.777520     0.025286
     0.776228     0.775523     0.021312
     0.829001     0.774310     0.017040
     0.881740     0.776910     0.012831
     0.932181     0.778029     0.008737
     0.984555     0.778746     0.005123
     0.015074     0.825528     0.007138
     0.066697     0.827933     0.011931
     0.120335     0.828681     0.016499
     0.171942     0.829251     0.020414
     0.220889     0.830305     0.023428
     0.273525     0.830313     0.025816
     0.323429     0.830912     0.027371
     0.374904     0.831078     0.028400
     0.423970     0.832043     0.028996
     0.473751     0.833431     0.029179
     0.526253     0.833435     0.029173
     0.576022     0.832026     0.028982
     0.625088     0.831078     0.028386
     0.676570     0.830898     0.027368
     0.726460     0.830315     0.025816
     0.779116     0.830306     0.023421
     0.828049     0.829261     0.020402
     0.879664     0.828740     0.016486
     0.933336     0.827945     0.011917
     0.984964     0.825520     0.007127
     0.013319     0.883705     0.011349
     0.066259     0.881848     0.017187
     0.118435     0.880607     0.021438
     0.168384     0.882757     0.023789
     0.220195     0.882376     0.024808
     0.270408     0.884423     0.024787
     0.320634     0.884870     0.023891
     0.371171     0.885798     0.022584
     0.421699     0.886650     0.021500
     0.474284     0.885791     0.021044
     0.525717     0.885785     0.021044
     0.578304     0.886660     0.021503
     0.628824     0.885782     0.022594
     0.679365     0.884871     0.023906
     0.729574     0.884421     0.024800
     0.779795     0.882387     0.024808
     0.831587     0.882774     0.023769
     0.881569     0.880554     0.021407
     0.933748     0.881840     0.017159
     0.986680     0.883732     0.011333
     0.015731     0.929199     0.014315
     0.068040     0.932056     0.020094
     0.115803     0.936070     0.023443
     0.166148     0.937319     0.024017
     0.215298     0.937435     0.022868
     0.266063     0.938504     0.020669
     0.317811     0.938714     0.018186
     0.369421     0.938947     0.015828
     0.422281     0.938425     0.013903
     0.474260     0.938720     0.012788
     0.525742     0.938723     0.012791
     0.577723     0.938420     0.013913
     0.630587     0.938949     0.015844
     0.682184     0.938718     0.018203
     0.733944     0.938509     0.020681
     0.784697     0.937444     0.022867
     0.833874     0.937316     0.024001
     0.884195     0.936090     0.023419
     0.931938     0.932066     0.020070
     0.984266     0.929195     0.014300
     0.010019     0.988384     0.014326
     0.057866     0.990597     0.018665
     0.107404     0.990523     0.020721
     0.160271     0.990923     0.019803
     0.211755     0.991015     0.017170
     0.264758     0.990524     0.014194
     0.316945     0.990905     0.011508
     0.369733     0.990839     0.009368
     0.421650     0.990985     0.007765
     0.473601     0.991273     0.006814
     0.526399     0.991269     0.006817
     0.578349     0.990984     0.007773
     0.630265     0.990838     0.009379
     0.683057     0.990908     0.011519
     0.735239     0.990525     0.014199
     0.788247     0.991016     0.017168
     0.839725     0.990925     0.019794
     0.892604     0.990512     0.020709
     0.942151     0.990589     0.018655
     0.989989     0.988385     0.014319
     0.001626     1.039676     0.011035
     0.053895     1.042570     0.013908
     0.107730     1.042436     0.014503
     0.159572     1.042531     0.012585
     0.212731     1.042807     0.009855
     0.264725     1.042772     0.007616
     0.316759     1.043131     0.005834
     0.369063     1.043153     0.004565
     0.421174     1.043484     0.003824
     0.473948     1.043069     0.003490
     0.526055     1.043071     0.003491
     0.578826     1.043483     0.003826
     0.630938     1.043153     0.004568
     0.683239     1.043133     0.005836
     0.735276     1.042775     0.007614
     0.787268     1.042812     0.009850
     0.840428     1.042528     0.012580
     0.892265     1.042445     0.014498
     0.946098     1.042579     0.013905
     0.998371     1.039682     0.011032
     0.003138     1.094472     0.006582
     0.054612     1.094439     0.007862
     0.107743     1.094272     0.007336
     0.159118     1.095069     0.005525
     0.211867     1.094587     0.004103
     0.263616     1.095316     0.003156
     0.316536     1.095006     0.002466
     0.368755     1.095257     0.002014
     0.421547     1.095001     0.001761
     0.473824     1.095251     0.001688
     0.526174     1.095250     0.001688
     0.578453     1.095004     0.001761
     0.631242     1.095258     0.002013
     0.683464     1.095007     0.002464
     0.736382     1.095316     0.003152
     0.788136     1.094589     0.004097
     0.840882     1.095071     0.005520
     0.892261     1.094264     0.007333
     0.945393     1.094433     0.007860
     0.996867     1.094467     0.006580
     0.000782     1.144964     0.002866
     0.053736     1.146021     0.003134
     0.106198     1.146532     0.002501
     0.158841     1.146975     0.001732
     0.211499     1.146957     0.001417
     0.263782     1.147077     0.001236
     0.316559     1.146900     0.001044
     0.368685     1.147153     0.000886
     0.421383     1.147136     0.000756
     0.473519     1.147211     0.000683
     0.526482     1.147211     0.000683
     0.578616     1.147136     0.000756
     0.631317     1.147154     0.000885
     0.683440     1.146902     0.001042
     0.736218     1.147077     0.001233
     0.788498     1.146959     0.001414
     0.841162     1.146972     0.001729
     0.893799     1.146539     0.002498
     0.946259     1.146028     0.003132
     0.999212     1.144971     0.002865
     0.001816     1.198333     0.001273
     0.053664     1.198181     0.001281
     0.106296     1.198327     0.001001
     0.158593     1.198661     0.000717
     0.211257     1.198710     0.000611
     0.263585     1.198982     0.000529
     0.316265     1.198936     0.000435
     0.368522     1.199067     0.000334
     0.421367     1.198974     0.000283
     0.473621     1.198993     0.000260
     0.526377     1.198993     0.000259
     0.578633     1.198975     0.000283
     0.631475     1.199067     0.000333
     0.683736     1.198937     0.000434
     0.736413     1.198983     0.000527
     0.788746     1.198708     0.000609
     0.841404     1.198662     0.000716
     0.893706     1.198325     0.000999
     0.946341     1.198177     0.001279
     0.998191     1.198328     0.001271
     0.000561     1.249607     0.000888
     0.053354     1.250244     0.000884
     0.105759     1.250460     0.000670
     0.158377     1.250689     0.000409
     0.210961     1.250777     0.000245
     0.263500     1.250803     0.000172
     0.316129     1.250848     0.000141
     0.368601     1.250861     0.000110
     0.421234     1.250907     0.000093
     0.473654     1.250945     0.000080
     0.526346     1.250945     0.000080
     0.578766     1.250907     0.000092
     0.631400     1.250861     0.000110
     0.683870     1.250848     0.000140
     0.736501     1.250802     0.000170
     0.789038     1.250779     0.000244
     0.841624     1.250688     0.000408
     0.894241     1.250461     0.000668
     0.946642     1.250249     0.000882
     0.999434     1.249614     0.000885
     0.000987     1.302172     0.000736
     0.053123     1.302113     0.000733
     0.105826     1.302284     0.000518
     0.158217     1.302412     0.000238
     0.210918     1.302516     0.000085
     0.263350     1.302661     0.000043
     0.316038     1.302688     0.000037
     0.368484     1.302745     0.000034
     0.421186     1.302719     0.000022
     0.473653     1.302712     0.000008
     0.526346     1.302711     0.000008
     0.578814     1.302720     0.000022
     0.631515     1.302746     0.000034
     0.683962     1.302689     0.000036
     0.736649     1.302662     0.000043
     0.789082     1.302515     0.000085
     0.841783     1.302412     0.000237
     0.894174     1.302283     0.000516
     0.946877     1.302111     0.000729
     0.999017     1.302168     0.000732
     0.000420     1.353952     0.000586
     0.053098     1.354255     0.000573
     0.105472     1.354333     0.000391
     0.158114     1.354463     0.000169
     0.210654     1.354512     0.000045
     0.263288     1.354528     0.000010
     0.315898     1.354561     0.000007
     0.368501     1.354565     0.000005
     0.421122     1.354596     0.000001
     0.473688     1.354614     0.000000
     0.526312     1.354614     0.000000
     0.578877     1.354596     0.000001
     0.631499     1.354565     0.000005
     0.684101     1.354561     0.000007
     0.736712     1.354528     0.000010
     0.789345     1.354513     0.000045
     0.841886     1.354462     0.000168
     0.894528     1.354334     0.000390
     0.946901     1.354256     0.000570
     0.999577     1.353954     0.000583
     0.000516     1.405997     0.000444
     0.052832     1.406125     0.000430
     0.105483     1.406214     0.000295
     0.157990     1.406214     0.000119
     0.210674     1.406287     0.000026
     0.263207     1.406328     0.000003
     0.315878     1.406365     0.000000
     0.368426     1.406381     0.000000
     0.421095     1.406383     0.000000
     0.473662     1.406375     0.000000
     0.526337     1.406375     0.000000
     0.578905     1.406383     0.000000
     0.631573     1.406381     0.000000
     0.684122     1.406365     0.000000
     0.736792     1.406328     0.000003
     0.789326     1.406287     0.000026
     0.842009     1.406214     0.000119
     0.894517     1.406214     0.000294
     0.947168     1.406124     0.000428
     0.999486     1.405995     0.000441
     0.000136     1.458133     0.000297
     0.052651     1.458236     0.000282
     0.105319     1.458177     0.000183
     0.157898     1.458217     0.000069
     0.210536     1.458216     0.000011
     0.263153     1.458222     0.000000
     0.315797     1.458226     0.000000
     0.368424     1.458229     0.000000
     0.421064     1.458233     0.000000
     0.473684     1.458236     0.000000
     0.526316     1.458236     0.000000
     0.578936     1.458233     0.000000
     0.631576     1.458229     0.000000
     0.684203     1.458226     0.000000
     0.736847     1.458223     0.000000
     0.789464     1.458216     0.000011
     0.842102     1.458217     0.000069
     0.894681     1.458177     0.000182
     0.947350     1.458235     0.000281
     0.999863     1.458133     0.000296
     0.000000     1.510000     0.000164
     0.052632     1.510000     0.000152
     0.105263     1.510000     0.000092
     0.157895     1.510000     0.000023
     0.210526     1.510000     0.000001
     0.263158     1.510000     0.000000
     0.315789     1.510000     0.000000
     0.368421     1.510000     0.000000
     0.421053     1.510000     0.000000
     0.473684     1.510000     0.000000
     0.526316     1.510000     0.000000
     0.578947     1.510000     0.000000
     0.631579     1.510000     0.000000
     0.684211     1.510000     0.000000
     0.736842     1.510000     0.000000
     0.789474     1.510000     0.000001
     0.842105     1.510000     0.000023
     0.894737     1.510000     0.000091
     0.947368     1.510000     0.000152
     1.000000     1.510000     0.000164
